1000341984
100051020
100053816
1000798291
100247371
100247850
1003060356
1009176066
1010271492
101094923
101099230
1013422328
101690346
1017290756
1018373238
101914671
101998029
1024094102
1026314035
102772485
1029083857
1031173693
1031188562
103223958
103246788
103436778
103482999
103658371
1044424398
104703401
104712041
1051227560
105367897
1054057267
1055208625
1060027062
106056234
106204943
106449930
106504911
106531857
1065320516
106533536
1065721946
1065933384
10664412
106652261
106660912
106678583
1066801676
1067143922
1068350887
1068770988
1069486704
106959218
10703
107146393
1072828093
107367156
1073881662
10752782
107537132
10755542
107674837
1076916151
1076946247
1077279511
1077398336
107747940
107778512
1077850658
107826295
107991131
108021761
1080306914
108069462
108090708
1083600288
108451303
108451640
108511039
1085339568
108571283
108660721
108667378
1087171
108746318
1089702870
1089942818
1090206325
109029249
1090637918
1090950385
1091151415
1092298711
1092326809
1092377130
1092564138
109350515
109509176
109509310
1095563516
109627648
109709725
1098083491
1098937358
109927499
109934878
109995803
110147594
110169083
1102610024
110277416
1102964101
110297709
110365785
110375177
110420616
11045122
110521905
110528050
110539278
110581612
1107484633
110755266
110781385
1108342915
1109067350
1109116542
110941699
111073922
111122062
111126175
1111324758
1111496370
11116312
1113007268
111354618
111372519
1113983916
11140312
111403130
1115053802
111585151
1117498620
1117717026
1117770745
1117856808
11179592
11190032
1120090117
1121028973
11213522
112207749
1122293898
1122557892
1122634170
112400176
11247222
112486110
112508739
1125628652
112705523
112781290
112814573
11289432
1129206217
1129857212
113022733
11308402
1131123974
113177215
1131932318
1132377396
1132497152
113280990
113369057
113390942
113410319
1134486056
11345912
1134665370
1135805053
1136106835
1136522773
113726458
1137292440
1137633156
113785888
113848677
113897359
1140120170
1141627460
114198864
1142120569
1143169700
11438462
114592800
114602310
114633761
1146967842
114706702
1147128066
114771140
114782468
114845234
1148800400
114929136
114954936
114974207
114986303
1150212572
115081726
1151160295
1151528815
1151641248
1152105936
11524672
1152639775
1154158434
1154366016
115556928
1155768524
1155879121
115592591
1156382491
1157287796
1160053518
1160294202
1160897492
1163351444
1168393712
117033575
1170925782
117191441
117372644
11739602
117507764
1177560290
1177922786
117966729
118076512
118230572
118448315
120210026
120347489
1205877378
1209733670
1213686517
1214100151
1216650444
1216794007
122263480
1222972782
1223256282
122427926
1225025778
1225879399
1226187522
122621656
123010857
1230585102
123077479
1237830972
1237844274
1238447220
1242537524
1242620792
1242970514
1242972204
1245133255
1245136651
1245167102
125240090
1257589022
126446600
126494089
1267248576
1268798912
126915373
1274725776
1276174411
127799485
1280712284
128183726
128435727
1287414692
1287719714
128891933
129929858
129963929
1300794678
1302962858
1305451382
1308035706
1309155631
131432025
131473151
131601358
131751295
1318039404
13185872
131870914
1319149958
1319615112
132072053
132132323
1322661030
132339220
132418208
1324438958
1328155381
133251329
1340178907
134073189
134531884
1345372998
13458062
1347291710
135184289
135228456
1352908501
1356357740
1357324506
1358277578
135901523
136002143
136352763
136704716
1369664810
13698602
1377673002
1380851436
1383620035
138404716
138463597
1384730142
13849232
1385347147
1386531
138688851
1387445905
1387533103
138766162
138771517
138798291
1388015383
138938942
1389493454
13895312
1389895872
139010765
139172366
1392814284
139331458
1393603976
1393704936
139417042
1395076646
139707166
139738464
139745694
139774225
1398262381
13982672
139932797
1400029272
1400618798
1402824210
1402890878
14031032
140310898
1403468232
14054999
140555788
140570159
140587710
140641561
14066656
1406785038
140691796
14075365
1407559375
14078468
14080017
1408210586
1408233085
14083718
140872924
140882462
14091245
1409168863
14092764
14097951
14104848
141118868
14115381
141155078
1412062452
14123181
14126376
1412771047
1412917706
1413053256
141307560
1413443995
14137105
14137656
14138486
14153106
14154188
14154491
14157221
141605349
1416078199
1416273570
14166469
1416737485
14170114
14173032
1418425418
14188906
1419310464
141935925
14194989
14196467
14196996
14199104
142026720
14204663
1420551
14207588
14216123
14217987
14223434
142296413
142304393
142333812
14235044
14236581
142371132
1423715634
14240170
14245981
14254499
14268878
142736908
142814024
142816837
142863244
14292717
1429587566
14296327
142964873
142975916
14300178
14303901
14304083
1430670998
1430782460
14313226
14318277
143184713
14318637
14328405
1433132808
1433246138
14333210
14336645
143427747
14351921
1435400204
143577017
143601713
143631692
1436715474
14370402
143773571
1439067241
14391599
143932795
14396972
1439741
14400739
14402027
144048788
14409512
14410741
1441617234
1442309252
14430990
14434070
14439685
14446488
14455553
1446933504
144696023
1447240867
14474538
1448127140
1448319049
1448368597
1449251635
1450167168
1450820108
14509420
14511820
1451247378
1451597324
14517411
14522779
14523403
1453265238
145598179
1457660365
1457768750
1458611258
1461292698
1469136235
14725500
1474408801
147508185
1478074399
148235071
1482646441
148336190
14872192
148833628
1491267198
1491465217
1491843300
1496306796
149832217
1499258754
1500032287
1511220121
1511297101
151149673
1511648245
151172618
1519766442
1522437042
152378571
15240587
15248550
152602170
15268284
15272121
15281391
152853206
15288529
1529145277
15292505
15296897
15312640
153221079
153323908
1533819234
153409186
15342903
1534330177
1534984520
1535451900
153561471
15356711
1536902682
15370019
1537573363
1537772438
153808462
153876973
154100114
1541359386
15415642
15415719
15419030
1542977101
15436563
154370973
15440121
1544227476
1544270486
1544295582
1544392183
1544541589
1544741402
1545125172
154535828
1546139108
1546201075
15463435
15470187
154726606
15475999
154762739
15481363
15483126
15485461
1549175816
15494936
1549642243
15499833
1550014584
1551242581
1551577134
15526523
1553456059
1553871637
1554027631
15548944
155517099
1556279456
155665034
15568127
1557751686
1557986515
1558163774
1558489578
15599095
15599949
1560019416
1560174734
1560440960
156061336
15606631
15613432
1561567694
15623806
15626067
156264985
15631264
1563243026
15633323
15633854
1563416582
156346780
1565751108
15660901
156620698
1566585578
156666281
15674202
1567730256
15677734
1567827828
156807394
156889125
15699248
15705567
1571165700
15711884
15730804
15731895
1573399940
157350383
15736517
157381525
15754281
15758618
15764136
15779125
15780597
15783627
15784327
1579309592
1579371308
15797425
15804837
1580631
15808764
15812482
15813904
15814918
1581782214
15823646
15823893
15827727
1583483839
15844512
1584552421
1586109433
15865896
1587217963
1587669835
158935145
15895656
15896829
15897179
15899320
15899990
15903074
1590526945
15909478
1590982405
15910452
159131559
159136516
15915843
1591766718
15930061
1593131269
15933674
1594697232
159513939
15953207
159573981
15966771
1596754406
15971805
1598416536
1599374790
160046780
160102655
1601272496
1601639071
1601683238
16018805
16018967
16020246
160225737
16023435
1602512792
1602700993
160279987
160298969
16030327
1603312736
16033537
160345288
16035845
16036427
1604205546
16049299
16052373
160566999
160625399
16062565
1606432256
1606567363
1606650590
160720531
16078238
16082873
16086765
16090559
16099291
16116457
1613944026
16153467
1616621804
161691111
1617382412
1618075195
1618536258
1623315883
1624212661
1627342080
16310371
163286443
1634650430
1635789708
1636479296
163648850
1637705388
1638070634
16382432
1638493381
1639278476
163950198
16397306
16399198
16400248
16400258
1640488326
1640681918
164106566
1641142615
1641148532
16418528
16419380
1642281883
16429510
16429977
1643123766
164316219
16436911
16437499
1644003026
16440354
1644155484
164421312
164425558
164516146
16456226
1646044446
164711361
16477308
16477920
1647883590
1648349564
1649141185
165019782
16502191
16503449
1650760016
1651102832
16515274
1651537652
1651814486
165271822
16529427
1654035020
1654232802
1654665031
1655500224
1655962526
165606471
16560857
16562217
1656333170
16563928
165642094
16566042
1656901128
1657124004
1657156992
1657808011
1658312030
1658660360
1659329210
16595597
16598957
1660104246
166131787
166190606
166223127
1662485388
1662549834
166370026
16640997
16643099
1665125166
1665476762
1665531258
1665533324
166569708
166597717
1666651962
16670072
16672365
166784726
1668315384
1668830792
1669753620
1669934971
16701881
167041862
16711035
1671133790
1671386252
16717239
1672120591
167225737
16732770
1673325630
1673759461
1673766146
16738962
1674157290
1674206448
1674954721
1675093633
167543626
16755855
1677808164
16781924
16789555
16791749
1679201
167957154
168002716
1680182820
1680622674
16806253
16808381
1680878562
1681353590
1681757131
16827489
16847211
168474808
1686109400
168640257
168668045
1686785360
1686872700
1687215439
1687238450
168744961
1688577464
168860481
16888420
16888592
169001534
16900850
169011773
16903123
1690357584
16906964
16906983
1690935882
1690994840
16910198
16910944
16913770
1691499066
169186352
1691951420
169212615
1692174140
169219092
169406388
16941166
1694170675
1694393618
1694722513
1694863603
16952663
16954951
169642818
1698561
16991109
16995129
16998527
169999235
17001831
17004267
170141017
17017393
17018770
17033727
17034942
17049899
1705758318
17061648
17067017
17071427
17075551
170774254
1708201112
1708603771
170886795
170899426
170918588
1710120552
171057177
17108251
1710851520
17113940
1711424268
171164646
1711713978
17118062
1712652907
1713799056
1716968124
171792377
172074970
1722978956
17262905
1727523600
1728986324
173192180
1734045566
173517318
17374916
174090771
174648859
17469874
17541022
176232990
17644534
176896839
1769191
17712324
177218599
177239631
17730966
17740469
177501311
17751376
17756294
17760085
17766309
17771923
17776083
17780244
17790265
177915812
17800536
178026053
178080399
17811812
17813980
17841130
178451110
178469077
1784841
17854610
178576567
1786566690
17871189
17871814
178865227
179093585
17913
17915170
179231594
17927731
179334019
179416879
179422617
179571631
17964748
17967474
17991579
179932277
17996546
17996917
179974209
180011410
18004416
180090916
180160540
180191475
180264599
180274551
180317088
18034541
180369692
18044548
180473434
18059424
180750151
180769635
18083070
180926793
18094952
181018024
1810191
181044175
181131292
18113859
181187043
18121293
181264319
18132479
18149465
18153540
18164214
18164662
181701094
18172180
181778735
181827652
18189134
182198749
18223590
182284285
18229276
182302809
182365417
182440063
18250490
18255702
18266569
18280898
182821543
182976148
18300176
183018648
18309856
1832181
183235084
183294525
1833020461
183325108
1833262453
183340103
18359194
183628010
18363768
183638977
183695038
18370721
18378349
1838451102
18393971
183972338
18408757
18413616
1842216931
184345490
184412200
184461929
184478757
18450947
18453099
18455693
184599763
184649744
1846671614
184881902
18496526
18496787
1850041968
18503214
18505118
18511378
185121685
1851838580
1852146182
1852403088
185310946
18544864
18548412
1854900966
18560146
18561874
185622716
185680769
18574762
1858669386
18586789
18587683
18590697
18601443
186019376
18604926
1860703771
186143353
186211512
1862290814
18636529
186453670
1865237108
186533014
186557997
186571954
18663561
186716200
1867474032
186886728
186917369
1869471378
18702575
18703437
187052290
1871555485
187180501
1872313952
1872948626
1877544272
18777531
188709399
1887364201
1891949672
189544927
1896496584
18972333
189724931
1898991361
1902841321
19047562
190499285
1907308274
1908798037
1910475949
191116023
19119868
1912247684
1912269505
1912611164
1912629666
1912988234
1913040703
1913143909
1914405073
1914957528
191607589
191756760
19191086
191953597
19203981
192116412
192128433
19238694
192483951
1928698472
1930762644
1931215832
193339198
1936251463
193772643
194253876
1943699911
1945343754
1949330502
195027229
1952101370
1955226128
1961528622
196214194
1962290364
19626316
196618735
1966196844
196735001
197354827
19787235
1978986000
1979190776
19793189
197934198
198107311
198132636
198141074
198423421
19859925
19865053
19878175
19882911
19887362
19888497
19897450
19898168
19899344
19904041
199493444
199620260
19962813
19985494
199930831
199964842
19999532
20006310
200220254
200437129
20044328
200590140
200641413
200781183
20088161
20094133
20094745
20097362
200998116
20106796
20114089
201221109
201272132
201296379
201320899
201471331
20149508
20159497
201650805
201768863
201891203
20218638
20230811
202411176
202433102
202450737
202490744
202773444
20281353
20331665
20335802
20353339
20361168
203652149
203831076
203865381
20387053
203909362
203981235
204010235
20402945
204319668
20446234
20449296
20458407
20461206
204616970
20461878
204774062
204803220
20482533
20503926
20520010
20530398
205305398
205390160
205516699
20560532
20562637
20600091
206008144
20604418
20611469
20627434
20635779
20642473
20662938
206698529
206703487
206961463
207141071
20715279
20715638
207167245
207271383
20742461
20749124
20752208
207576960
207623721
20779973
20792048
20799724
20811982
208220007
20857912
20859926
20867110
20868465
208708786
208725869
208871827
208948876
20907029
2090831
209208144
209229777
2092801
20944292
209479051
209519028
20965826
20976277
209907837
209926087
210021195
21029359
21045893
210506986
21066583
21077779
21084137
210855604
210975338
21106898
211195171
21124751
21125765
21131246
21135401
211354013
21137952
211493343
21150871
21152643
211744108
21179676
211797887
211960894
212054684
21215585
21217761
21226307
21233042
212371291
212531237
212671409
212848672
21311577
213118052
21328656
21329777
21334600
213393774
21354868
213636132
21374267
213910041
214093107
214103248
21414636
21418386
214321318
214577856
21463400
214878307
2148982686
2149343617
2150446242
2150919040
2152209938
2154322059
21551562
2155880626
21574487
2166358015
21669729
216896061
2170945219
2173313856
2173321962
2173444106
2175454176
2177000909
2181768579
2183071524
21832807
2186649973
21875100
2189531122
2190143597
219023150
2190817310
219135797
2192832680
2194995535
2195446502
219915210
219917124
219921472
220368940
22058599
220853429
2208876907
2210676176
2219662940
222002799
2221899428
2224305619
222454002
222866446
2228761844
2228915527
2229120336
222915347
2232691961
2233072141
2237180571
22382549
2242040507
2242632440
2242782582
2244377373
2250082242
225361824
2253820824
2253973208
2255690023
2256590469
2256809628
2259214387
2264475535
2266476822
22703252
2270950898
2273092122
227391663
2279385764
2279669899
228024813
228048565
228174387
2281876218
2281903298
2282347955
2282815632
2282911196
2282938550
2282985871
2283469135
22836078
22836731
2283725580
2283770768
2283792517
2283967116
2284177117
2284233674
228426881
22843816
2284410782
2284925329
2285388840
228596812
2285996066
2286097290
2286145784
228659418
22872090
2288213054
2288308578
228942211
228977783
2289928868
2290013978
2290053787
2290157628
2291369929
2291916680
2292278509
2292306594
2292381120
229246395
2292474146
229304670
2293268041
229334302
2293409366
2293869896
2293929182
22942221
2294322488
2294538244
2294767639
2294809898
22949704
2295050682
2295265483
229527586
2295316730
22960783
2296454820
2296455499
22973560
2298393194
229862784
2298683930
2299216254
22993439
23003750
2300497376
23006271
2301302630
2301682675
2301734311
2302111766
2302598977
23028301
2303053614
2303227225
2303262378
230328384
2303324330
230487852
2304907856
2305140048
2305339123
230560242
2305700455
23059499
230609065
230617586
2306323566
23064291
23065897
23066382
230714181
2307248647
2307408912
2307579512
2307590563
2307660800
23076722
23078191
2308288992
2308957656
23093161
2309324743
2309346271
2309622164
2309633139
23100499
2310145046
2310394014
2311103413
231113977
2311328749
2311564776
23119593
23121787
23127479
2312902755
23131068
2313164726
23132353
231334203
2313858296
231401935
231429368
2314804225
231488894
2315058284
2315701628
2316426331
2317188409
2317833127
2317861
231875653
2319092342
231932324
2319599660
2319600132
2320084326
2320177431
2320715079
2320863031
23211548
2321168600
232148063
2321952977
23221109
232245022
2322896282
2322968462
232368724
2323978611
2324186654
2324484288
2324872644
232489093
23249152
23250378
232541824
2325528554
2325963542
23267296
2327389392
23274830
2327500422
23281856
232825953
2328320736
232846046
2329595875
2330574487
2330576996
2331387967
233159167
23319704
2332161560
2332331
2332557906
2332710751
23328720
2333547493
2333848794
2334225048
2334410965
2334614718
2335119450
2335651058
233566291
233566392
23359324
2336262456
233719140
2338391330
2338660974
233886250
2339595667
2339874805
23400557
2340901944
234093628
2341038491
2341281566
2341445778
2341543052
2341555717
23420231
2342215530
23422289
2342591485
2342763212
234286959
2344099808
2345688224
2346435857
235103073
2351087548
2352393786
2352475107
2356608396
235782154
2357835411
23579114
2358951835
2359012975
2359079630
2359276710
2359541785
2359835198
2359995607
2360160565
236023163
2360727146
2361631088
2362218026
2362277231
2362527343
23633168
2363899184
2363914387
2364176718
2364495792
2364620886
2364647238
2364833484
2364889134
2364996882
236518570
236520510
23656286
236621887
2366303634
23664028
2366528114
23665498
236657131
2366712906
236736461
23676481
236781415
2368238768
236837716
2368473499
2368561645
2368644422
2368646796
2368653884
2368708777
2369671345
2370520826
2370604700
2370790308
2371001545
237194480
2371952437
2372014244
2372142708
2373813025
2373819572
2373917736
2374431642
2375209134
2375531893
237591901
2376044678
2376276701
2376617646
23772501
2377610046
2377878774
2378009360
2378021762
237811212
2378437520
2378922607
237897164
23792255
2379261727
23795438
237994971
23799829
2380026102
2380959451
2381081863
23822194
2383107852
23831679
2383634756
2383861202
2383954135
2384054461
238411032
2384414844
2385390958
2385802502
2385812455
2385851994
2385944899
2385964938
238611868
2387580032
238794607
2387980848
2388244850
23892467
238984945
23898700
239080208
2391736411
2391838117
2392077660
2392142848
239252744
239272278
2393522197
239409713
23941264
239502840
239503825
2395258519
23954327
2395496006
2395720782
23960081
23960577
239676378
2396868726
2396930972
2396946128
2396956585
2397183462
2397975692
2398137084
2398532839
239859609
2398611962
23989691
2399059885
2399167872
239927143
2399276167
2399391152
239965012
239988206
2400182023
2400287502
240033834
2400446299
2400562693
2400623552
2400659725
2400660738
2400660865
2400660866
2400672030
2400680798
240078196
2400796212
2400850934
24009518
240132390
2401334202
2401412865
2401674578
2401855436
2401860379
24018964
2401925442
2402080519
2402118709
2402200124
2402297742
2402299068
24032908
2405169193
2405531310
2406373477
240665760
240668545
2407047744
2407202768
2407879965
2408257543
240884214
2409150423
2409190063
2409280952
2409407250
2409554736
2409868841
2409880393
2410115000
2410182475
2410377518
2410537920
2410926990
2411148931
2411179556
2411432808
2411747682
2412042577
2412634076
2412639362
2412730873
2412746016
2412796920
2412883938
241318160
2413187234
241369263
2414457033
241523710
2417047460
2419072436
2419162136
2419579272
2420403630
2422473055
2422847149
242409977
242514510
2425827174
2426967902
2427545881
2428767074
24290529
2429963622
2431070545
2431719672
2431961048
2432151654
243458545
2436007350
243692482
2437409082
2437521018
2437791498
2438102336
2438171089
2438175036
2438985660
2439108662
2439118550
24393453
2439616127
2441513833
244276827
2442915690
2443529899
2445382134
244643607
24496296
2450873125
24515114
2451960937
2452085245
2453500478
2453519580
245385426
245415373
245443142
245474076
245475764
24548153
2455455469
2455521374
24555633
2455582309
2455667970
245573727
2455775754
2456669281
2456790793
2456842640
2456850254
2456975454
2457683245
2457964562
2458526280
2458947588
2459430642
24594836
2459571376
24597371
2459975844
246004001
246022217
2460625332
24609836
2461060634
246134345
2461556142
2462004968
2462213766
2462455410
2462462756
246248928
246305484
2463072158
2463104724
2463228727
2463334585
2463599114
2463896228
2464284763
24644077
24647967
2464820323
24648540
2465173178
2465342224
2466340982
2466378638
2467183502
246755213
2467570944
24680689
2468326928
246840917
2468579760
2468861929
2469081656
2469554742
2469618031
2469753530
246994032
24707450
2471065578
2471368838
2471488147
2471568095
2471694301
247189273
247244120
2473022154
2473178701
2473612292
2473707013
2473777394
2473887530
2475368160
2475452082
2475510223
24760517
247609940
2476697511
2476699856
2477343000
24774891
2477717754
2478778274
247879993
247901684
247946309
2480013318
2480304128
248041676
2480426739
24806770
2481436988
248192138
24820841
2482461865
2482558771
2482710715
2482721760
248272685
2483111029
2483387676
248401870
2484223800
2484513824
248521583
2486201048
248669533
248749158
248757305
2487699798
2487791838
24878404
24887103
2489802084
2489844007
2490218822
2490493993
24915873
2491897104
24919054
249210112
24925062
2492554861
249260397
2492929303
2494359720
2494359786
249536939
2495542669
2497045194
2498923952
249983542
249987722
25011487
250167108
2501925036
25025409
250264073
250289285
2502970082
250329277
250362250
2503824883
250414132
2504376781
2504382138
2504700992
2504784162
250508018
2506244605
25067316
250678134
250697732
25070854
250758475
2507760356
2508206575
2508603037
250906472
2509693291
25102465
2510365729
2510773195
251092819
2511039841
251155741
2511569358
2511668075
2511710706
25119298
251227559
251247488
2512758919
251277277
2512910989
251313049
2513161543
251394107
2514658908
2515233745
25152529
25163231
25164584
2517495275
25178913
251798248
25183974
25185828
2518678284
25189497
25191678
25194649
2520529320
2520719083
2520888308
252130524
252259640
2522665776
2523014592
2523323238
2523375564
252370778
2524684585
2525106410
2525132424
2525155513
2525579803
2525728387
2525892205
252683452
2526921303
2527494464
2527511184
2527525842
252760592
2527694118
2528210756
2528316613
253079875
253138309
2531395935
253187310
2531910115
253241788
253255575
253301940
253332403
2533540607
253381224
253389132
25339960
2534059742
253489979
25349131
2534936455
2535035347
253648668
253668565
2537928414
2538113785
2538220560
2538345852
253880375
253893808
253940916
2540341910
2540357948
2540631683
2540665153
254136706
2541836847
254228322
254232727
2542409156
2542419188
25427351
2542965060
2543163594
2543505635
2544050054
2544607466
254463619
25449897
2545034461
254507476
2545125114
2545879628
2546184290
25464068
2546418334
2546466973
254757305
2547900470
2548034736
2548359631
2548497230
2548536121
2548726322
2548751058
2548901492
2548928244
2549045412
254908062
2549729340
2549838144
2551034112
2551157887
2551184467
2552215742
255249826
2552620560
2554107798
25550315
2555299742
255602661
255659267
2556616177
2557515984
255870366
2558751406
255996385
256049581
256053691
2561036511
2561384380
2561724956
256191160
256210707
2563006992
2564014766
2564497490
256473986
2565400531
2565763686
2566231
2567396185
256747484
2567518027
256849102
25690420
25691224
2569229846
256975314
2570233256
25704389
2570479190
25709609
257111338
257211283
257216240
257262998
257354839
25738286
2574112584
2574533905
2575097197
2575101426
2575278446
25762392
257642282
25770215
2577142261
2577380516
257783682
257805760
2578397680
2578508990
2578713297
257882984
2578882844
2579477766
2580713054
258079573
25811424
25812544
258245376
25827743
25828527
2582880452
2582977038
258301734
2584347619
2584594087
2584946731
2585824092
258612274
2586336806
2586766170
2586929299
258697896
2587167787
2588872442
25892484
2590153081
2590325786
2590679485
2592102157
2593913372
2594552383
25948016
259503793
259524830
2595519847
259554796
2595809328
25959084
2596288916
2596729729
259725229
2597920868
259856497
2599740468
2600389056
260040795
260230547
2602319564
2603480221
260367515
260380754
2604272648
26046662
260498019
2605103118
2605228134
260559365
260613249
260727627
26073686
2607393547
26081881
2609555142
261024504
2610865814
26118942
261241914
26124840
261291238
26129197
2613009216
2613066125
261354507
2614833720
2615738922
2617032362
261705971
261890913
262051212
26226083
262763182
2627732063
2628581501
262864727
263196028
263197731
26332523
263333330
2633998622
26343724
26344853
263451681
2634595313
26346843
26352497
2635736070
2635765061
263588145
26382961
263873737
26398257
26403923
2640871229
264306244
264339465
2643714854
2645926794
2646167641
2646363731
2646419491
2646506552
26468371
264776921
2648011604
264879133
2649921242
265066062
2651296183
2651596849
2651957568
26523456
2652571122
2653340342
2654379788
2654488459
26551895
265531144
2655415370
2655537037
26559854
2656800877
26574283
2658228342
26583295
26603208
266064878
2660937485
26615981
266227773
2662641964
2663858912
266388355
2664741942
266589610
2666696816
2667085321
266799789
26688218
2669342527
2669654874
2669831612
26705006
2670805544
267149304
2672633273
267310661
2674073474
267440917
2674468639
2675160769
2676307559
2676365359
2676667780
2677452439
26775476
2678090893
26783635
2679081186
267915933
2679252953
2679595944
268006481
26819104
26834741
2684011837
2684102142
2684257742
26849804
2685475296
2686717118
2686999627
2687024280
26879053
26880763
268844094
2688470512
2688752912
268918358
2689484828
268968043
2689791589
26899532
2690034624
269023982
2690268277
2690366960
2690573503
2690637547
2690844691
269112578
2692801200
2693030316
2694089544
2694362532
2694624362
2694667118
2695130088
2695590798
2695900904
2696291723
2696585702
2696858983
2696867125
269739792
2697672109
2698744388
2699184302
2699557074
26996604
2700388194
27003970
2700579980
2700887940
2701436990
2701730386
2701881606
2702066216
27020814
2704116511
270430076
2704548373
2704878828
2705052577
27052903
270583374
2706704724
2706805214
270765046
2709162661
27095215
270973524
2710007677
271002958
271044012
2710449174
2710595881
271066612
271138078
2711820565
2712102060
271211220
271407856
2714725650
2714951604
2714985810
2715296426
2715475950
2715646770
2716115986
271618423
27162339
2717369596
2718047459
2718412046
2720144785
272015828
2720194842
2720373876
272125054
272190572
2722167346
27223236
2722428187
2722445753
272357654
2723963928
2724566275
272487947
272651307
272713117
2727810595
2728351528
2728466411
27292932
2730068359
2730423494
2730855593
2731385984
2731461450
2732404158
2732425088
2732498090
273324357
2734541133
273488220
2736692525
2737000846
273751768
273782006
2737866306
2737884906
2737924896
2737932518
2737935543
2738008709
273815250
27388879
2739664102
2739939143
2740260184
2740997575
2741216925
2741343766
2741618163
2742137299
2742601103
2742811787
2742976164
2743231262
2743641378
2745037340
2745319394
2746098123
2746783650
2746969724
274714964
2747470161
2747489104
2747494989
2747965469
2747971606
274799493
2748093345
2748148485
2748155812
274818467
2748195599
2748404902
2748514632
2749066330
2749335470
2750381484
275099779
2751069308
2751401285
2751434583
2751522741
2751570691
2751697954
2751859367
2751875266
275193933
2751985870
2752151386
275219058
275225477
2752429100
2752655409
27527479
2752838548
275287237
2752943262
2753021865
2753105891
2753157184
2753359816
2753366982
2753470001
2753743832
2753769126
2753931748
2754005165
2754013260
2754145595
2754286829
2754345013
2754384606
2754704239
275483015
2754903685
2754939262
2755560479
2755652879
2756236915
275667670
2757042696
2757062206
2757273835
2757585947
2757874028
2757875410
2757905333
2757921034
2757946642
2758506003
275853171
2758631901
2758896709
2759081421
27591389
2759268059
2759523124
2759528765
2759559855
2759571197
2760168414
2760789090
276092722
2760954021
2760998489
2761029387
2761159025
276116689
2761301599
2761566520
2761627090
2761692579
2761803166
2761869095
27618790
2762095863
2762581378
2762600143
2763049793
2763405666
2763619041
2763744887
2763765574
2764213012
276430405
2764654502
2764739508
276526458
276542059
2765612307
2766655544
2766750513
2766850749
2767022806
276744293
27675912
2767760025
2767864042
2768031393
2768328851
2768339684
2768340677
2769064265
27701617
277057449
2770793447
2770913916
2771271805
2771688201
277196261
2772010364
2772434783
277278681
2772806603
2773032194
2773333696
27734496
2773514064
2773572122
2773586200
2773782064
2774014354
2774103701
2774522409
2775242860
277593602
277615784
2777126336
27771267
2777517155
277761773
2778809762
2779181841
2780358771
2780422823
27807511
27809806
2781274019
2781274037
2781550178
2781688927
2782383031
2782423738
2782631841
2782809425
2782855584
27828974
2782953538
2783037267
2783160077
2783181857
2783264465
2783502065
2783590941
2784114364
278481102
2784858647
278550556
2786634639
2788089604
2788252959
2789558473
2791490197
2792683181
27943537
2795260984
2796004904
2796186319
27963580
2796938558
2797692208
2797977023
2798063957
27980718
2798116831
2798460002
2799004307
27990259
2799831586
2799908841
2800517383
2800636430
2800874294
2801152221
280121251
28012198
2801252052
2801334731
28017869
2801852427
2803120956
280344907
28038974
2804870168
2805252240
280558949
280571157
28058517
2806072825
2806294664
2806701612
280702508
2808536924
2808592141
28093810
2809549948
280958964
2810017692
28100576
28101344
2812233932
28125318
2813095044
281313723
2813273409
2813551386
2813708366
28140646
2814556046
2814888799
2815034223
281510849
281588463
2815979137
2816170303
2816368402
281709557
281722728
2817802327
281792077
2817966517
2818012008
2818198537
2818424798
2818760479
2818985232
2819222150
2819256792
2819345568
28193522
281936245
28194234
2820904840
2821040771
282110907
2821693875
282184281
28221389
2823147779
282328282
2823763911
28240696
282408091
2824195923
2825270328
2825592168
2825725176
2825810342
28263739
2826416593
2827442674
2828138603
2829110161
2829188338
2829228660
2829978621
283006942
283011482
283013686
283013723
283015611
2830248666
2830318542
2830612752
283080534
2830849059
28308601
28310621
283128344
28314890
28318224
2831880181
28319725
2832329091
2832389414
283241032
2832985188
28337762
2833860960
2834540639
2834846529
28348892
2835569081
2835609932
2836340116
283640200
2836786556
28372030
2837841
2837853418
28384075
2838698624
2838838706
2839499103
283969398
2839975129
2840105555
2840108709
2840319232
2841194833
284174585
284175705
28420503
2842461837
28425090
2842835597
2842852898
284335003
2844521283
2844914504
2845596542
2846650551
28466765
2847020799
2847161165
284807200
2848277432
2848738900
2849030764
2849131247
2849226865
284924970
2849303743
285187223
2854353304
2854409105
2854464303
2855225480
2857271917
285738285
2857606888
28580721
2858155822
2858296711
28583024
285837918
2858533652
2858949710
2859632761
28600400
2860263182
2860357159
2861332062
2861448539
2861661918
28618520
2862404920
2862758476
2862909478
2863019401
2863026998
286338499
28635899
286387322
2864122576
2864127489
2864193298
2864263065
286427074
2864524709
2864841
2865193072
2866567743
28681356
2868507450
2868581008
28685837
2868607519
2868611330
2868637465
2868662624
286872188
2869523024
2869897174
2870013348
287024804
2871177111
2871280679
2871330699
2872365302
2872500201
2873351923
2873651633
28740020
2874279502
287441095
2874615120
287475728
2875221034
2875640336
2875715945
2875909930
2875918409
28759529
28769199
2877372429
2877450791
2877539236
2878048029
287879956
2878812535
2879022646
287910843
2879313322
2879418187
287966215
2879696643
2880143019
2880175250
28806690
28807892
28808824
2880923742
2881053923
2881595931
288201615
2882124578
2882296660
288236378
2882487301
2882523994
288286101
28838306
2883878790
2883907999
288458829
2885627313
2885921638
28864402
2886530201
288662660
2887130764
288735964
2887846883
2887970644
288809146
288838354
288853384
2888583159
2888647905
2888729354
2888882327
2889314461
2889400523
28894912
288976406
2890121678
2890462752
2890886290
289104912
2891432198
28917096
28918980
2892124390
28924498
2892739733
2893115784
2893263672
2893407839
289358443
2894661046
2894682249
2894684459
2894753961
28948757
2894904195
2894951969
2895102496
2895127227
2895264155
2895270117
2895276587
2895312591
2895334426
2895378118
2895410333
2895468695
2895481527
289556231
28957146
2895774329
2895871967
2895887071
2895997468
2896027103
2896223349
2896551845
2896554999
2896686750
2896688650
2896715760
2896820183
2896878255
2896958137
2897001791
2897043226
2897388736
2897414919
2897498647
2898153623
2898683149
2899349947
2900363608
2901688068
29017307
2901994238
2902216326
290226517
2902424509
2902774861
2902900528
2903110151
2903393603
2903602481
2903843159
2903922715
2903925174
2904324205
2904610481
2904738758
2904875196
2905513117
2906137317
2906171831
2906192758
2906223347
2906295467
2906388592
2906524116
290779306
2908494810
2908767713
2909445154
2909918785
2911885811
2912216009
29124904
291268891
2912696701
2912801554
2912967347
291299535
2913023527
2913120641
2913293965
2913792015
2914020275
291492488
2915103594
2915391
291540181
29157032
2915888235
2916118567
2916173338
2916901280
2917783564
2917972925
29181480
2918182324
2918661810
2919412410
2919553592
291986334
2919947825
2920939150
29209753
2921811167
29222489
2922609218
29226134
292286168
29230762
2923104005
29231326
2923161125
2923500113
292405607
2924234608
29242491
2924850350
2925013574
2925204334
2925733264
2926058954
2926070175
2926170580
2926570420
2927856869
29285140
292877399
29289697
2928995946
29290940
2929317525
2930247594
2930702608
293083633
2930996543
293110894
293123468
2931656797
2931812209
2932226030
2932779530
2932880722
2932907118
2932907558
293327665
2933447393
2933662668
2934024528
2934024822
2934388879
2935288546
293587968
293607250
2936372021
2936525995
2937336541
29375809
2937820688
2938444750
2938827164
29393538
2939412915
2939564188
2939615706
29396367
29397717
2940515139
294058898
2941709920
2941745561
294176860
2942363856
29430392
2943221352
2943995133
2944118763
2944672779
2945111705
2945741329
2945842414
294588244
2945948723
2946088539
294628573
2946586270
294682872
2946940267
2947838270
294827421
2948939596
2948948134
294909683
2949540428
2949769866
2950085505
29501977
29504693
2950525649
2950610231
2950905753
2951353539
2952217727
2952523855
295297582
295299583
295321475
2953235656
295323955
2953644715
295378743
2954077742
29549346
2955102130
2955315800
2955850338
2955948857
2956151597
2956204705
2956577273
2956974718
2957004662
2957148178
2957427207
295748256
2957837847
2958998054
2959022360
2959516385
2959674567
2959912997
2959953213
296044169
2961437163
2962014020
2962403549
29625853
2962676963
2963068144
2963643124
2964139325
2964287876
2964338381
2964825093
2965615035
2965859399
2966126181
2966251421
2966336068
29664767
2966532928
296669973
296678150
2966871064
2967484848
2967952540
2968256134
2968345306
2968704831
2968774931
29688506
29690957
2969795547
297073869
2972029678
2972089007
2972381183
2972643077
2972708349
29733456
2973733708
29737876
2973969299
2974027611
2974359524
29748372
2974994107
2975636633
2975657029
2976588863
2976985763
2977074605
2977715787
297817296
2978197036
2978677919
2979018684
29807233
2981468729
2981650768
2983182948
2985147995
2985818862
2985994207
2986127574
2986202697
2986554041
2986830747
2987221864
298750764
2987537122
29881129
2988160240
2988319425
2988389211
298855179
2988814102
2988838710
2989228959
29902890
2990581845
2990706009
2991114906
2991256428
299126098
2991665893
2991811304
29918851
2992395456
2992541996
2992644738
29927236
2992745492
2992873959
2993102848
2993364218
2993865607
2993933638
299413616
2994250347
2994703007
2995149023
2995207962
299533547
2996249651
299648983
2996533452
2997013028
299719194
2997341832
2997350589
2997560252
29975705
2997737550
2998159793
29982596
299891017
2998925995
2999089050
299922584
299927065
299943599
2999632161
2999658401
2999671493
2999672518
2999735888
2999752275
2999804950
3000333854
3001066492
3001224159
30012714
3001424818
3001519846
300168060
3001740176
3002177991
3002257200
30037115
3003715275
3004287344
30043148
300445238
3004634733
3005008357
300552097
3005559517
3005561524
3005585554
3006987760
3007606706
3007704313
3007717426
3008474196
3009051754
3009737592
3009834576
3009959927
3010556565
3010787888
3010830781
3010908387
3011436775
30117375
3011838473
3011948198
3012120908
3012259603
3012290335
3012312726
3012365887
3012421710
3012483408
30125820
3012785832
3013639482
3013702747
3013742022
30149549
30153408
3015990442
3016291360
301634641
3016441887
3016858651
3016942783
3016956552
30173997
3017626887
3017654325
3018224861
3018403763
3018432442
3018483817
3018560073
3018582674
3018613917
3018649941
3018821163
3018836009
301886330
3018902747
3019343434
3020526765
3020799321
3021427530
3022402687
3022605750
3022631144
3022654150
3022668393
3022827193
3022890488
3022899373
3023249609
3023256251
302391356
3024207885
302427757
3024441062
302545862
3025518377
3025558504
3026042213
3026074612
3026077581
3026867540
3026919566
3026933991
3026967052
3027295576
3027489642
3027622940
3027639102
3028247079
3028444873
3028535478
3028825912
30290778
3029090631
3029261397
303036121
3031103723
3031254774
30313177
3031647662
3031744285
3032126557
3032706416
3033433837
303427354
3035200615
3035279093
3035585601
3035611657
3035737845
303578203
3036180362
3036753479
303772975
3038328128
3038374536
3038711892
303922539
3039494043
3040077688
30403294
3040808631
3040812333
3040832363
3040848382
3040921276
3041206240
3041358687
3041486088
3041595508
3041863823
3041970010
3042009117
304202454
30422978
3042440150
3042635176
3042664257
3042813910
3043156651
3043511985
304356498
3044159284
3044198697
3044273303
30442966
3044490672
3044529788
30445481
3044608948
3044628026
3044778093
3044829646
3044834896
3044942500
3045033325
3045286097
304555553
3045567961
30459533
3045961471
3046019987
3046566802
3046572604
3046831313
3047198523
3047606012
3047860501
30481241
3048189131
3048219473
30484317
3049256162
3049639986
3050179983
3050832777
3051468815
30516537
305165567
3051829922
3052474975
3052509402
3052746715
3052830904
3052858535
3052942102
3053032687
3053049102
3053256622
305353124
3054004326
3054124897
3054135146
3054346369
3054535009
3054665809
3054789802
3054989192
3055154484
3055162358
305518813
3055244494
3055641318
3055756890
3056150047
3056295511
3056385843
3056656498
3057079111
3057210684
3057684163
3057711856
3057985035
3058013994
3058186108
3058968259
3059166913
3059460092
3059654592
3059703112
3060638324
3061561240
3061698116
3062071730
3062422988
3062926500
3062949434
3062992753
3063353547
3063418949
3063435742
306351850
3063612531
3063676109
3064034008
306417795
3064205498
306425814
3064388656
3064522883
3064602902
3064653303
3064724363
3064740049
3065504426
3065668404
3065856747
3065962522
3066071951
3066198028
3066380613
3066383458
3066445547
3066545500
3066792748
3067059263
3067072911
3067278520
3067358270
3067494227
3067648583
3067720541
3068347785
30684067
3068860881
3069051065
3069142294
3069250429
3069411875
3069536866
3070340824
3071058501
3071524862
3071658298
3071692525
307204410
3072152304
3072211288
3072531730
3073241957
3073279172
3073962759
307478985
3077077758
30773225
3077465792
3078352834
307843837
3078586216
3078638267
307871413
30788083
3079031285
3079064989
307942295
3079478038
307975071
3079817915
30805136
308058864
3080878647
3081410231
30818980
3082024021
3082790277
30828508
3082934086
3083269819
3083690092
30840354
3085730878
308574348
3085902207
3088545041
3089755275
3090108215
3090935675
30916493
3091880403
3091884801
3092520322
3093018580
309366300
3093709537
30940468
30951174
309549093
309652045
309656214
3096692083
30967395
3097246500
3097833651
3098240400
30983067
309835853
309964130
309976660
3099941031
31001654
3100250551
3100688674
3101648834
3101996487
3102828188
310312316
31050510
310511470
31057364
310584772
3105907831
310604241
310631621
31064488
3107797455
3108351
311040881
31109373
311119739
311234209
3112422220
311243254
311377783
31160623
31190682
312099824
3121305341
31214838
3121639449
312169321
312171443
312280698
312286721
31236444
31243317
312664499
312697462
312785410
312814247
312889696
312917490
313045934
31304811
31337460
313506882
313525664
313580985
31382611
314005753
314061974
314071212
31425124
314295655
31464331
314695175
31473466
314768563
314835924
315520146
315709366
315858046
315977587
316006002
316316085
316319018
316380308
316439235
31651673
31662943
316711072
3168141
31698968
317450972
317714245
31800110
318171818
318247452
318393064
318449995
318764599
319209422
319273161
320294007
320430140
320886225
32103418
321322492
321692995
322054650
322080303
32227044
322281109
322390406
32248259
322687937
322716781
322768304
32290293
32293243
322963627
323092381
32345912
323485909
32362720
323638636
323749191
323778340
323805832
32389968
324004246
32443478
324489515
32451071
32462168
32463098
32469741
324910156
32499514
324995389
325043962
32511724
325164128
32520091
32527206
325804108
32602390
326046765
326315947
32639483
326404886
32656210
32658701
326676623
32700250
327055244
327148143
32751755
327522764
32757099
327659422
327760303
32778531
328206816
32860471
328622509
328741551
32879813
32906830
329154064
3291691
32947008
32975846
329838136
33011389
330116742
330129840
330283150
330404529
33044955
330645768
330841300
33095536
33098114
3312671
33172071
33211061
33410752
334217279
334231131
335611925
336689859
33774502
338253628
339271595
339499106
340375348
343184174
343303549
343716150
34404430
34424004
344293472
34461542
345146685
345938923
34702087
34730093
348299646
34878666
34956482
349574943
34987153
35049935
353934111
354352706
356081574
356254039
35680250
356833989
356909638
35703509
357829957
35878020
35930455
35958224
360198468
360372150
360965339
361459040
361510913
361647356
362550739
363214461
363590167
363685825
363841215
36420621
365213367
365973171
368683423
36895761
36909449
369521900
36952586
369693748
370243566
370990786
37102864
371511659
37176030
373158357
37404973
374510641
374822164
376054412
37732815
378021747
378372819
380126112
38076968
381320916
381589665
381594556
381755302
381938362
384069776
384520820
385031350
385245375
386169875
386247164
386490896
386668440
38671739
386727306
386770863
386787305
386861642
38700230
38727901
38734601
387647041
38785319
387886218
387926246
387992995
387998844
388218042
388347822
3883561
38848419
388511114
38851375
388521433
38858641
38859736
38873825
388976997
389060072
38941790
389448671
389551062
38964336
390381898
390399332
39048435
39055286
390579448
390655734
390757296
390864712
390911901
390924257
39099783
39118839
391442578
391464226
391815569
392217281
392323348
392324953
39264827
392712971
392739061
392853982
392860200
392921709
392993241
39310714
393125588
393568517
393752661
393766438
393797909
394153761
394225321
39439392
394642779
394797065
39505322
395295796
39537346
395416760
39546678
395502540
39559007
39562986
39572320
395959112
39597201
396075303
396077559
396834863
39707999
397182955
397230151
397714114
39801292
398268047
398268731
398384242
39853973
398992000
399420607
39945205
39960478
40000737
40012474
400278676
40045763
40052918
40053049
400558176
400784846
400832256
40133681
401424381
40142780
40161547
40177363
40180697
40193819
402154483
402353316
402366681
402372223
402482231
402489347
40263860
402732269
402925971
4029531
403156662
40316438
403487400
40353438
40354297
403846162
403855355
403922208
404041626
404056339
404266809
404368744
404422077
404789840
404913752
405289917
405820375
40586737
406289145
406483755
406519985
406658908
406881878
407018662
40709375
407279675
407308739
407407474
40743096
407600515
407617438
40811479
40850738
40854687
408677509
40869877
409536137
409843965
40985199
410203106
410374683
41042919
41061537
41072154
41093053
410939605
41124850
41140413
411586401
411740391
411786151
4120961
41215235
412378465
412579325
412611622
413107327
413391241
413615555
413642905
41406847
414206745
415070183
415250334
415670617
41567141
415891337
415904555
416810728
417632113
41810568
418324555
41855699
418676607
421291659
421682651
421736473
422134443
4224271
42273634
422738094
42285144
423368489
42440768
424926262
424968528
426304485
426441965
426582786
426589771
42735772
428169478
42946469
429625402
429706193
430056231
430926586
431700776
433016537
433246854
433589125
435036602
43590761
436375148
43926552
439365811
43981992
43995936
440910908
44385626
44418666
44491596
445406535
446079127
448158819
448337194
449188177
449679412
449989054
450577898
45411746
454336234
454694693
45562811
45597766
456465809
459000960
459539718
459648116
462814825
463138192
46498124
465521255
465716866
466821972
467561183
46778324
470576561
471080375
471219948
472192584
472244552
47248902
47249151
472759099
473385747
473463895
473501808
473540549
47371372
474115739
474304890
474306504
474568139
474570649
47476168
475524030
475614488
476068989
47612970
47671682
47682486
47702338
477032831
477718410
477803311
478050993
478146019
478211772
478432637
478498926
478776290
478908867
478979106
479263733
47934276
479613752
480002469
480040590
480763269
481340563
481352356
481429204
481621617
48212895
48227953
482279557
482524635
482892934
4828981
4833981
48339984
48431093
484408012
48476699
484773756
484863355
485113941
48520983
485608474
48564052
485796863
486044893
486056843
486064418
486072725
486112997
486121867
486425965
486468358
486476991
486494732
486508901
48654466
486705361
486840302
486843550
487230968
48753654
487800363
487818318
48794996
487996053
48839691
48850962
488578718
488672763
48875413
489022370
489044823
48916072
489369509
489647200
489904940
490808118
490808869
490914337
49091558
49105771
49111246
49138823
491460981
491895214
49216749
49221688
49255986
492613179
492648022
493610014
493965941
493988146
49412961
494259870
49428313
494329620
49519788
49533260
49537735
49575159
495955985
496300571
49640078
49663664
496641659
49665600
49670611
497129954
497226427
497600704
49764584
497722147
498166332
498835221
498922117
49901020
49905937
49908362
499411395
499516967
499710332
500148323
500964742
501358969
50206233
502178335
50228468
50279441
50361069
503796058
503823410
504298237
504625445
505070325
505116245
50544897
50565741
505685183
506411052
50700978
50719446
50733505
507416651
507494850
507778236
50788866
50800056
508028610
508168526
508504084
509521040
509697325
50981303
510301970
51063436
510812041
51160074
511970896
51235250
512403075
512525774
512559471
512655331
51272159
512909616
51296305
51300644
513251572
514099301
514443206
51467112
514728379
51517472
51574569
515780586
516096222
517959475
51841732
518728149
519615434
52144546
521942106
52331669
52650059
527323895
52749962
528431753
53005862
53278612
53315237
533293244
534290835
53526017
53530419
53724796
537891592
539233430
539391777
540062157
540226188
54191679
542686347
543266587
54328376
543538757
544098232
54446662
544698147
54535496
546728609
546808702
546941313
546996522
54974411
550654620
550769290
551520549
55358893
553662517
554008156
554641119
554793838
5548862
555186610
555296885
555300811
555499583
555517911
55554555
55561590
555892703
555918043
556202795
556369891
556535672
55668231
557311842
55777238
557945102
55801465
558051427
5580862
558323165
55896064
559118898
55965157
559675462
559969838
56026648
560294989
560362455
560425670
560705655
56092841
561052942
561361240
561542408
561705015
561742581
56250500
56268181
56275679
56281348
562817303
562982487
562995991
56315782
563401291
564265870
56469651
56475513
565059874
565437008
565623412
56585069
565933413
565969885
56606564
566129998
56679856
56686755
567220738
567416367
567452784
567591641
568178203
568599658
568633159
56896918
569542024
570154956
570251761
57068463
571461410
572077039
572334136
5725012
5725652
572869972
572961420
573032238
57303648
57343654
573458570
57350997
57355521
5736862
573831343
57433307
57435052
574470290
574752656
575199558
57527000
575576964
575887522
575920875
576232390
576367925
576429171
576485686
576533446
576612810
576705604
57675435
576801455
5768622
577187858
5776022
578081311
57828467
57834409
578383794
57847009
57849762
578605668
578809625
57903417
57936659
57946419
57951904
579962917
57997370
581221150
581821518
58186196
58195816
582689833
582868501
58290199
584175273
58429125
584498027
5848722
585740079
58652546
5865942
586650775
587701649
587778237
58808528
5882802
58834486
588360535
588406265
588416944
588460632
588775819
588865517
589594895
589723115
58991582
590250849
59035579
590433730
590443616
590503076
59095772
59116079
591270307
59127089
591331840
591335059
591380208
591390306
59140369
591558535
591563878
591664909
592165397
592972707
593058144
593235137
59357565
593620370
594069992
594080668
594086618
594096575
594105875
594149589
594183579
594191703
594325700
5943622
594412564
594486174
594887216
59491438
595762659
59597727
59606920
596347053
596573706
596805219
596827208
59696106
597414684
59750339
597517321
598254519
5983882
59853587
601234062
60139630
601478133
601492130
60150406
601671750
60194341
602074770
602288530
6022912
602355833
60241347
602449513
602499898
603141461
603325088
603404196
60350585
603660185
60435651
604701612
604780557
605186679
605490451
605711447
605859322
60622883
606236783
606340754
606444385
606615769
60693789
607013952
60705191
607062521
60710764
607617514
60800463
60850022
60857134
609121956
609236346
609252021
60927389
609304305
609315052
609963757
610069784
61011432
610200550
6107302
61081513
611147774
61115629
61127928
611795732
611798627
61209045
612135517
61216389
61229715
612454685
61245861
61268826
61292961
612963059
61315599
613301306
61342056
61343098
613515240
613623369
613858801
6141132
6144332
614729169
614908991
61500593
61501509
615329833
616110173
616476422
616546922
61661638
616880962
617530770
61758214
617617177
618075241
618228289
61842234
618587448
61859000
619123865
61914822
6193182
61932015
6199382
619948244
620340494
620663198
621052709
62110679
621197284
62135215
62155958
622070107
62241277
62309372
623211195
62342602
62372609
624122677
624332125
624413
624927669
62515543
625491891
625549947
62562916
62597423
62633125
626345722
626398281
626840066
62714972
627580581
627637663
627695874
627726591
628608712
6287342
62886110
628888093
62889705
63061242
63065364
630928277
631718296
63197369
632296843
632956955
632961585
633119066
633156440
633313501
633342521
633362990
63337120
634020001
634202435
634328034
634339547
63479722
63497552
635106053
635383
63544166
635658223
635716581
63591175
636453747
636545451
63679910
63690736
637158056
63716200
63772180
63815571
63850308
63862142
64036344
64058978
6408
64109894
64236244
64242521
64391036
64446488
64661207
64708637
64730375
64789469
6484302
64888916
649713
65037164
65164391
6517732
65403367
65593092
65617648
65681636
65734178
65785845
6578852
65887711
65904682
66103873
66172538
66219194
6629912
66365946
66385097
6641292
66539871
66584310
66739237
66975479
66985306
67103995
67272363
67287672
67361997
67683728
67835673
67840547
6793222
67933542
67975628
68023
68132942
68553586
68559732
68639706
6865392
69009254
69123976
69160356
69187710
69220631
69357729
69605340
69629612
700982960
701930991
703510387
70403452
704583792
705392676
70558021
705977416
70641005
70922757
711571544
7137132
71388440
71470092
71700308
717276515
720348049
721949064
722615250
72893769
73027895
734021762
73420177
735241885
73546163
736310059
737001290
74245145
74411862
74909571
74976151
752262180
753296532
758559312
760869378
762917023
762932191
76305179
76317590
76451026
766403370
76919835
769294123
770122814
77104779
778952472
779098418
781014
78166923
784845470
78541168
78601051
791109253
79174022
794037804
79516745
795967831
797166
79854324
798922219
799499328
800551740
802243129
803764663
803785105
803977459
804542719
8057012
809072486
81139858
812483575
812552845
818166570
820123664
82098293
821464674
82541893
82548584
825744584
825920851
82681866
83180939
834201427
83562262
840210818
844144368
84572822
84778182
84866674
85013897
851672292
853076791
854997060
85557277
85723504
85854396
858743142
85879140
86241025
86292366
86331517
86363553
864879361
86711322
867148020
868590294
86882187
86888909
87258499
874278126
874430036
874438663
874529923
87591850
876473922
876515024
87798748
87808505
878100774
8787912
87886501
879376561
879711720
880093278
880172912
880451970
88053063
88055463
881608580
882117229
882243475
88265498
882906812
88332584
8834882
88390451
8841372
88709053
887259241
887266260
88753267
887743975
8880632
88861803
88913700
890031644
891616633
891637291
891869581
891899040
892712078
893846334
894562614
89482087
89491245
89514438
895774200
8962882
896638418
89670922
89698348
897771985
89793918
898301664
89901149
900605659
90063771
9013382
90190985
902101824
90218842
902470080
903073560
903390708
903755858
904039608
90439860
904595473
90468085
905373210
90560776
90567538
90582376
906249536
90653560
9071062
90715655
908405826
90857607
90915624
90956638
9096572
90992943
91156995
91180198
9130522
913175707
91321449
91355016
91478624
91642050
916881504
91787094
91794389
91801003
920487564
920703782
921155750
921464372
92157633
921585962
922202305
92236235
92258293
923448403
923675156
924239384
92462159
92500905
92521129
92545775
9286272
929670552
930901243
932652001
93279637
932806561
93331449
93417622
935242836
9357962
93687723
93688789
93804942
93913891
93960358
941118115
94118268
94172546
941871536
94196519
94274445
942773174
943126189
94342002
94372915
94376561
944074490
944075622
9446502
945540668
946313485
94653842
946957866
947043115
948098094
94897198
949606819
95037522
950517078
95083293
952188354
95219370
95267009
9538332
9547482
95502314
95519303
956645150
95707794
957990235
95806939
95863011
958635031
9587452
958874982
95917532
95924769
9595722
960834355
961200300
96230769
9626082
962744707
9627972
96481712
96521898
96554449
96601128
96635140
966393570
966505482
966582482
966726223
96682182
966882984
96697176
9672222
96765664
96767322
9681572
96901988
96937895
9696462
969833426
97019544
970197908
97090304
970979024
97194047
972188786
97228233
972296504
97237364
97237627
972429852
97421849
974745510
97739625
977984095
978671796
982177165
9855332
9856552
994278265
99449135
999018421
99943024
