100024370	106
100051020	1
1000798291	1
100082185	1
1001192245	35
100286145	1
1004114520	1
100634717	1
1006630980	1
1007915173	1
1011339350	9
101186457	1
1013520492	1
101431978	1
1017920461	1
1018083266	2
101844599	1
101876637	2
1018785420	1
101903984	1
10198262	1
1020171044	1
1020182690	1
1022728596	1
102325185	37
10236782	1
10238532	1
1024259730	1
102481836	2
102710585	1
102714519	1
102800191	1
10282862	1
1031976865	1
103319183	2
1036721035	1
103791489	1
1038116166	1
1039081430	1
1039541	1
1040551766	1
1040640698	15
1041463176	1
104185085	2
1042482384	1
104257356	4
104952689	5
1051789562	1
105196282	1
105252513	2
1053318019	1
105548711	1
105562080	1
105845978	1
105926515	1
1059676711	2
106206358	1
1064015220	6
1064474702	1
106498703	4
106504911	1
10650732	1
106531857	1
1067429730	1
1068452287	1
106922623	1
1069486704	1
10717952	1
1072940342	1
1076195652	74
1076916151	1
10769212	1
10778222	1
108021761	4
1080479407	1
10819222	1
108451640	1
108511039	1
108660721	2
108685618	1
10883952	1
1089765691	1
109120379	1
109145757	1
1092348054	1
109350515	2
1095563516	1
109617683	8
109995803	2
110147594	2
110277416	1
110401235	1
1105117747	1
110539278	1
110581612	4
110781385	1
1109116542	1
1113177727	1
11148192	1
111585151	1
111623520	2
111769378	1
111838410	6
1121028973	1
1122634170	1
1123297194	1
1129206217	5
113083566	1
1131710305	1
1131932318	1
113213802	1
113369057	1
113390942	3
113410319	2
1134865189	2
1134874560	1
113490594	1
113500123	1
1135299488	93
1137129578	1
113726458	1
1137852697	1
1138146079	1
113848677	3
113897359	2
113950546	1
1140708116	1
1141627460	18
1146967842	1
114782468	1
114845234	1
1149158804	1
114929136	2
1152105936	4
115268948	1
115432090	1
1155905833	1
1157691163	1
1161725924	4
1163696714	1
1164357870	1
116621693	1
116816715	2
11686132	1
116928534	1
117000693	1
1170903715	1
1170997681	1
11718342	1
117248779	2
1176084458	1
1177050499	12
1177550208	1
1178507594	1
1180622503	3
1183310281	6
118331219	1
118581630	1
11864732	3
118794845	1
1188054740	2
118862957	1
1190625589	2
119410176	1
1195066285	1
119751785	2
119860871	1
1198625006	1
1198712300	1
1199439283	1
120130287	1
120148426	1
1201683000	1
120190615	1
120242824	1
12057032	1
120588923	2
1206200186	2
12072492	1
1207744728	1
1209595398	7
120965481	3
1209867661	1
121053500	1
1210641278	1
1210652732	1
12114462	5
121158213	40
121173149	1
121472330	1
12159562	1
1216821044	1
1216954544	1
121746633	1
122152316	1
1222829917	1
12234352	7
1225690004	1
123125462	31
123136593	1
123137244	2
123147423	2
123174284	6
1232513382	1
123623227	1
123639176	1
123662382	1
1241660304	1
124258437	2
1245007357	1
1245395222	6
1245579715	8
124585235	3
1246096020	25
1246273074	1
12477192	1
124779106	1
1249383896	1
125210248	1
125231640	1
125411167	1
125436708	1
125773679	1
1260261013	1
126067662	1
126110034	1
1262258454	1
12648652	1
12649752	1
1266006373	1
1266345439	2
126640430	2
126687949	1
126743971	1
1267670126	1
1269559484	1
1270748916	13
1272751392	2
127589967	1
1275929029	1
1277178181	25
1279147374	1
12794362	1
127996567	1
1281072037	5
1281621649	1
1282321116	1
128272637	1
1283361	1
1284745723	1
128676992	1
1289469470	1
12910082	1
1297151796	3
1297336626	2
1298935814	1
129899797	1
1300380420	1
1304634055	2
1305451382	1
130673445	1
1307452536	1
130888096	1
130888741	1
1309584812	1
1310272820	1
1310354202	24
1310746040	2
131116719	1
1311348206	1
1311805159	1
1315790101	1
131609773	5
1318529594	1
1319221	1
1319944056	2
1320968377	1
132363589	2
1323714788	1
132380872	1
1327241353	1
1329243757	2
1329717295	1
13297232	1
133379474	1
133425913	1
13364642	1
1337082139	1
133719675	1
133910588	2
133940825	1
13400562	1
1340442012	2
134233015	1
134249443	1
134292653	1
134405125	1
1345672002	3
1345720669	1
1345998098	1
1347071545	1
13471032	1
1349856667	2
135150713	1
1354252658	5
135527544	2
13576102	1
135970150	1
1359746220	1
1359774865	2
1362583376	2
1365024919	1
1366850106	1
1369739395	1
1370508554	1
137061901	1
1372592071	11
1373315450	1
1373368518	2
1373402480	1
1373505554	1
1375000884	1
137652630	15
137654269	1
1377472224	3
1378	1
1378502131	1
137901322	1
137920231	1
137955452	8
1380851436	1
1382696858	1
1386366252	1
1386531	2
1387533103	1
1388071068	1
1389493454	6
1390839968	1
1391213720	1
1391686380	1
1393603976	33
139628316	1
13967832	1
139774225	1
139794278	1
1398	1
1398262381	3
139901153	1
140258733	1
1402824210	1
1402993687	1
140555788	5
140570159	1
14057492	1
14075190	1
1407559375	3
14078468	1
1409168863	1
14104848	1
14108990	1
1411023614	1
141118868	1
1411402069	20
14114951	1
1411784761	1
141202555	1
1412062452	1
141227037	1
14123181	2
14126376	2
14129623	1
14129793	1
14133912	1
1414303712	1
14145490	1
14146896	3
141605349	1
1416078199	8
1416273570	1
14167164	1
141685428	1
14172659	1
14173032	1
14175873	1
1418264336	2
141935925	1
14195253	1
14216123	3
14220991	1
14227002	1
142323505	1
142333812	2
14236800	1
14247096	1
14255185	1
14262411	2
142739018	1
142754319	1
14275478	1
142832640	1
14285650	2
14287528	1
14296688	2
142998490	1
1430670998	2
1430782460	1
1431661122	1
14318277	1
1434472400	1
14346111	1
14347047	1
14348618	1
1434882133	1
143773571	1
14383563	1
143865983	1
1439067241	1
14420726	1
14441207	1
14445650	2
1446411967	1
14469996	1
1447240867	1
1448698483	1
1449251635	1
1449955262	1
1450167168	1
14509420	1
14511820	1
1452408337	104
145262540	1
1452702914	2
14530634	1
14535893	1
145496161	1
145703415	1
14571012	1
145717389	2
1457218807	1
145749220	1
1457661439	1
1458431035	1
146131888	1
146162613	1
14626496	2
14629055	2
146293268	1
146327601	1
14633394	1
146451331	1
146600232	1
1468187089	1
1468271971	1
1469136235	1
1469603575	1
1470355465	1
1470731052	1
14708960	1
14714176	2
14716089	1
14718435	1
14722589	1
14744629	1
1475745116	2
14757591	1
1476010452	2
14767302	1
14779075	1
14780660	1
14781188	1
147902687	2
1479322380	1
14814120	1
14818050	1
14828249	1
148335414	1
148373	1
148573029	1
14857801	1
14876847	1
1488838998	2
14902429	1
1490980105	1
1491203184	1
1491452869	1
149159326	1
14922536	1
14924757	1
149300800	2
14933262	3
14955023	1
14955754	1
14956471	2
149621628	1
1496872536	1
14971437	1
1498908421	1
14992469	1
149942264	1
1499852552	5
150094848	13
15048943	1
150656075	1
15081182	3
150905976	1
15099664	1
1510153513	1
1510635630	1
151072271	2
151161683	2
15130443	2
15132938	1
151417664	1
15153236	1
15159627	1
1516712677	1
151825459	1
15187546	1
15192713	1
151999209	1
1520221472	1
1522360556	1
15227849	1
15240491	1
1524347120	1
1525578823	1
1526288869	1
15264378	1
15269677	1
15281391	17
15296897	12
153066502	1
15306907	1
1531556486	1
15317292	1
15322566	1
153323908	1
153403310	1
1534767079	2
153633568	1
15378226	1
15384133	1
15384720	1
153861315	1
153871260	1
153935319	1
153998545	1
154370973	4
1544270486	5
1544741402	1
1544781733	1
154535828	3
1546139108	4
15463435	1
1547662243	1
15485461	4
1550014584	1
155197848	3
15526523	2
15526966	2
15530583	1
1553291664	1
1553871637	5
155517099	2
15559996	1
15568127	2
15568900	1
15594090	1
155980169	1
15598689	1
1560174734	2
1560440960	2
1562927485	1
15632680	1
15639933	1
1565751108	4
1567804321	1
156919789	1
15699248	2
1570180292	1
15701839	1
1571165700	1
157193460	1
15740972	1
1574551854	1
15763865	1
15777456	1
15783627	1
1579371308	16
15798871	1
15812482	5
15817191	1
1581782214	2
15823893	13
158375407	1
15841958	1
15868847	1
1587217963	2
15876574	1
1589120743	1
159131559	2
159146973	1
15917225	1
15931663	1
1593903523	1
15953207	1
1596234775	3
15962551	1
15971805	2
1598866891	2
1601683238	1
16019188	1
16020246	2
1602147493	1
160298969	2
16033537	10
1603409448	1
16049299	1
16052373	7
160820574	1
1610060744	1
1610934914	3
16113010	1
1612027483	2
1612153176	1
16148514	1
16170802	1
161785790	1
16186635	1
1621271	2
1623043350	1
162419093	1
16252960	1
1625296296	6
16257037	1
16259934	1
16295834	2
163126557	1
16320734	2
1632826160	2
163299688	1
16334579	1
163537857	2
16356297	1
16359602	2
163630784	1
163664036	1
1636759074	1
1638493381	1
163897694	1
16399198	1
164041723	1
1641927720	1
16427483	1
1643348827	1
16437499	1
16467189	1
16468747	1
16480563	1
1648349564	26
16484677	1
16495607	2
1650760016	2
16530590	1
1653401	1
1654035020	1
165494755	1
16556756	1
1656247388	1
165684558	1
16576158	1
1657808011	2
165860889	1
16598957	2
1660618903	1
1662593401	1
1665125166	1
166597717	8
1666068925	1
1666651962	1
16687237	1
16687349	1
166929600	1
1669574874	1
166990146	1
16701881	3
1671560821	1
167210247	1
1672120591	11
1673094114	1
16731995	1
16732770	1
16755855	1
167722855	1
16781924	1
16801482	1
16802422	1
1680622674	1
16827489	9
16838506	1
1686872700	2
168691253	1
168744961	2
16896007	2
16907542	1
16910198	2
1692174140	1
1694393618	1
1694447893	1
169525667	1
16969038	1
16974180	1
169772193	1
1698582715	1
16995129	9
17001893	1
1702460779	1
1702878548	2
170492152	1
1705758318	1
170616732	1
170725663	5
17074868	1
170774254	1
17085087	1
1710120552	2
1710460484	1
17124991	2
17130783	1
17131268	1
171323219	1
17133267	1
17134730	1
1713849307	1
17150078	1
17156538	1
171726464	2
171754508	1
171788620	1
171919007	3
172041600	1
172105978	1
1723453544	5
17249855	1
172501485	1
17261097	1
172836249	1
1732512931	1
173301796	1
1733577882	1
1734698724	1
173623224	1
17374916	1
17431424	1
174536733	1
17500537	1
17512915	1
17529294	1
175584371	2
17574702	1
175754840	2
17583572	1
17614702	1
17616049	1
176168308	1
176184210	1
17632091	1
17643237	1
176514663	1
17654208	1
176824779	2
17710699	1
17726074	1
177475572	1
177635330	1
17780244	1
17790265	1
178390988	1
17841130	2
17854610	1
17892496	1
17905363	2
179054279	1
17913	10
179327909	1
179422617	3
17945997	1
17970167	1
17991579	2
179932277	1
180111748	1
18013322	1
18034727	1
18040393	1
18041637	1
180473434	4
18049798	1
18081673	1
18083070	1
18087614	1
180906341	1
18113859	1
1811561	1
18149465	1
18170778	1
181772413	1
18216128	8
18222696	1
18229276	2
18235667	1
182440063	6
182503524	1
182514760	1
18265423	1
18272063	2
182821543	1
18308026	2
1832181	1
183294525	1
1833020461	170
18378349	4
183853112	2
18395761	1
183972338	8
1842216931	2
184345490	1
18451147	1
18455693	2
1846038414	1
18478797	1
18480433	1
1848242569	1
184881902	2
18493404	1
1850041968	138
185058095	1
18528331	1
1853290741	1
1854186092	1
18544464	2
1854900966	151
185673644	1
18574633	1
18574762	10
1858383722	1
18586789	2
18587683	19
186117957	1
18617871	2
186917369	1
1869471378	1
18703437	1
18718676	1
18719020	4
1874836183	1
18789002	1
188097788	1
18814041	1
188243290	1
188398607	2
1884013189	1
18866772	1
18876482	1
18879188	2
1888644360	1
18899842	1
18916747	1
189242422	1
18944615	6
18952948	3
18958504	2
189629190	1
189784702	1
18983688	1
18989537	1
189950338	1
1904821021	1
190777222	1
1908603404	1
19090219	2
1909462112	1
1909514695	1
191005840	2
1912519352	1
19141041	1
1915103876	2
191581899	1
191616875	1
192026827	1
19203981	2
1921459111	1
19220698	4
19225408	2
192339203	1
1923729505	1
1923879936	15
1923890856	3
1923902360	8
1923926642	7
1923938851	1
1923947209	9
1924310023	91
1924312855	13
1924316509	1
1924476596	1
1924514210	2
19246655	1
19259132	1
1926203599	72
192640294	1
19267390	1
19270995	1
192743745	1
19276572	1
192777521	1
1932016117	1
193323937	1
193542064	1
19358428	5
19390974	1
19400611	1
194137231	26
194268330	1
1944448274	2
1944646057	1
19462442	2
19464543	2
1946807360	2
194710059	1
19485664	1
19493257	2
19495154	1
1949701902	8
1950172806	1
1951837074	1
1952436260	1
195305159	1
195359488	1
195368080	4
19546277	7
1954730264	1
1954989128	2
1955026304	2
1955389074	2
19560393	2
195852859	1
1958752610	10
1958816220	1
19600416	1
1961041356	5
1962132428	131
19627971	2
19629551	1
1963085300	1
1963249489	2
1963312465	2
1964714336	1
1964716700	1
1964742475	1
1965664796	1
1967170620	1
19688598	1
1969267836	2
1969285428	2
1969307184	2
1969332830	2
1969344636	2
1969351880	2
1969391552	2
1969396292	2
1969421654	2
1969432770	2
1969449714	2
1969456964	2
1969461786	2
1969464060	2
1969465190	2
1969513890	2
1969523258	2
1969529136	2
1969541850	2
1969546070	2
1969550288	2
1969557474	2
1969561436	2
1969561496	2
1969573549	2
1969580047	2
1969580150	2
1969597603	2
1969599049	2
1969621112	2
1969627202	2
1969654646	2
1969660176	2
1969660368	2
1969663010	2
1969669676	2
1969672561	2
1969680204	2
1969694394	2
1969703274	2
1969713649	2
1969714890	2
1969740852	2
1969775744	2
1969787845	2
1969809337	2
1969871132	2
1969878559	2
1969900956	2
1969917420	2
1969944324	2
1969947438	2
1969953883	2
1969955222	2
1969959752	2
1969992212	2
1970005627	2
1970014441	2
1970057612	2
1970174010	2
1970199818	2
1970233190	2
1970233698	2
1970233862	2
1970249623	2
19717430	1
19717586	1
1976890536	5
1977344317	1
19776790	1
19777610	1
197869772	1
19790872	4
1979190776	2
19793176	1
197934198	2
19807729	1
19897450	1
199218897	1
19962813	2
19969726	1
199910491	1
19992655	1
200528348	1
20052935	1
20060120	1
20074303	1
20088161	16
20097362	1
201221109	1
201296379	35
20158190	3
20159497	1
20172533	1
20180840	1
202003	1
202100189	1
20232786	1
20264511	1
20274971	1
202915788	1
202948351	1
20331665	2
20345218	3
20351876	1
203615803	1
203652149	3
204010235	1
20402945	1
204098062	1
204149086	1
20424086	1
204319668	1
20449296	1
204526462	1
20458407	206
20461206	2
204616970	1
20461878	79
20470594	1
204803220	1
204945929	1
20495796	1
205041931	1
20517779	1
20520010	2
20522662	1
20523223	1
20524670	1
20532803	1
20611469	1
20654759	1
20671814	1
206912295	1
20704445	2
20704612	1
20704858	2
20715279	1
20715638	1
20722021	1
207271383	4
20737589	1
207435193	10
20749160	1
207720893	1
207859759	1
20822613	1
20822796	1
20855937	1
20857912	2
20866038	1
20868465	1
20908746	1
2092801	3
20948750	1
209893887	1
209907837	4
21019028	1
21045893	1
210506986	10
21050828	1
210725073	3
210971939	1
211098229	1
21110732	1
211150550	4
21124751	1
21151749	1
21152643	1
211938807	1
21233042	1
21291663	1
21297217	1
212995238	1
21304210	1
21328656	3
21342715	1
2136001	1
21374267	2
213936621	1
21394549	1
214291146	2
214321318	1
214479702	1
2147877331	16
2148971516	1
214993766	1
2150696418	2
2150927341	1
2151504811	1
2151676471	1
21516862	1
2152741188	1
2153467878	1
2153678791	3
2153916871	1
2155645134	1
215664223	1
21567957	1
2157811778	1
215896904	1
216080694	1
2161206156	16
2163285464	1
216421322	22
2165203542	1
2165642192	1
21661809	1
2166195704	1
21679494	2
216798259	12
216843073	194
21689176	1
216917949	1
2169581947	1
2169598345	2
2169708528	1
217011425	5
2171224437	1
217159658	2
2171837372	1
21734113	1
2173999435	16
2174552635	1
21745565	1
2175055010	1
2176272606	1
2176351197	1
217643345	1
2177764470	5
2177885586	1
21793923	1
218013625	2
2181281054	8
2181314366	7
2181326676	3
2181334776	9
2181346825	6
21813540	1
2181357950	1
2181390564	3
2181403417	1
21820251	1
21827572	1
218360436	1
21836778	2
21838413	1
218430551	3
2186300442	1
21864105	1
2186521309	1
2188878691	1
21893240	1
21932707	1
219329534	2
219472421	1
2194729068	1
2195055925	1
2195446502	1
2195543761	2
21966773	1
2196900553	3
2197054086	128
2197078218	7
2197099980	3
2197116199	1
2197132710	5
2199676916	128
21997254	1
2200605978	1
2202375985	1
22024242	2
22025022	1
2202568208	1
220264014	1
2202846054	1
2202855620	1
22029004	1
2204135624	32
22042454	1
220762952	1
2208541680	2
22093804	1
2209523333	3
221057424	2
2212384448	1
221265552	9
2212755500	1
2213981	1
22140529	1
2214818162	3
2216333869	2
2218386410	1
221880939	1
22192826	1
2220015630	1
222187111	8
222507714	3
2225264945	1
2225300413	2
222625575	1
22275782	1
2230330501	1
2231502417	5
22315243	1
22315431	2
22315919	1
2231654796	1
22320655	1
223329689	2
2233924628	8
22340499	1
223424181	1
2234758370	7
22373552	1
2238218136	1
223861087	2
2238814035	3
2239864518	1
224020036	1
2241485071	1
224180296	2
224281922	1
22429982	1
224387007	1
224436549	1
22447093	1
2245748490	1
224577823	1
224770025	1
224849665	1
22501143	1
2250592015	1
2252559062	1
225381056	3
22547411	1
2254759674	1
2256758983	1
2256809628	1
2259177605	1
226024854	8
2260795585	2
2260954471	12
2261405917	1
2263437272	2
2263452746	20
2263467936	6
2264634042	7
2265549845	1
226828258	1
22690112	2
226979010	1
226990146	1
2270416014	1
22711691	1
2272207286	7
22736244	4
2273872578	2
227469180	1
2275658568	33
22768356	1
2276954768	1
22796729	1
2280771642	2
2280983368	2
2281188906	7
228211937	2
2283065642	1
22836731	3
2283770768	1
2285388840	2
2285639558	1
2285653358	1
22857612	1
2286097290	2
22890570	1
228942211	1
22897761	1
228977783	2
2290053787	1
2290157628	1
2291199907	1
2291369929	1
22927050	2
2293929182	2
2294809898	1
2295050682	2
2296647594	1
2297682193	1
2298153408	1
2299216254	4
229959010	1
23006271	82
2301564830	1
230209990	1
2302598977	1
2303053614	1
2303262378	1
23036965	1
23059499	37
2307248647	2
2307296066	2
2307419720	1
23076722	1
2307783066	1
230781635	1
23084050	1
23118937	1
23121787	3
23131068	1
2314283817	2
231494313	2
231582881	1
2315988728	1
2317824278	3
2317833127	1
2318139319	1
2318307456	1
2319225180	1
2319466692	2
2319599660	1
2319600132	1
2321168600	2
2321350494	1
2321522203	1
23221109	1
232317403	1
2323396574	1
2324022344	1
23254816	1
2325905011	1
2325975522	1
232603676	5
2326144026	1
2326214172	1
232633486	2
2326370445	1
232851047	1
2328984788	1
2329595875	1
232963053	1
2329702863	2
2331387967	2
2331632952	1
2331765991	1
2332151780	1
2332199730	1
2332652408	3
233318165	1
2333547493	3
2334410965	4
2334614718	8
2335119450	52
23376223	1
233886250	1
2339595667	1
2339874805	1
2340751033	1
2341038491	1
2341064798	1
2341281566	94
2341445778	91
234155392	1
2342192654	1
2342215530	74
2342591485	5
2342763212	88
23434774	2
2343953910	7
2344004563	1
2344117465	1
2344531388	7
2344619544	90
23450320	1
234516403	1
2345522113	2
2346652446	2
2347049569	7
2348716116	9
234905726	2
234956680	4
2350728631	1
2351112571	1
235190329	1
2352562980	1
2355018890	2
2355225980	5
235648313	19
2356524462	4
2356608396	2
2356802040	2
2359079630	1
2359276710	2
2359815266	3
2360669288	1
236073463	1
2361133573	1
2361631088	1
236195607	1
2362424485	1
2362929943	3
236320634	1
23633168	1
2363891865	1
2363914387	9
2364889134	5
236518570	2
236621887	4
23662753	1
2366685349	1
2368238768	26
2369259613	1
23693806	1
2370520826	1
2371001545	1
2372014244	2
2372227478	1
2372479135	1
237295889	1
2373813025	1
2373819572	2
2375479933	1
2377116787	2
23772501	32
2378294428	1
23792255	1
237994484	2
23799829	2
2380303894	1
2380491180	1
2380959451	1
2383634756	4
2383717754	2
2383861202	1
2385457856	1
2385812455	1
2385851994	3
2385944899	13
2385964938	1
2385987007	1
23861293	1
2386361	1
23871787	1
2387980848	1
2388496231	1
23890475	1
23892061	2
23898700	1
2390444581	1
239080208	2
2391736411	2
2392077660	1
2392142848	1
2394624246	1
2395258519	1
23954327	9
239690107	1
2397975692	4
2398137084	1
2399391152	1
239958055	1
23998069	1
2400261865	1
2400287502	1
2400311742	1
2400446299	1
2400601442	1
240078196	3
2401925442	3
240377633	1
24040931	2
240503095	1
2405531310	5
240775180	1
2409150423	3
2410182475	1
2411631840	1
241241262	3
241260070	1
2413664017	1
2414833674	1
2414877108	1
2414906984	1
2414988282	1
24159442	1
24162350	1
2420713926	1
242079030	3
2421030156	1
2421098443	1
2421291205	1
24214128	1
242211170	1
242359437	1
2423650029	1
2423710675	1
2424542300	1
2424583266	1
242469235	2
2426178704	2
2427241285	1
2427265178	1
2428916787	16
242954869	2
242980801	4
24303232	1
2431138237	1
2431675020	1
2431840482	1
2431894393	1
243199871	1
2432351047	2
243276682	1
2433096164	1
243318995	1
2434397022	1
2434667474	1
2435344904	2
2435483478	1
2435545358	1
2435617675	1
2435655145	1
2435931235	4
2436393168	1
243645538	17
2436467784	1
243692482	2
2437103370	1
2439074089	2
2439118550	2
24393453	2
2440274030	1
2440310750	1
2440346065	1
2440396680	1
2440465519	1
2440894303	11
2440969560	1
244242920	1
2442488953	2
24428801	1
2443141226	1
2444882707	1
2445382134	2
2445561206	1
2445717607	2
2446101301	1
2446369843	1
244677736	4
2447547871	1
2447901655	99
2447928920	72
2447967798	93
2448524059	3
2448859862	1
24489242	1
2450213047	2
24515114	1
24519183	1
245193794	2
2452122962	1
2453857040	1
245475764	1
245540050	1
2455585854	1
2455775754	2
2456850254	3
245721011	1
2457395341	2
2457973316	1
2459022722	1
24590532	6
245956492	1
2460411168	1
2460467689	1
24609836	2
24613420	1
2461556142	8
24618777	1
2463065714	3
2463334585	2
246342807	1
246376174	1
2463782288	1
2463847158	1
2464284763	9
2464784378	1
24647967	2
2467914348	1
2468242014	1
2468392196	1
2469546277	2
2470102453	1
24710832	1
247129083	1
2471368838	3
247176719	1
2471879203	3
24725800	1
2473158204	1
2473164620	1
247391816	1
2474838727	1
2475510223	1
2476888171	1
2477535198	1
2477604932	1
2477670968	1
2478606366	1
2478990943	1
247946309	15
24803082	1
24808228	1
2480827290	1
2480921788	1
2480951786	1
24818053	1
24820841	8
2482710715	13
2482721760	1
2483045534	1
2483060934	1
2483091660	1
2483260820	1
2483277722	1
2483318750	1
248467487	2
2484784825	1
2486374855	1
248672900	1
2487791838	1
248836670	2
24884799	1
248884036	1
2488916414	2
2490604044	1
2490644965	1
249179084	1
249210112	1
24927996	2
24931820	1
2493776618	1
249531407	1
2497045194	4
2497155344	1
2497275403	1
2497680109	1
2497773692	1
249798987	1
249924827	116
250057361	1
2502877615	1
250340751	1
250362489	1
2505388730	1
2506307970	3
25072474	1
250758475	1
2510302130	1
2510365729	2
2511039841	1
2511399482	1
25115086	1
25120411	1
2512045975	1
2512484821	1
2513785820	1
2513809958	1
2513966058	1
2514013075	1
2514026192	1
2515233745	21
2516040014	1
25163231	1
2516334476	1
2516545195	1
2516675941	1
2516724463	1
2517039865	1
2517965257	1
2518124017	1
2519554788	1
2520185658	1
2520214992	1
2520234312	1
2520253956	1
2520529320	1
2520719083	11
2520753216	1
2521739210	1
2521739388	1
2521757300	1
2521770968	1
2521774206	1
25234870	5
2524684585	7
252514892	2
2525155513	1
25253796	1
2525579803	2
252580613	1
2525892205	4
2525906341	1
252624860	1
2527494464	2
2527511184	1
252773576	2
252869776	1
25290349	1
2529128598	1
2529334046	1
2529595999	1
253062405	2
2531939472	2
2534936455	1
253648668	3
253675480	1
2536788791	2
2538113785	2
254064153	1
2540665153	8
2541139646	1
254136706	1
2541813918	1
2541891632	1
2541923156	1
254228322	4
2542489340	1
2542526522	1
2542851289	1
2543428369	1
254345961	1
2543487674	1
2544478364	1
2545034461	2
254507476	1
2545212308	1
2545293830	2
2545864813	1
2546484209	1
2546889186	1
2546935291	1
2547053838	1
2547187608	1
2547188041	1
2547222918	1
2547290617	1
254729515	1
254775607	1
254908062	2
2549128200	1
2551401474	1
2551736942	1
2551905913	1
2552215742	2
255225286	1
255242103	1
255249826	2
2554107798	80
2556490411	1
2557515984	1
2558046752	1
2558096240	1
2558142553	1
2558343062	1
2558498077	1
2558654918	1
2558671560	1
2558692572	1
2558780481	1
2558796372	1
2558976854	1
2559099354	1
2559337945	1
2559636829	1
2560240356	1
2560618530	1
2560774490	1
2560842150	1
2560871077	1
2561683352	1
2561724956	6
2561962950	1
2562048781	1
2562167996	1
256232233	1
2562379892	1
2562566330	1
2562660817	1
2562701298	2
256322461	1
2563637089	1
2566179372	1
2566243057	1
2566308277	1
2566458096	1
256659644	2
2567518027	4
256889606	1
25689113	1
25691224	1
2570233256	3
257037374	1
2570416382	1
25704389	1
2570479190	2
2570489136	1
2570534082	1
257111338	1
2572323428	1
2572563200	1
2573100180	1
2573195443	1
2573210084	1
2573219300	1
2573246282	1
25738286	1
2573997704	1
2574044737	1
2574077917	1
2574095582	1
2574488893	1
2574860244	1
2575101426	3
2575278446	1
257608218	2
257661436	1
25770215	3
257802719	2
257805760	1
2579477766	23
25797807	1
2580457224	1
258079573	1
258110276	1
258131614	1
25827743	1
2584594087	1
2586017676	2
258612274	10
2586315260	1
25879941	1
2589647142	1
2589692922	1
2589734406	1
2589760213	1
2590325786	3
259059584	1
2591058054	1
2591088098	1
2591107476	1
2591126952	1
2591134195	1
25917423	1
2594893740	1
259494764	1
2595355027	1
2598120396	1
2599347240	1
2599427263	1
2599432178	1
259979809	1
2600071410	1
2600389056	6
2600977238	1
2601010897	1
2601025729	1
2601929005	1
2602074732	1
26029878	1
26046662	2
2605384560	1
260559365	1
26067145	4
260804576	1
260881465	1
2609999594	1
2610026922	1
2610027482	1
2610034837	1
2610040128	1
261024504	1
261031518	1
26103471	1
2611581830	1
2611839480	1
2611858165	1
2611894286	1
2611930801	1
261354349	1
2614480104	1
261460365	2
2615738922	2
26166011	1
2617032362	1
26250595	2
262592705	2
262887351	1
26297929	1
26308290	1
26376384	1
263860145	6
26415984	1
2643714854	9
26468371	2
2649921242	9
265066062	1
2651596849	4
2652836498	1
265318699	2
26559222	1
26564529	1
26574283	1
2657738660	1
26583295	2
2659473481	1
26604454	1
2665043143	5
26658589	1
2666696816	1
266721246	1
2669943158	3
26705006	1
267149304	1
26718451	1
26734588	1
267395430	2
2674468639	1
26751720	1
267621819	1
2676762737	1
26775476	2
2677616792	1
2678090893	1
268006481	5
2680132284	1
2684763042	1
26849804	2
268600023	1
268648909	1
2686999627	5
2687515982	1
268844094	29
2688470512	11
2689791589	2
2690573503	1
2692801200	4
2694624362	15
2694667118	20
269481325	1
2695590798	2
2696585702	2
2698137192	1
2699087383	3
2700426558	1
270430076	3
2704477236	1
27046692	1
2709903199	1
271048252	2
2711212681	2
2711411250	1
271211220	2
271407856	1
271459200	1
2714985810	5
2715646770	1
27164232	1
2717551425	1
27185960	1
271963762	1
27199826	1
2720144785	3
272067785	1
272125054	4
2722167346	1
2722660553	4
272357654	1
272357931	1
2726313374	1
2727437358	2
2727546311	1
2728393383	1
27284306	1
2730822508	1
2730855593	3
2732425088	3
273420645	1
2734698626	1
2735511486	1
273645645	1
2736561678	1
2736692525	1
2736894074	3
2737365409	2
2737430300	1
274032472	1
2741838917	2
274217373	1
2743448746	1
2743641378	11
2744219310	1
2748641509	1
2749335470	50
2750710350	1
2751046650	1
2751194333	2
2752899902	1
2752943262	1
2753470001	23
2753743832	1
2753769126	2
2753854811	2
2754013260	2
2754345013	1
2754704239	2
2756364883	1
275667670	1
275676002	2
2757042696	6
2757388535	2
2757875410	1
275822906	1
276126766	1
2761763315	2
2762558867	2
2762794756	1
2762922137	2
2764739508	5
2765603292	2
2765664118	2
2768250418	1
2768339684	1
2768438704	2
2769703270	2
2770793447	2
2770913916	1
2772041	1
27724029	1
2772601852	2
277279244	1
2772914821	2
27734496	3
2773514064	1
2773688905	1
2773910469	2
27760466	2
2776954038	1
27771267	1
277993952	3
2780604074	1
2781050528	2
2781274037	2
2781550178	1
2782025063	1
27828974	1
278303790	1
2783118875	1
2783502065	2
2783688857	1
278414888	1
2785328266	5
2786634639	2
2787667595	1
2788588083	3
27897645	1
2789808318	1
2790163941	1
2790408925	1
27914530	5
2792041422	3
2792802479	22
2793885015	2
2795260984	1
2795789015	14
2796938558	453
27975408	1
2798143788	1
2798653510	1
2798860966	1
27990259	1
2799276557	1
2799908841	21
2800972568	1
280121251	1
2801334731	77
280235129	1
2802620730	2
2803893447	1
28038974	1
2804870168	12
280571157	1
2806344577	2
2807212358	1
28100576	1
2810351260	2
2811409028	1
2812134266	1
281335763	1
2813432880	1
2814136474	1
2814840025	1
2815413699	1
2817584732	1
2817966517	4
2818012008	5
2818198537	1
2818243225	2
2818424798	3
2818985232	1
2820135667	1
2821163219	1
2821422789	1
282174002	1
2821905860	1
2823147779	2
2823763911	13
2825270328	17
2826416593	2
28277258	1
2828456851	10
28286587	1
2830105093	1
283013686	2
283013723	2
2830318542	5
2830849059	3
28318224	1
2832291375	1
283241032	1
2833000867	1
2834130400	1
2835569081	2
28372030	1
2837841	1
283924580	1
283969398	1
2839975129	2
2841194833	1
28425090	1
2842852898	2
2846650551	2
2847020799	6
2848624763	1
2849940664	1
285051289	1
285111689	1
285187223	1
2852234994	1
28581207	1
2858647806	1
285871622	1
2859670988	2
2860263182	1
2860799301	1
2861779502	1
28618520	1
286207807	1
2862909478	5
2863581578	2
2864193298	1
2864524709	2
2864841	1
286615330	1
28667207	1
286703	1
2867531362	1
2868040129	1
2871573916	1
2871636375	1
2872500201	7
2873869165	1
287441095	1
2874489085	2
2874538467	1
2874615120	2
2875031589	1
287510796	1
2875909930	2
28759529	5
28769199	10
2879010144	1
2879022646	1
287966215	2
2880143019	1
28807892	1
2881595931	86
2882124578	2
2883107349	1
2883603475	1
2883907999	5
2885298328	1
2885627313	1
2885711208	1
28858121	1
2886361155	1
2886530201	1
2886932446	1
2888531452	1
28885426	1
2888583159	1
2888729354	7
2889400523	2
2889972413	1
2890462752	1
289104912	3
28918980	105
2892739733	1
2893115784	8
289358443	1
2893937379	1
2895276587	2
2895388132	1
2895455096	1
2895774329	2
2895915621	2
2896018593	2
2896044141	1
2896401414	1
2896686750	1
2897498647	4
2898153623	2
2900497965	3
2901773686	1
290288265	46
2902969040	2
2903110151	2
2903243346	1
2903269091	1
2903682974	2
2903843159	1
2904061098	1
2904645425	1
2905030419	1
29054523	1
290669413	1
2906777092	1
2908494810	11
290876212	3
2911648575	2
2911878552	1
2912072247	2
2912095582	1
2912455268	1
291260395	1
2912801554	1
2913023527	1
2913469185	1
2914186927	1
291492488	1
2915039698	1
2915391	1
29157032	8
2916230596	1
29177687	1
2917850519	1
2917972925	3
2920184174	6
292286168	1
29231326	1
2923161125	2
2923205548	4
2924623681	1
2925126565	1
2925204334	1
2925733264	1
29287100	1
2928995946	7
29290940	1
29298932	1
2930397639	1
293123468	1
2931312159	1
2931615593	1
2931656797	1
29321298	1
2932432814	1
2935288546	1
293550313	1
293668687	1
294058898	1
2941745561	2
294176860	2
29450493	1
2945111705	1
2945948723	1
2946088539	2
294698088	1
29520123	1
29535305	1
295378743	1
29538715	1
295392822	1
2954398231	1
2956204705	8
2956444112	1
2958998054	1
2959516385	1
2961437163	1
2962676963	1
2963643124	1
2964477538	1
29644961	1
296585634	1
2966251421	1
2967034496	1
2968214603	1
2968256134	1
2968301068	2
2968578750	1
2968666129	1
29687448	1
2968815778	4
2968868020	1
2970371600	1
2972089007	2
2972367059	1
2972708349	1
297324765	1
2973969299	1
29748372	2
2974936475	1
2974998820	1
2975441660	1
2976286540	1
2976632763	1
2976659327	1
2977173871	1
2977723295	1
2979021506	1
2980084281	3
2982013384	2
2982339206	1
298246936	1
2982471489	1
2982753611	2
2985818862	1
2985847062	1
2986202697	1
2986622194	2
298663738	1
2987008626	1
2987537122	2
2987775689	1
2987913209	1
2988838710	1
2988991127	2
2989215966	1
2990011953	5
2991056838	2
29915373	1
2991665893	1
2992477557	1
29927236	2
299413616	19
2994311335	1
2994454250	1
2997013028	5
2997341832	1
2998159793	5
2998603947	1
2998782884	1
299891017	5
2999201984	2
299943599	1
2999632161	1
2999658401	2
2999671493	2
2999672518	1
2999752275	17
2999804950	6
2999842234	1
2999936308	1
3001224159	3
30012714	1
3001857558	1
300204824	1
3002100596	2
3004561936	1
3005559517	240
3006647632	1
300803547	1
300875086	1
3009542394	2
3009552116	1
30098358	1
30113224	1
3011500585	1
30117375	1
3012312726	2
3013702747	2
3014518981	1
3015860842	9
3015937503	1
3016858651	4
3017614609	2
3017654325	71
301768320	1
3018464680	1
3018836009	4
301886330	1
3019709081	1
3020853470	1
3022668393	20
3022836902	1
3023045008	2
30235277	1
30241783	1
3024285592	1
3024569141	2
3024686700	1
3024794532	1
30248205	1
3024856423	1
3024972048	1
3025518377	7
30256020	1
3025741090	1
3026988890	1
3027017436	1
3027039282	1
3027055218	1
3027069914	1
3027109656	1
3027120266	1
3027128060	1
3027138908	1
3027232146	1
3027237724	1
3027252643	1
3027266017	1
3027280615	1
3027286566	1
3027290414	1
3027299419	1
3027332107	1
3028030752	1
3028247079	1
3028273192	1
3028373332	1
3028511587	1
3028535478	1
3028851212	1
30290055	1
3029943511	2
3030907170	1
3030929809	1
3030939474	1
3030945205	1
3030952956	1
3030962090	1
3030973770	1
3031028527	1
3031134720	1
3031142892	1
3031185756	1
3031195058	1
3031244431	1
3031917623	1
3032032871	1
3037061194	2
3037641536	2
3038107536	1
3038260812	1
3038264936	1
3038282676	1
3038287009	1
3038297336	1
3038309876	1
3038322254	1
3038331926	1
3038340344	1
3038351108	1
3038361595	1
3038380609	1
3038422253	1
3039006156	1
3039821712	1
3039855500	1
3039885745	1
30402815	1
3040516770	1
3041358687	1
3041975059	1
304202454	16
30422978	1
3042440150	2
3044084388	1
3044159284	97
3044198697	1
3044727573	1
304505353	1
3045262137	1
3045408737	2
304594462	1
3046573181	1
3046597546	1
3047198523	1
3048356123	1
3048582817	1
3051781322	1
3052509402	6
3052746715	1
3053032687	1
3053360258	1
3053992470	1
3054004326	1
3054092665	1
3054124897	2
3054135146	1
3054200534	1
3054346369	7
3054665809	1
3054989192	1
3055019238	1
3055154484	1
3055162358	3
305518813	135
3055641318	3
3055756890	3
3056150047	2
3057079111	1
3057210684	5
3057684163	1
3058013994	1
3058075127	1
3059038717	1
3059703112	1
306193299	1
3062071730	1
3062926500	8
3062949434	1
3063277571	2
3063585179	1
3064388656	5
3064563064	1
3065074336	1
3065856747	1
306610628	2
3066198028	4
3066380613	3
3066383458	2
3066417601	1
3066445547	3
3066545500	3
3066792748	1
3067059263	1
3067072911	3
3067192425	1
3067494227	1
3067648583	1
3067720541	1
3069051065	4
3069142294	1
3069411875	2
3069536866	1
3069885952	1
3070340824	1
3071556705	2
3072531730	2
30726359	1
3073241957	1
3074528609	1
3075038879	1
3075672859	1
307705885	1
3077465792	2
3078012185	1
3080878647	1
3082024021	1
3082177902	1
308278376	1
3084444185	2
308547135	1
308611724	1
3086614812	1
3087869221	1
3088025604	3
3088545041	1
3089856371	1
3091394695	1
3091455286	1
3091880403	35
3091884801	36
30940468	1
3094750343	1
309581107	1
31001654	2
3100250551	6
3101996487	3
3102089024	4
3102288957	1
3103803095	2
3105221001	1
31064165	1
310643025	2
31064943	1
31079835	1
3108351	5
310893721	1
310917910	1
311119739	2
311488336	1
311773052	1
31197151	1
312106362	1
312171443	4
312388583	1
312442251	1
312812068	2
312900736	1
313525664	1
313888969	1
314005753	1
314061974	1
314249532	1
314367890	1
31464331	1
31473466	1
315273687	1
315354472	1
31543363	1
315920755	1
316295629	1
316319018	2
316380308	5
316404325	1
3168141	13
317004204	1
317041794	1
317253682	1
31800110	2
31810988	1
318441158	1
319727721	1
320223105	1
320338351	1
320501282	1
32147824	1
321510505	1
32161395	3
321692995	5
321920541	1
321974363	1
322138756	1
322711605	3
322963627	2
323255926	1
323296743	1
323638636	1
323808915	2
32389968	1
324026390	2
324431545	1
324967625	1
325248339	1
326247835	1
32639483	1
326404886	2
32656210	1
32674236	1
32700250	1
327141478	2
328040224	1
328140406	1
328303371	1
328741551	1
328853679	1
32906830	1
32952592	1
329945200	1
33046660	13
33090324	1
331058822	1
331072994	1
331422529	1
331913203	1
33264898	3
33274835	1
33286321	6
33328619	2
333747236	1
33421695	1
334610643	1
334818352	1
335046592	1
335174838	1
33563621	1
33575075	1
33575426	1
33593979	1
336121948	2
3364321	1
33699534	1
337348682	2
33747430	2
337631471	1
33766522	1
337773667	1
33780561	1
337942296	1
338373100	1
338687785	1
33931931	1
34002867	1
340639955	1
34068728	1
34194902	1
34255540	6
342577543	1
34296805	1
343191781	1
34387259	1
343937111	1
34416924	1
344294048	1
344973097	1
345398377	1
345524677	1
345544933	1
346120847	1
346144728	2
34639731	1
34716975	1
347716422	1
34779583	1
347880292	3
34852731	1
348642818	4
348757190	1
348892804	1
349301385	1
34939208	1
35002876	1
35005041	1
35096852	1
35114617	1
35159685	1
351748251	1
35193275	1
35224871	1
352372814	1
352407870	1
35365619	2
354106028	1
35411199	2
35420682	4
35487999	1
35499699	1
355754058	1
355866075	1
357086243	1
35727382	1
357501385	2
358284232	1
358295250	1
358299951	1
358300640	1
358304940	1
358504373	1
35860455	1
358738843	1
359192398	1
35934999	2
35969984	2
360087126	1
360327469	1
360884605	2
36102165	8
361259643	1
361265370	1
36212060	1
3623021	1
363199891	1
363463815	1
36420170	2
36437130	1
364514620	2
36460987	1
364813013	1
364980360	1
36506545	1
36510929	1
365154140	4
365288023	1
365321928	1
36564260	2
36573744	1
36612835	1
366537967	1
366738693	1
367337523	1
36741197	2
36816237	1
368409800	1
369799265	1
369868614	1
370291603	1
370881838	3
370990786	1
37102864	1
372053151	1
372559098	1
37273570	1
373255284	1
373457750	4
374289812	2
374575390	1
374610842	1
37469211	20
37496932	1
37575233	1
375980238	1
37603669	1
376367767	2
376416022	1
37646209	1
376499998	1
376753833	1
377013442	1
3771171	1
37716108	1
37721573	1
37732815	2
377353770	1
37910695	1
37918984	1
37941633	3
37956761	1
37972085	1
379815827	1
379816465	1
37982404	8
37996701	1
38017178	1
38019774	1
38053161	5
38062359	1
380781345	1
380943067	1
381217815	1
38131856	1
381696140	4
381872892	11
381942187	1
382132385	1
382706787	1
38332931	1
383568514	1
383927121	1
383951841	2
383988640	1
384006375	1
384520820	1
38469445	1
38469666	3
385015938	2
38502647	2
385245375	3
385249901	2
385338646	1
385400237	1
38549586	1
385571098	1
38569614	1
385779209	10
38587085	1
386787305	25
38727901	2
387436114	1
387998844	1
38859169	1
388647272	1
389060072	2
389320918	1
389353555	1
38964336	1
38964501	1
390381898	8
39048435	1
390561559	1
39077742	1
390957441	1
391053025	1
391664471	1
391815569	2
39196736	1
39214566	1
392416761	1
392739061	11
392921709	2
393125588	11
393145337	1
39350192	1
393650409	1
393797909	2
393806037	1
394385786	1
39477726	1
39546678	24
39549428	1
395536339	1
396175921	1
396834863	1
397230151	8
39757920	1
397949068	1
39806600	1
398262710	1
398277268	1
39939493	1
399524259	2
39979990	7
40004246	1
400233865	1
401137819	1
40133681	1
40173650	1
402154483	7
402340435	1
402353316	4
40241904	1
402876893	1
40289111	1
4029531	4
403070344	1
40367730	1
40374935	1
403846162	2
403992815	1
4044361	1
404592706	1
404853456	3
40631133	1
406727658	1
4071001	1
407231524	1
407308739	2
40761617	1
40769584	1
407895929	1
40811479	3
409255935	2
410166430	102
41035939	2
410699580	1
41097225	1
41139889	1
411740391	3
411786151	16
411937691	1
4120961	2
41215235	1
412567562	1
412596759	1
412611622	1
413704957	3
41420332	1
4142721	1
41434322	1
414600500	16
415038804	1
41537564	6
415666769	1
41601337	1
41656804	1
41712041	1
417256628	1
41753918	5
417632113	1
418331619	2
41837938	1
419728487	2
420781941	1
420789251	1
420995644	1
421343508	1
42176183	1
421812337	1
422106699	1
42234421	1
422793564	1
42326789	1
423501485	1
423958698	1
423985204	1
424383	1
424481268	1
424637184	1
42490625	1
425286807	1
42550002	1
42570174	2
42585300	1
425907178	1
425942351	1
426091279	1
427701172	1
42813519	2
42826771	1
42858599	1
428971031	2
429065890	2
429539867	1
430780202	1
430910759	1
43094882	1
430949694	1
43112283	1
43162411	1
431813145	1
43222757	1
432726108	5
432752273	1
43308061	1
433158220	3
433579861	1
43450719	1
435440167	1
43555217	2
43563011	1
436248154	1
43698437	1
437407245	4
43777248	2
43808296	1
438699432	5
43882881	2
43890674	1
43898598	2
439016986	5
439579676	1
43962686	1
440144494	1
44060322	30
44078873	1
441248955	1
442308094	1
442414705	1
44264894	1
44314358	1
443213589	1
444660256	1
44480204	1
445816267	1
445902563	1
44607198	1
44635746	1
446503703	1
446637044	1
44681528	1
44702550	1
447129562	2
44748620	1
4475091	1
44773468	1
44843270	1
44997977	1
450067470	2
45056461	1
450610574	7
45177475	1
453171962	9
453790845	1
45390431	1
45420272	1
454392264	1
45463387	1
455245270	1
45548860	2
455496620	1
455824771	7
45589224	1
456107944	2
45640092	4
456798680	1
456887147	4
456957462	2
45745017	1
458569560	1
458588328	1
458621197	1
458672048	1
45867904	6
459443439	1
459779185	1
461635838	1
461734125	1
461747437	1
46227914	2
463162523	1
46406002	1
464124434	2
4642951	1
464384144	1
464836260	1
46498124	1
465825439	1
466185506	1
466333756	3
46653996	2
466818805	1
466821972	1
467016678	1
46702086	2
46708846	1
468758663	1
47021683	4
47033183	1
470414162	1
47047946	1
470609177	2
470908834	1
471121755	5
471433948	1
47210557	1
47240532	1
47257691	1
472607721	1
472659133	1
47272490	1
473745411	1
474304890	3
474382655	1
47466055	1
475524030	1
476662287	1
47703013	1
477171208	1
477261135	1
477803311	4
478050993	2
47838954	1
47843	1
478979106	1
479757960	1
47993676	1
480850910	1
48123735	1
481352356	2
48169508	1
48280596	1
483064695	1
48373724	1
484408012	2
484773756	1
485382140	2
485494122	1
485613466	1
48568291	1
485930068	1
48597029	2
486072725	1
486112997	1
486309086	1
486468358	1
486755883	1
486968060	1
487924116	1
488646335	1
488810452	1
489022370	2
49024145	1
49025419	1
490332198	1
49054577	1
490580993	1
49099638	1
49104992	1
49118282	1
49138823	1
49174849	1
49178887	1
49216749	1
492334714	2
49255986	1
492568007	1
49327527	3
49448986	1
49514576	1
49533260	2
49537735	1
495634703	1
495974881	2
496039529	1
49637104	1
49642166	1
496444554	1
497129954	1
497372206	1
498166332	3
498468453	1
49888855	1
49902313	1
499411395	1
4997601	1
50043679	1
50148845	1
50177984	2
505116245	1
505322398	1
50739457	1
507963717	1
507972021	1
508028610	1
508993989	1
509162547	1
51160074	1
511970896	1
513251572	1
513557825	1
514301654	1
515780586	2
51599407	1
516096222	2
518818549	1
518954841	1
519290659	1
51932290	1
51985805	1
519930044	1
520104860	4
52095991	1
521737922	1
52247328	2
52340559	1
52429763	1
52478162	3
5252591	1
525373209	1
525885295	1
52609099	1
52615153	1
52718098	1
52718672	1
52746656	1
527541076	1
527900414	1
528770977	3
528992446	1
529167074	1
529254470	1
52958940	1
529643920	1
52984426	1
53037840	1
5306652	1
53215424	8
532404625	1
533213296	1
533398463	1
533972176	1
53414069	1
534498392	1
534877240	1
534934690	1
53509516	1
53514622	1
535325272	1
53594170	1
535977623	1
536102244	1
537018713	1
537128946	2
537502457	1
5403552	1
54094470	1
541219315	1
54204222	1
542204113	1
54419125	1
545618159	9
54594436	4
54643082	2
548112921	1
54879118	11
548791763	2
54931385	2
54934215	1
549657836	1
549673518	1
55026273	2
550690961	1
5511422	2
551316487	1
55171633	1
552169784	1
55282754	1
553461827	1
553658449	1
554054029	1
55424701	1
555186610	1
555525022	1
55561590	17
555918043	1
55628042	1
556507503	1
55737961	1
5580862	2
558701945	1
559118898	1
559434938	1
559675462	1
560426115	17
560859074	1
561705015	1
561742581	10
562132605	1
56287225	1
562995991	3
563401291	1
56463557	4
56494802	1
565059874	1
565121434	1
56606564	1
56660706	1
567220738	2
567367374	1
567452784	19
568633159	6
56864465	1
569653321	1
569954157	1
570108594	1
570154956	2
570481298	2
57183670	1
57184708	1
57260327	1
5727392	1
57343654	2
574561631	1
5753932	4
575576964	50
576292771	1
576454751	1
576801455	1
5768622	1
57715740	1
578077334	1
578383794	8
57849762	1
57936659	1
581299509	1
582252198	1
582689833	2
583084442	3
583261582	1
583323699	1
583425541	1
584199171	1
584837915	2
5848722	2
586068029	1
58652546	1
587737606	1
588037881	1
588343057	1
58916964	1
589594895	1
59035579	2
59040319	1
591417279	1
592096380	1
59316733	1
59332648	1
59333989	1
59393368	1
5943622	2
594561393	1
595659014	1
597485789	2
59842682	1
5986922	1
598763207	1
598865116	1
599449330	2
599575091	1
600115370	1
600580896	1
60092805	1
60113926	1
60139630	2
601492130	1
60150406	1
601627047	1
602184380	1
602288530	2
602449513	1
602908469	1
60309123	1
60350585	1
604160529	2
6041742	1
60439638	1
604610969	1
604745064	1
605643	1
60596900	1
606340754	1
60639656	1
608259746	1
6096882	1
610158907	1
6107302	1
61081513	1
611418711	2
611798627	1
611987690	2
61209231	1
612135517	3
612457394	1
61255546	1
613236326	1
61342056	3
613858801	1
61489599	1
616110173	6
616219267	1
61661638	13
6172452	1
617760963	2
617972512	1
618388111	1
618862388	1
619026070	1
619948244	1
62155958	1
62309372	1
624413	4
624852565	2
62575859	1
62597423	1
626345722	3
62743904	1
627695874	1
62786647	1
628638850	1
62889705	1
62988177	1
629972636	1
630439865	1
630577679	1
630928277	1
6311942	1
632104194	1
633062654	1
633659682	1
633777072	1
634735245	6
635580208	1
636326835	1
63915255	1
64109894	5
64341848	1
64446488	2
64822219	1
64888916	1
6517732	2
65189943	1
65445177	4
65681636	3
6641292	1
67177879	1
67311023	1
67416649	3
67582229	1
67585143	1
67683728	5
67975628	1
68090711	1
68559732	7
68570324	1
68779287	1
688483	1
68871144	1
69037542	1
690823	1
69107391	1
69187710	1
69303610	1
69627447	5
6968182	5
700217426	1
701411095	4
701464597	4
7028602	2
702993	1
70306883	1
703627689	2
704897486	104
70524173	1
705540042	2
705890929	1
70748534	2
70755249	1
70778344	1
709635912	1
710009036	1
71278394	1
713466386	1
713703260	1
71680880	10
7177512	1
71776461	1
71832238	1
7184612	2
718502766	1
718626564	1
720844330	1
7213952	1
7219	2
72258382	2
72261425	2
7227662	1
72453943	1
725577499	1
725777713	1
72699258	1
72781403	2
7286072	1
728700470	2
72928001	2
72980897	1
72987385	1
730086612	1
73074106	1
73111754	1
733152817	1
733533786	3
733661322	1
73541336	1
735643934	1
73782019	2
737957498	1
73972116	1
74104397	2
742234358	1
74333952	1
74815234	1
74905565	1
75059992	1
7517052	1
752836645	1
75346149	1
753649260	1
75405635	1
75455141	1
756132306	1
756411806	12
7566302	1
756949772	1
75718330	2
75738534	1
760195754	2
7608932	1
761609510	1
761881459	1
76369001	1
763949940	1
765043	1
76529396	14
76554388	7
765554804	1
7657522	1
76642854	1
766675914	1
767403506	1
76744795	1
767658752	1
76921999	2
771629515	4
772467205	1
7725712	1
772817671	2
774599383	3
774864242	1
77595516	1
776686735	1
777992894	1
779088110	2
779098418	2
781014	1
781261333	1
782030712	3
78617337	1
786764389	1
78697036	1
787601335	1
787945866	2
78925997	2
78959991	1
790062926	1
79283429	1
793654387	1
794108792	1
795408560	3
79563975	2
801218796	1
801698222	2
8030292	1
803081406	2
80381713	1
803977459	2
804995882	2
80554933	2
80660848	2
80697114	1
808669694	1
809122560	4
809717508	1
810053322	1
811218812	1
811734925	2
812291096	1
813793326	1
813793495	2
81387532	1
814071170	1
81458491	1
81525608	1
815308128	1
815942090	1
81638643	1
816527365	1
81706093	1
81715790	1
818081647	4
820031509	5
820110584	4
82131836	1
82143051	6
821464674	1
82251214	1
822825	1
823991053	1
8241232	1
824507592	1
825308972	1
825744584	1
8275492	1
8308222	1
83180939	2
833689177	1
834074802	1
83516628	1
83687309	1
83816037	2
839504473	1
839705228	1
840621122	1
8407412	1
84378083	1
84402174	3
84444981	2
845632164	1
84624483	2
84624919	2
848657047	1
8486712	2
849824095	1
849923298	1
850780878	1
85136516	1
8541322	1
85413569	5
856549532	1
858298832	1
8592732	1
85941136	1
862679882	2
863145667	3
8632782	1
86437069	1
865866092	1
86589070	1
86624521	2
866937038	1
86822482	1
868842409	1
869067559	1
869939479	1
870818204	1
87269828	1
874031	1
87464270	1
874763028	1
87500545	1
87591850	1
876168212	1
877933404	1
87822271	2
879376561	7
879711720	2
88055463	2
88138568	1
882117229	1
88215408	1
887704477	1
88821067	1
891616633	1
893846334	4
89386309	1
89431676	1
894442988	44
89491245	1
89506705	1
896638418	1
89901149	1
89904900	1
902101824	8
90272103	1
903932810	1
904039608	2
904968246	2
90621602	1
90670105	1
906752048	1
906884648	1
9071062	3
90727086	1
9075622	1
91150434	1
91180198	1
91383861	1
91632750	1
917160595	1
92001490	1
9215452	1
92236235	1
92281665	1
92335219	1
92386636	1
924239384	1
92562388	1
92597709	1
93102196	1
93208882	1
932502344	4
93279692	1
932806561	2
93482663	1
935108762	1
935242836	30
93532074	1
93687723	3
93688789	2
93903491	1
940108926	1
94058277	1
94150003	1
942634814	1
944206759	1
94653842	1
946957866	2
94766921	1
94999021	1
95037522	2
950517078	3
95083293	2
95084967	1
95107840	2
9547482	2
95483024	1
955611	1
95651209	1
95707794	1
95917532	1
960795379	1
960834355	12
96116489	1
96156824	1
962377910	1
964081537	1
96566924	1
96679651	1
96697176	4
9672222	1
968722326	2
96917409	1
97286991	1
973698306	1
974097816	1
974401542	1
974480149	1
975116011	2
975535279	1
97627107	2
97694569	1
977984095	1
978788874	1
97977288	1
98230642	1
983143297	3
983655260	5
984279223	2
98560220	1
98926033	3
989657845	1
990937550	1
991977150	1
992182100	7
99246557	1
99341998	1
996217357	1
99716658	1
9972002	1
