1019146357	2
102325185	4
1026856945	1
1042063184	1
104667619	1
1048291658	27
105534480	27
1066758626	1
1072940342	5
108657905	289
108746125	5
110015414	2
110273384	106
110793585	1
1109112762	1
1121651484	1
1121673272	1
1125652429	32
1126671672	2
113084080	33
1140098136	4
114130193	1
1149025741	1
115108283	1
1160259043	1
1163006863	1
1169917530	90
1176155419	1
118705559	1
1188048668	1
119542398	2
119598158	1
119714444	24
119720315	1
121158213	1
121942242	1
1220885712	270
122180291	1
1229794712	1
123483370	1
124263489	3
124274495	2
124631286	6
125154154	1
125445231	34
1259313956	239
126717954	2
1272751392	14
128500019	12
128807741	74
128819708	1
130772025	2
131716288	2
1318358112	4
132879538	3
1331072995	1
133748004	1
1342827500	1
1345862960	6
134782830	6
1357126620	32
1359963570	1
136802838	2
137654240	1
1376840120	1
1379535314	244
1381435759	62
1383751964	1
1386531	1
139707166	2
1403595643	3
140577612	1
1410387692	1
141710222	1
14217906	1
14438135	17
144643595	1
144778148	1
1448152554	32
1451620352	3
145493922	1
1464247902	270
1473563539	3
1477143516	3
1490346896	12
149324663	1
150190794	8
151004677	4
1517115733	2
1533387092	1
15344627	1
154495484	1
15452937	1
1547073288	5
1551149910	86
155311321	1
1554889094	3
15592197	1
155992637	1
15751504	2
15814096	1
158275112	2
1582839288	2
15857259	1
1587669835	3
1593383790	8
1597660010	1
1599491666	1
1601683238	4
160496310	1
16080467	1
1612686216	2
1619522346	3
162655910	7
163405160	1
163593542	1
1638649981	1
1640244985	1
164814211	1
1650497851	3
1659236520	1
1671345457	1
167260697	1
16914488	6
169406388	1
1707392064	1
17108251	18
171887071	3
17287657	4
17289383	9
17296341	1
1731910722	13
17427729	1
17546069	1
17609113	58
176179944	1
177799154	11
178627771	1
179022357	4
179785547	2
180274551	1
182438498	1
18316690	1
183787602	1
1842875479	21
1854686041	1
18571616	1
186879987	1
187222228	1
1873758290	2
187572280	3
18762094	3
1882723771	7
188641199	1
189481046	1
18951658	1
1896201991	1
190266566	1
1903559976	2
1913673594	4
1913820852	1
1923159170	8
1931321792	1
19329764	1
1933410025	271
193620259	4
19399038	2
1945910352	1
1946279065	2
19723900	1
198249670	2
20243744	8
202542227	1
202559902	1
20469359	1
20704612	1
20822796	1
20826640	1
20906930	1
209424197	14
211797887	1
2149231188	17
2150794934	45
216490217	1
217038981	1
218381264	2
220296908	2
2203474081	1
2206391023	4
2214510864	1
2225300413	5
2227715409	1
2228897797	1
2229434286	1
223110096	3
2232469315	1
223775609	1
224252766	1
2242596074	1
2248620090	2
225423130	7
2255955607	1
2274776730	1
2276638962	1
2283040801	1
2289458921	1
2290465472	752
2291026128	3
229143589	25
229226539	40
22973017	7
22973153	1
2297422230	23
229999530	1
2303548104	1
23074277	12
2309410028	1
23102962	3
23108103	1
2311656001	1
2316583147	1
2322029732	1
23222641	1
2322782731	1
2325073788	1
2327099402	1
232891639	1
2329218049	1
2330535643	2
233452421	2
2337991430	1
234268954	4
235082515	9
2353396392	1
2354548158	1
23557976	1
2358350928	1
2359203647	1
2359276710	1
236212154	6
2363914387	1
2365373972	94
2368238768	2
2373813025	247
2374202440	1
2376505506	1
238037420	1
2382572334	5
2385812455	18
2386786850	1
2388496231	1
2393522197	3
2402331338	13
241622438	2
2419970916	11
2420706757	2
2421804588	1
2428450159	13
24317132	4
2435050334	3
2439423905	2
2445513956	16
2446971672	3
2457056802	2
245779558	3
2461556142	78
2472284360	22
2476716169	12
2485341518	2
2493258062	5
2495542669	1
249955041	2
2503995361	2
252107443	5
2521378962	7
252212479	1
252571367	1
253001027	1
2532673520	1
253432854	2
254232727	15
2542780982	1
25464068	3
2546508666	2
25488729	4
25539759	2
2570479190	1
2570931200	1
2572764091	1
2578514034	59
2594158140	7
2596288916	8
2597018305	1
2599339568	236
2600651654	1
2608950624	1
2612179320	1
2613367436	1
2617017676	2
263787098	2
264343512	2
2654379788	1
2669632328	19
2684011837	1
2686873796	1
2686999627	8
268968611	1
2706061818	10
27092508	1
2709796334	33
2712017491	1
2713790683	5
272651307	1
2728466411	3
2737088710	3
2742105492	1
2744239254	2
2748417222	1
2748517662	14
2748944294	94
2751141833	1
27652717	99
2767336419	1
2770308996	2
2775693165	57
2776939101	1
2776993474	1
2777010028	1
2785959378	1
278926785	1
2790363503	1
2790369209	1
2790390946	1
2790393664	1
2792087110	9
2793398169	1
2800541025	1
2800650186	3
2801916046	1
2803676899	1
2806002013	1
2807348204	2
28166574	2
2816742643	1
2818198537	2
2818243225	17
2819049914	1
2819345568	10
2820414090	1
2820450228	1
2820517135	1
2820521167	1
2821427140	1
2823182148	1
2823188604	1
2823193770	1
2823212972	1
2823257707	1
2827634815	25
282782650	2
2828032714	112
2828038929	204
2828169123	111
2830209289	1
2831203193	7
28366310	15
2836810176	1
2837295532	26
283788648	4
2841232228	1
2841917693	2
2843018131	1
2843785329	1
2846751165	12
2850173854	1
285328829	7
2858272045	1
2860737771	2
2872079614	19
2872099588	1
2872120540	2
2872127962	6
2875264515	1
2882417429	6
288302031	2
2884225803	2
288662660	1
2886696132	20
2887130764	1
2890512479	5
2895923141	1
2897048049	1
2902424509	2
2902478890	1
2903742124	1
2907122325	1
2911786824	6
2913840473	2
2923582927	1
292935889	1
2929743297	1
2936210342	1
2939333729	1
2939844591	2
2946598523	3
2949504267	1
295392640	1
2960058440	2
2960440083	10
2961451940	3
2962834552	2
2968210600	1
2968227417	1
2968256134	2
297334964	1
2974956982	6
29752034	1
2981334604	4
2982760043	2
2984558894	3
2984903591	3
2985903545	1
2987006919	108
2989961139	112
2990164907	3
2990581845	1
2998925995	5
2999827295	3
3000540487	1
3001689924	1
3001862243	1
3004073602	2
3006279621	2
3006834917	4
3009073544	1
3010873502	1
3011374530	113
3016728905	3
3017486930	4
3017517320	5
3018836009	2
3019202790	118
3019229184	145
3019230188	149
3019246848	116
3019246891	145
3019254948	147
3019262802	117
3019263338	149
3019268126	117
3019283839	117
3019284048	150
3019287073	116
3019288603	117
3019295430	13
3019299559	146
3019301790	12
3019305283	119
3019323110	148
3019327638	10
3019340491	144
3019353116	131
3019359433	139
3019367928	4
3019375609	118
3019377559	132
3019379922	4
3019391869	3
3019394582	146
3019401050	5
3019403918	4
3019405428	113
3019411712	149
3019419456	116
3019463570	146
3019468490	116
3019470259	112
3019477736	149
3019501668	148
3019506877	117
3019520364	148
3019540862	118
3019542955	115
3019558388	6
3019563943	146
3019571600	148
3019575163	116
3019649784	149
3019674769	5
3019675454	143
3019679827	4
3019692883	5
3019715906	4
3019803276	5
3019812314	4
3019829384	148
3019852123	149
3019875344	5
3019910034	5
3019911410	5
3019916660	5
3019923686	148
3019932427	4
3019954074	145
3019958900	4
3019972470	146
3019978566	147
3019980870	150
3019990802	4
3019993602	4
3019996430	4
3020002855	4
3020006378	148
3020022066	4
3020024546	150
3020025583	145
3020037830	117
3020044850	3
3020044909	4
3020050927	5
3020116165	5
3020352846	4
3020357600	148
3020368800	145
3020377296	115
3020383128	149
3020392052	148
3020402372	146
3020404076	150
3020413813	2
3020420856	4
3020448758	4
3020463145	4
3020464370	4
3020482165	5
3020493745	147
3020527297	4
3020967674	150
3020990504	149
3021078684	4
3021133237	4
3021372549	7
3021445059	141
3021457127	140
3021459153	139
3021475889	139
3021518997	113
3021523791	113
3021549803	111
3021597958	114
3021606066	149
3021697166	4
3021720679	4
3021723427	4
3022369502	1
30226974	3
3024862290	1
3026426097	137
3026437803	139
3026523640	135
3027155099	2
3027295576	7
3027893434	4
3028192509	110
3028280722	111
3029092563	13
3030516292	137
3030584470	140
3030626177	111
3032445748	138
3032448370	139
3032452114	139
3032452552	113
3032460658	112
3033256927	1
3033753705	26
3034700999	2
3034747425	111
3034825001	139
3034844434	114
3034880488	6
303800471	5
3038649658	3
3039404060	1
3039588454	1
3041152573	1
3041436165	3
3042380027	139
3042381609	138
3042435472	140
3042437021	109
304409162	2
3044159284	1
3044569347	112
3044589357	111
3044617829	139
3044644330	117
3044645080	113
3044645392	114
3044663542	112
3044852217	116
3044892335	116
3044894675	118
3044919820	146
3044923342	116
3047230583	4
3054045080	1
3054271427	1
3057608414	3
3058963173	1
3059038717	3
3059128738	5
3059703112	1
3062071730	1
3063480060	1
3063869663	6
3064352649	1
3066855883	1
3066892202	2
3067014205	2
3067431226	2
3070148788	1
3075030454	2
3079193583	1
3087496781	1
3091622827	15
3092429249	1
30940468	2
3096448952	2
3097256958	2
31437738	69
316485110	2
317293844	2
319811967	716
325125108	1
32811446	1
331056224	9
331532983	1
331606513	2
332682421	1
33662065	1
337308744	1
34300971	1
346630029	1
346638282	1
348642818	1
349824482	1
34992519	2
351118152	1
352572760	3
35479046	1
357401155	1
358132186	1
359342178	1
361195202	2
364241111	1
365500988	1
365673829	1
367337523	1
369174957	2
369772151	4
37149640	2
372343193	1
373457750	32
373969891	10
374101804	4
374993140	1
37606449	2
37820549	3
378215053	1
37854849	1
381169850	1
381171283	1
381171525	2
381174944	1
381180717	1
381186602	1
381191034	1
381191572	2
381195957	2
381202387	1
381218000	2
381225061	2
38236592	1
38448277	2
387301360	3
38837865	1
388584437	2
391663017	7
393450801	40
398996457	1
39964800	1
399780751	1
400366404	1
40183734	2
404475991	1
407666826	1
407842270	4
410673248	2
413259079	5
413855425	1
41807351	4
420222544	1
421169033	1
425474202	1
425894696	1
42589787	1
427430151	1
434574997	1
436492163	1
43693024	1
437781081	2
440036814	1
44083334	1
442691734	1
452853780	1
45683950	2
461953368	1
462710481	1
463162523	1
467191763	2
468250635	1
468495534	1
475658697	1
477226593	1
479030699	2
479330647	1
48162069	1
486064418	1
487492096	1
49074629	1
495974881	1
498067395	1
500515572	4
51385735	1
518097009	5
519882616	1
521912725	8
529167074	60
538125921	1
542324757	9
54536679	3
546451380	1
55634694	1
561044371	1
563093304	2
563454346	1
564985411	1
566637308	2
577492700	3
57803027	10
587563290	28
588382160	26
592729858	1
594105875	1
594191703	1
59446165	2
59544964	1
599681087	1
600040280	1
601216199	8
601818798	5
603444593	1
606303072	1
610904764	3
613756414	1
613769800	1
622684368	2
626922492	1
627005460	1
62886110	2
63014149	2
63102012	1
63235670	9
636233189	1
64438641	2
64984150	1
65322179	1
65622171	2
66057500	2
67013704	8
67345697	1
67934080	156
6799092	1
68334059	1
70025109	9
710787926	1
714498283	1
718835348	6
718957124	2
73081987	1
73545832	1
739716859	1
749103409	4
752836645	5
770317610	4
770328181	1
771629515	1
787021939	4
788937373	6
79233326	67
799100228	1
800297028	1
802310934	1
805040004	1
806907156	1
814098703	1
819743767	1
830020351	13
83421519	1
83620543	1
838127461	1
846393199	1
847134716	9
850301360	9
857008494	1
857586392	1
862756034	9
863145667	11
87533919	1
875760888	1
879017065	1
88468847	1
891616633	2
894200077	18
89707656	19
906735979	4
90696617	1
930912222	1
936824448	1
947024070	8
949976822	3
953592132	1
960727753	26
968400870	13
97334517	2
98256464	6
986036827	4
987771205	1
989666120	1
995518536	2
