100010671	1
100024370	1
1001353022	1
1001641908	5
100182054	1
1002324031	5
100258014	6
1003504944	1
1003946960	2
1003953817	2
1003961569	1
100453087	1
1005140833	1
1005382280	9
10058692	3
1006497116	1
100718937	1
100773976	1
1009555608	84
1010455891	1
1012917308	1
101394526	1
101526249	1
1015748774	1
1016983884	1
1017977054	1
1019146357	10
1019950250	151
1020004105	3
1020054625	1
1020081481	1
1020104557	1
1020171044	2
1020182690	1
10212992	1
102213718	1
1022242130	1
102258057	2
102325185	9
102475599	1
1025411929	1
102601953	1
1026856945	9
102765885	1
102816266	1
102854397	1
1028672809	3
102932800	7
1030372999	1
103190117	1
103241466	2
103262268	1
103344855	2
1033587697	2
10352582	1
103580524	1
1036157252	5
1037080806	1
1037956746	1
103797200	1
1037972209	56
10381282	5
103812870	8
1039838952	1
1039855052	1
104040191	1
1040551766	1
104159277	1
104185085	3
1042063184	4
1042427588	1
104255069	1
104306749	1
1044916752	1
1046352450	2
104667619	18
1047956222	1
1048291658	49
104939513	4
1050104790	1
105011437	1
10504552	2
105133	4
105184102	1
1052381485	4
1052866327	1
105366463	1
1053677935	1
1053958908	4
1054610820	7
105534480	51
105544862	3
105622994	1
1058507322	4
1058787942	3
106027582	1
1061164254	1
106197499	2
106363496	1
1064015220	1
1064700308	1
1065444799	1
106593896	35
1066719036	1
1067061	1
106796765	1
1068452287	1
1070287034	2
107087487	7
107197743	1
107201367	2
1072940342	5
107402923	5
107448189	1
107562073	6
1076916151	1
1076946247	1
1077079634	6
1077087198	4
1077398336	2
1077850658	2
107815485	1
1079283936	1
107974457	2
1079757560	1
1079984384	1
1080498338	2
108083639	1
108234543	1
108362740	8
108416566	1
1084494096	1
108463025	2
108556027	2
108617488	31
108620406	1
108657905	2290
1086930998	1
108746125	12
1089438158	2
1089678500	1
1090766598	1
109168512	1
109225053	1
1092298711	2
1092348054	1
1092377130	1
109272922	1
109413442	1
109491918	1
10958172	1
1098611474	1
109919637	1
110015414	4
1101216644	32
110126964	2
110273384	423
110357173	1
110365899	29
110377710	1
110531934	1
110581612	1
1106144731	1
1106420281	1
1107048259	1
1107256440	1
1107783409	2
110793585	35
110802477	1
1108444442	1
1110623197	3
1114229978	5
111568576	2
1116261325	1
1117937012	1
1118300634	27
111838410	7
111865481	1
111916870	1
1120166641	1
1120317620	1
112156764	1
1121651484	3
1121673272	3
1122315331	2
112260514	1
112317039	65
1123518576	2
1125032940	1
1125054236	1
1125462967	1
1125550903	1
1125652429	108
1126244166	1
1126292312	1
1126671672	5
112729525	1
1127626405	5
1128272371	1
1128700334	4
112904922	1
1129760101	1
113072221	1
11308402	2
113084080	66
1131471740	3
1131658914	1
1132398474	1
113500123	11
1135122428	2
1135656030	5
1135836444	1
1135840272	1
1136106835	15
1137292440	2
1137436788	1
113797481	2
113826929	2
1139986442	1
1140222703	1
114130193	6
1142469860	3
1144446348	2
1145303076	1
1145573671	1
1149025741	7
1149751	5
115077572	2
115108283	8
115182402	1
1152057698	1
115221411	1
1155859968	1
1155879121	1
115632221	3
115647056	1
115671740	2
115673175	1
115686442	1
1157594467	5
116123077	2
1161376614	2
1163006863	10
1164049710	1
1164984840	1
1165456369	5
116705429	1
116710953	1
1168138021	2
1169340414	1
1169884249	1
1169917530	78
117032815	1
1171935320	1
117341231	1
1176155419	3
11764992	1
117835511	1
118174404	1
118399956	1
118527864	1
118631229	1
1186349419	1
118653832	4
11868032	1
118794845	4
1188048668	2
1189850912	2
119226044	1
1192982863	1
1193780617	1
119542398	1
119628815	1
119714444	92
119720315	3
1198294142	1
119854699	4
1200147410	1
120099533	1
1202389375	3
1203866802	5
120485984	2
120496726	3
1205438846	1
1206289380	1
1208632380	2
121158213	620
1211763475	1
121208633	2
1212621606	1
121374851	1
121376807	3
121481740	8
1216116918	1
1216133119	1
1216189410	1
1216429868	1
1216853166	1
1217218014	5
1218489630	46
1218563611	1
121942242	2
1219728530	6
121986263	2
122035491	15
1220885712	1802
122110700	4
1221617064	1
122180291	8
122202601	3
1223151666	1
122460702	6
1225971840	1
1226671110	1
1227608599	3
122896733	15
1229478864	1
1229794712	4
1234029480	1
123423476	13
1234647901	1
123483370	5
1236525295	2
12365342	1
123683815	1
1237702050	1
1238578664	1
1238915544	5
123997989	2
124258437	1
124263489	3
124274495	6
1243141526	1
1244201995	1
124437749	1
124444197	1
1244875680	1
1245354523	1
1245579715	49
1246011408	1
1246096020	5
1246640292	1
1246698078	1
1248265128	1
1248912937	1
125154154	8
1252376239	2
125445231	49
1256638556	1
1257163740	1
1257642120	2
1259313956	1583
125938071	1
1259502380	1
1259510083	45
1259562019	3
125970114	1
1260166998	1
1260550159	1
126067662	3
1261586498	1
126202421	1
1262289108	1
1262788236	1
1263108192	2
126312082	1
1265773064	4
1266376038	3
126664025	1
126717954	7
1267189164	1
126731975	1
1268138899	14
12695752	1
1271261790	1
12716032	3
127208712	3
1272162324	1
1272751392	46
1273320391	2
127467837	1
1277178181	1
127911494	3
1279861448	1
1279888788	2
1279976640	1
1280187702	1
1281101401	1
1283519791	1
1284066379	1
1284961766	1
1285740319	1
1287297746	1
128778910	1
12880302	1
128807741	2
128819708	5
128987539	3
1290452180	3
129148702	2
1291850300	1
1291896133	1
1292099478	1
129226179	1
1293062600	4
1295465420	1
1296952741	1
129822171	1
1299531312	37
130078153	2
130296877	3
130772025	3
1308189691	2
130862085	2
131117481	1
1311248479	1
131150573	17
131246460	1
1313359153	1
1315225639	1
131532583	2
1316609299	1
1316832073	1
1317108294	10
131716288	2
1318358112	3
1319893070	1
1320247970	1
132027072	1
1320990102	1
132186167	3
132213606	1
132288724	1
1324141003	7
132634672	1
132662671	1
132843432	1
132879538	1
1328971326	17
1329243757	1
132928924	1
133102994	1
1331072995	2
133171345	1
1332931718	1
1333023510	3
1334463763	1
1335071162	1
1336345561	1
133748004	1
1339495052	1
1339833727	1
1339912453	4
1340012726	4
1340284129	1
134031063	1
134073189	1
1340827260	3
1341785041	1
134370218	1
1343777125	444
1345862960	51
1346178702	15
1346294772	1
134782830	34
1347962413	1
1349705772	1
1349856667	8
1351193060	1
1352595571	1
1355060108	1
135548094	1
135642125	1
135706410	1
1357126620	41
13573252	2
1357684844	1
1358146357	1
13589212	4
1359048132	1
1359258158	18
1359963570	5
136056869	1
136183767	1
136386053	2
1364226660	1
1364609148	1
136622022	1
1367009304	1
136842204	1
136889848	27
136902922	2
1369919335	1
137292432	4
1373485399	1
1373510713	1
137654240	16
1377278964	1
1377472224	1
1377989826	1
1378207446	1
1379091996	1
1379535314	1972
1380116947	2
1381154540	1
1381435759	37
138153641	1
1382215398	1
1383627481	1
1383751964	16
138404716	5
1384077925	9
138408640	1
138458523	1
1385026226	1
1386531	11
1386621757	5
1386709524	1
1386711163	1
138863174	2
1389203360	3
1389997424	1
1390377960	15
139331458	1
139410005	2
139489916	1
1395203761	3
139599292	1
139700190	1
139707166	4
1397543035	1
1397592666	1
1397643751	1
1397787733	3
1397880925	1
1401397116	1
140358745	3
140577612	2
140641561	8
14073875	1
1408000388	1
140840560	1
14087623	1
1409240437	1
14096763	1
1410387692	2
1410417836	1
1410652320	1
1411790947	2
1412288186	2
1413027896	1
14131330	3
1413238590	1
14163577	1
14166034	1
141724413	1
1417942526	1
14183198	1
14184633	2
1418617813	1
141879409	20
14190082	1
1420021099	1
14210851	1
14217906	2
14218219	1
1421901314	1
142265933	2
142404598	1
142470578	1
142582725	2
1426030922	2
1426086896	1
14262106	1
14265482	1
142677388	1
142786389	15
142814024	5
142816837	2
1429531814	1
1430525612	1
1430528928	2
1430616955	1
143071049	20
1431641346	1
1433588227	1
14354243	1
1435536728	1
143631692	1
143726670	2
1437300793	2
14377173	1
14379176	1
1438561632	1
143977123	2
1440122690	2
1442418726	1
14428875	1
1443386496	1
14438135	27
1443840840	1
1444210021	1
144778148	2
1448152554	3
1448981648	1
1449506407	2
14507120	2
1451159060	1
1451620352	29
1451716218	1
1451759354	1
1451815592	1
1453258104	1
1453599253	5
145590312	1
145597506	1
1456384513	1
1457207868	2
1457218807	26
1458890960	1
1459192873	1
1459449972	6
146057813	3
146128105	15
1461649975	5
146249667	1
1463198989	1
1464247902	1931
14645435	1
146499787	1
146591528	1
146659196	2
1466650980	1
1467345996	1
1467412392	2
1468438044	1
1468723320	1
1468785054	2
1469275964	30
1469977963	1
1470635203	2
14729933	1
1473431	3
1473563539	5
147661254	1
1477143516	2
1478266598	1
1479524845	1
14795444	2
14802885	1
148104114	1
14814762	1
1481868510	1
148243590	2
1482522108	1
148283405	2
1483912172	1
148498382	1
1485332827	1
1485351990	1
1486666616	1
1487618930	3
1488051955	2
14886375	8
1489170468	1
1489626829	1
1489766923	1
1489904436	1
1490346896	35
1490576629	10
1490707860	1
1490980105	6
14923571	1
1492456590	1
14925585	4
149288363	1
1493340128	1
1493474984	1
149402257	6
14948012	2
149544139	1
149560373	4
1496052325	1
14974177	1
149753438	3
14982279	1
1498420508	1
1498456070	1
1499852552	2
150094848	3
150129791	1
150190794	22
150340010	1
1503698011	4
1503873204	1
150748577	1
15077546	1
15090587	11
150966783	17
151004677	38
1510131788	1
1510153513	12
151047885	6
1510568178	1
151106382	24
151151080	1
15116120	1
151164679	33
151171479	1
15117170	1
151235405	1
151359968	5
1514128968	5
1514346050	1
1515242616	1
151544454	1
1515822008	1
15163346	2
1516929349	1
151848389	6
1518694608	1
152103083	1
1521533432	3
152354479	1
15260789	1
1527850849	8
1527861236	1
1528208486	2
153148261	4
15317292	1
15317484	1
1532960029	4
153330767	1
1533387092	37
1533712345	6
153396300	77
1534048567	1
1534287300	1
15345760	1
153500671	1
153560097	1
153786372	1
153871260	1
1538915856	1
1539948704	1
1540784461	1
1541309683	1
154178047	5
154222255	1
1543483416	1
154495484	2
15451927	1
15452937	1
1545587720	1
1546577491	2
1547073288	39
1547812147	1
1548456721	1
1550014584	2
1551149910	86
155226943	1
15526523	1
1553064607	1
155311321	2
1553507010	1
155371461	1
1554889094	3
1556113656	1
155618172	1
1557502416	3
1558764090	1
15588025	3
1559007271	2
1559116194	1
15592197	3
15592989	1
155963853	1
156016878	1
1561224619	1
1561392450	2
156171960	1
156238320	1
15624515	1
1562547895	1
15657533	1
15659909	1
1566196016	1
1566329647	1
1566750836	17
1566835939	1
1568727745	1
15711884	1
1573677847	24
157479150	1
15751504	5
1575418436	1
157612903	1
157632134	2
157727494	1
1578137910	1
1578959700	1
1579878966	15
15799571	1
158044902	1
1580556367	1
1580784066	1
15823893	23
1582740925	1
158274131	1
158275112	19
1582839288	20
158318025	4
1583443352	1
1584343075	1
1585333764	2
1585428522	1
1585676959	2
1585902277	1
1585919947	2
1585935055	1
1586025120	1
1586338405	2
1586474202	1
1587669835	149
158780302	1
158843952	2
159095242	1
159119652	1
159233438	5
15925557	1
15927260	3
1593383790	5
159383082	2
159428084	15
1596115603	2
159632948	2
1596814969	19
1597660010	4
1597925221	1
1599491666	2
159954654	1
1601683238	2
16030327	2
1603312736	2
1605810642	1
1606581744	1
1606644829	1
1606802714	1
16078238	3
16080467	3
1608169368	3
160819577	1
160924991	4
1609373209	1
160999598	1
16107785	2
1610934914	1
161129195	3
1611321067	1
1611381902	1
161151706	6
1612153176	3
1612686216	25
1613327347	1
16139549	1
161411670	1
1615357742	1
161539093	1
1616283870	1
1617960900	25
1619522346	10
16195432	1
1620056912	1
1620988926	1
1621518012	1
1625656261	1
1626033692	1
162655910	38
1627102338	1
1628161232	2
1628334560	1
16285195	1
1628816743	7
16295834	8
1629791911	2
1630390507	509
1630753388	11
163189066	2
163197227	1
1632276380	1
1632302370	1
1632886033	1
1633430004	1
1633718275	1
163405160	6
1635047204	2
163537857	1
1635496465	1
16359602	1
1636491536	1
1636759074	2
16367775	2
1637586804	3
163858019	3
1638649981	4
1638828120	1
16400258	2
1640244985	3
1641474871	1
1641770263	1
1642321908	1
16424248	1
164412808	1
164456134	1
164516146	1
1645573543	1
1645627172	1
1645867520	6
1646044446	1
1646060785	8
1646605344	1
1646618394	1
1646665076	1
164784898	4
1647851497	1
164814211	2
1649090994	1
1650142316	1
1650428628	1
1650497851	58
1650539016	1
1650767810	1
1651920673	1
16537365	5
165418381	1
16555867	1
16558021	1
1656022267	1
1656069558	1
16565199	1
165897243	1
1659236520	14
1659890766	1
1660208966	1
1660345860	1
1661311561	1
166176561	1
166230221	1
1662315272	3
16624235	2
166455740	5
1664966304	1
1665147950	1
1665191936	2
166564374	1
166572014	2
16657408	4
1666024026	1
1667259919	1
1667744623	1
1667906587	1
1667997583	2
166912145	1
1670463360	1
16710316	1
1671345457	5
16722610	8
1672386103	1
1672856108	1
16732171	1
1673736656	15
167518667	1
1675363958	1
1676041280	1
1676473459	2
1676916738	4
1677229176	1
1677650622	1
1677755504	1
1678566428	1
168004347	5
16803452	3
1681314704	1
168141961	1
1681579368	1
1681780579	1
168271127	2
1684291075	2
168430750	1
16847704	1
168541238	2
1685692676	1
168691253	1
168744961	2
168860481	3
169137543	2
16914488	27
1692887456	1
169406388	1
1694407314	1
169468414	1
169545246	1
1696088420	1
1696539060	6
169679945	1
16999591	1
17001831	9
1701632624	2
170258795	1
170282950	1
1702932157	1
170392047	1
1703976704	17
17050823	2
1706877900	1
170719090	1
171030072	1
171075711	1
17108251	7
1710851520	1
171161351	1
171191093	1
171247320	1
1712492930	1
171322171	1
1713560443	1
1713594306	1
1713622476	1
1713650126	1
171402632	1
17152053	1
1716360103	1
1718633684	1
171887071	1
17193386	1
1719446408	5
171997888	1
1719979416	1
1720220132	3
1720543381	1
1720561784	1
1720565354	1
1720671926	1
1724784643	2
172487241	1
1725027415	1
1725230821	1
1728109724	1
1728337892	1
172836249	2
1728667957	3
17287657	10
17289383	17
1729631856	1
1730595768	1
1730969593	1
1731183421	1
1731270380	1
173175009	1
1731910722	119
1731968533	1
1731970603	1
173203697	4
1732153459	1
1734233492	1
173427736	2
1734829615	1
17359856	1
17428473	20
17454091	1
17456362	4
17472479	1
17499355	2
17503638	1
17504090	1
17512434	2
17513829	1
175323822	1
17537743	1
175436955	1
17546069	3
175754840	7
17580600	1
176069819	1
17609113	247
176097329	1
17614702	6
176154447	1
176179944	4
17626165	1
176289841	1
176469826	1
17647676	6
17671009	1
176726395	1
17681107	1
176905144	2
17699845	1
177321337	1
17734227	1
177551811	20
177799154	14
17801749	1
17824071	1
178443200	1
178627771	1
178778154	2
178970400	1
179022357	20
179118739	1
179215874	1
17925241	1
179527320	1
179571631	3
179709141	3
179711347	1
17972627	1
17991579	23
180274551	1
180346348	4
180473434	5
180484782	1
180548222	2
180686909	1
180727869	3
18083529	1
181057711	1
18114882	75
18121293	1
181671490	1
181690800	13
181865578	1
181932896	1
18194452	1
1821976273	1
182642157	1
182746416	1
1828363278	1
1828653848	1
182869454	2
18295562	103
18300968	1
18302851	1
1830662323	2
1831593212	1
18316690	4
183174192	1
183665035	1
183762958	1
18378349	1
183812010	1
18397578	1
18408757	3
18425556	1
1842875479	821
184345490	23
184376613	1
18455693	26
18468405	2
184733426	2
184747136	1
18483969	1
184890374	1
18496787	4
18502975	2
1851611528	2
185310946	13
185322076	3
1853668579	5
1853999011	1
185486823	1
185552912	1
1856469570	7
185673983	2
18571616	7
185733779	1
185761393	1
18586789	1
1858811	1
1859029766	2
185963659	1
186013415	2
186136458	72
1861553605	2
186284580	1
1863320372	1
1864987280	1
1865337374	1
186557997	1
1865799140	7
1867261189	1
18673321	1
186769278	1
1869033253	2
186976223	1
1870502388	1
1871705270	6
18717259	1
187183236	3
187222228	45
18726451	2
1874042250	1
1874115138	1
1874131710	1
1874133134	1
1874134104	1
1874143938	1
1874150094	1
1874192095	1
187424136	3
1874819491	3
187572280	22
18762094	51
1876695366	1
1877785842	1
18790350	1
187999891	1
1880553080	1
1880563526	1
1881200761	1
188124034	1
18813882	1
1881996853	1
1882723771	9
1884066702	2
1884839204	1
1885171602	1
1886182728	1
188641199	8
1886425398	1
18872888	1
1890803323	1
1891199162	1
189244171	1
1892484613	1
1892820306	1
1893858302	1
189481046	3
18951658	2
1895634517	1
1896201991	1
189843602	16
18989537	3
189929204	1
1899532040	1
1900274090	9
1900426207	1
19004939	1
1901386208	3
19017283	2
190266566	10
1903235347	3
1903559976	5
19059966	1
190672159	1
1907263022	9
1907442680	2
190768114	2
1907771382	2
1907808487	1
1909400192	4
190985972	4
19099172	1
191005840	9
1911374042	1
1912402705	3
1912519352	6
19126866	1
1913432888	1
1913673594	6
1913915971	7
1914312038	1
1915128848	1
1915735932	1
1916128302	1
1916690736	1
1917649196	1
1919373924	10
1921280630	1
192262515	1
1922793206	1
1923159170	9
1923224924	1
1923879607	1
19241455	1
192457373	1
192536618	1
192564362	1
1926698492	1
1929488832	1
1930846986	2
1931143609	1
1931206808	1
193122450	10
19318159	2
19322667	1
193233495	34
19329764	1
1933410025	1728
1934825420	2
193620259	38
19364376	2
193866745	9
1939680745	1
19399038	8
1940795347	1
1942560164	1
19441262	1
1944456330	1
1945180872	1
19456187	1
1945910352	1
1945935708	2
1946279065	20
19467890	1
1946975239	7
1947739519	1
1948212246	1
19498323	1
1951134847	8
1951608642	1
19523962	1
1952412980	1
195312482	1
19534637	1
1954402777	1
1954730264	2
195500911	1
1957125536	2
19574905	3
1957812468	1
19581894	1
1958198005	3
195900528	1
196006215	1
1960325748	4
1960639806	1
1962355278	1
196408894	1
196411885	6
196559017	2
1965989732	1
19664951	1
196733852	1
196781634	1
196866849	1
1969296679	1
1969303838	1
1969311037	1
1969346322	1
1969349226	1
1969358166	1
1969393080	1
1969393092	1
1969394262	1
1969395319	1
1969403773	1
1969432836	1
1969453051	1
1969453628	1
1969453993	1
1969458343	1
1969492099	1
1969495556	1
1969503901	1
1969509972	1
1969512092	1
1969519164	1
1969525711	1
1969540033	1
1969546578	1
1969551109	1
1969557588	1
1969563175	1
1969565599	1
1969566642	1
1969579848	1
1969597099	1
1969603532	1
1969610478	1
1969615754	1
1969623272	1
1969624267	1
1969644276	1
1969657706	1
1969666982	1
1969689488	1
1969700928	1
1969705075	1
1969732825	1
1969740650	1
1969740852	5
1969743486	1
1969753374	1
1969778929	1
1969801820	1
1969816849	1
1969821710	1
1969824512	1
1969831734	1
1969915436	1
1969931437	1
1969963682	1
1969982996	1
1969989121	1
1969992902	1
19700256	1
1970059842	1
1970110933	1
1970115625	1
1970142896	1
1970162280	1
1970190704	1
1970220420	1
1970224440	1
1970251849	1
1970253829	1
1970260291	1
1970264036	1
1970281693	1
1971008779	2
1972175041	14
19723900	6
1972861244	1
197348756	1
197514472	1
197556244	1
1976113154	4
1976359866	1
1976390216	2
197729131	2
1978165356	1
19783722	1
197869772	2
198102155	1
198249670	5
19835812	2
19854174	1
198621593	2
198749985	1
198885815	2
198940211	1
199051305	1
19926609	4
19927809	1
199283805	30
199436070	1
200034146	4
20021712	1
20048693	3
20064180	1
200673987	3
200674171	1
20073498	1
200755905	1
20079668	1
201221109	1
201297323	1
20132696	1
201847268	3
20209445	1
20230811	5
202320420	1
20237993	1
20243744	96
202450737	2
202559902	11
202614773	3
202624421	2
20263645	1
20274912	134
20285187	1
202915788	7
202996114	6
203000115	18
203079297	1
203098120	1
203218931	2
203404420	1
203532476	6
20385337	1
204149086	1
204243897	2
204323741	1
204366811	2
204386986	2
204707061	1
20560983	1
20571727	1
20588734	1
20591429	1
206218156	5
206314083	1
206338797	1
206912295	7
207140780	1
207470544	5
20762756	5
20764104	1
207802772	1
20780650	2
208055683	1
20822796	1
20832994	18
20846084	1
20905701	1
209079863	1
209223799	1
209424197	25
20944170	1
20945283	5
209696588	2
20973609	1
209740782	1
21001684	3
210153565	10
210414599	1003
210506986	2
21055441	1
211158439	1
21122192	2
211258020	1
211518459	1
21152643	2
211749588	15
211764621	2
211797887	3
211835836	1
21183938	8
21192595	1
212057344	1
212065205	2
212144264	1
212237830	1
21223877	1
212531237	6
212597510	6
212615617	1
212762057	1
21303464	1
213118052	4
213388879	1
213406971	2
21346941	1
213590592	1
214105580	1
214118009	1
214299551	1
2147877331	3
2147962887	1
2149096944	4
2149231188	67
2150696418	1
2150793169	1
2150794934	70
2150927341	1
2152249068	1
2152451035	1
2152745180	1
2152805575	1
2152806565	1
2152816362	1
2152817024	1
2153048065	1
2153053100	1
21549867	1
2155185577	1
2155219346	1
215541603	1
2155866019	1
21560097	1
2156535314	1
21570308	3
2157143384	1
21573871	7
215821062	1
2159390574	5
21598149	2
2161206156	3
2163121507	1
2164851211	1
21648541	1
216490217	5
216509813	1
216560929	2
2165671231	6282
2166302425	34
21669062	1
216711885	1
2168768382	1
2169073576	1
2170558490	1
21705850	2
2170675674	3
2172314492	1
2172385806	1
2173403836	3
217359399	1
2173998649	1
2174838054	1
217540848	1
2175415542	1
2176040712	1
217711375	2
217833399	1
2179682328	1
2180484698	2
21807008	6
218096576	3
218117307	1
21814360	5
2181578490	1
2181714698	1
2182023955	1
2182547630	1
218350676	1
218381264	1
2184039974	2
2184634386	1
2184891852	1
2185769276	1
2186380225	1
218811500	1
2188519219	4
2188619364	1
2189685492	1
2190522906	1
2190541011	1
219054801	6
2190759721	1
2190943291	1
2191409940	1
219191600	1
2193009307	1
2193729426	1
2194051657	1
219434223	7
2194840614	2
2196016274	1
219622638	2
2196817256	1
2199395557	1
219947037	3
219949443	1
2199547803	1
2199605117	3
2200250257	2
2201260681	1
2201717354	1
2201859300	1
220296908	11
22034460	1
2203474081	9
2203764315	1
2203784288	1
2204323321	2
22053399	1
2205613008	1
2205638282	1
2206391023	14
2207175199	1
2207246305	2
22073146	4
220751956	4
2207859688	1
2208039012	1
2208133364	1
220851894	2
2208541680	5
220861447	1
2209104842	1
2209136317	1
2209523333	6
2212338108	1
221308608	1
2213368602	1
221394276	3
2214510864	1
2214594493	5
2215429342	1
2215879741	1
2216655390	1
221739489	1
221853726	1
221859669	2
2218766636	1
2219588436	1
2219662940	2
2220100134	1
2220138374	5
2220850867	1
2221188992	1
222151493	1
22217443	2
2222396850	1
222331151	1
222360499	2
22242228	1
222519363	1
222526689	30
2225300413	19
222625575	3
22264891	1
2226525032	1
2226766268	3
22278694	2
22281527	1
2228363196	1
2228878518	1
2228897797	29
2229434286	10
2229588536	5
22297706	1
223022484	1
223087067	1
223110096	8
2231167736	8
223148638	1
2231683904	14
223222204	1
2232469315	20
22335951	1
223451356	1
22346782	1
2235060109	1
2235075668	1
223511067	6
2235413333	3
2236777896	1
223775609	5
2238240039	2
22388574	1
2239245727	1
2239635938	1
2240061397	1
22401984	1
2240560428	1
224092909	1
224105222	1
2241057752	1
2242476546	1
2242596074	8
2242726746	1
2242838459	1
2243596101	1
2243921124	3
22446445	2
2245393543	1
2245748490	1
224591726	2
2245986884	4
2246827121	1
2247290648	1
2247408236	5
2247697570	1
224835406	1
2248474104	1
2248620090	3
2249186018	1
2249293429	12
2249536434	1
225078547	1
2251497638	1
2251543542	4
2251960375	1
22522178	2
2253041342	1
2253293764	1
225423130	535
2254510740	2
2255067840	2
22550877	1
2255104090	8
225510856	1
2255288046	5
225559069	1
2255643600	1
2255836796	1
2255955607	12
2255984360	1
225641079	2
2256573766	2
2257059349	5
225890330	1
2259260497	5
22594706	1
2259484722	1
22596899	1
22601454	1
2260795585	13
2261271374	1
2263240636	1
226326984	1
2263935744	2
2265011282	1
2265017058	1
2265131102	1
226575049	1
2266279674	1
226900735	1
2269426837	1
2269667905	3
226972243	1
227000934	1
2270364668	1
227045856	3
2272850976	1
227301897	1
2273316427	1
2274718680	1
2274788701	1
2275060916	1
227535569	1
2275957196	2
2276274667	14
2276396293	3
2276511755	1
227755413	1
2277743821	1742
2277791462	1
2280296970	5
22806027	1
2280983368	1
22814481	1
2281473800	1
2281531759	1
2283414301	1
2283680017	1
2285354888	2
2285370062	1
2285443592	3
2285815040	1
228596812	1
2286122977	1
2287223839	1
2288740951	1
2289263276	1
228928968	1
2289458921	4
228992395	1
2290450146	5
2290465472	751
229046698	1
22905734	2
22909067	2
2291011777	1
2291026128	11
2291089866	1
229143589	65
2291573438	1
229226539	50
2292771900	1
2292893125	1
2293757738	1
229389391	5
2294321154	1
2294495885	1
229450153	2
2294728376	1
2295073171	5
2295833726	2
2296090298	1
2296237333	1
2297158124	3
22973017	31
22973153	2
2297361536	1
2297422230	15
2297497183	1
2297810449	1
2297843024	1
2298006061	1
2298854268	1
229893313	4
2299578394	1
229966745	2
2299898941	1
2300306281	4
2300558029	1
230085841	1
230093909	1
2301065366	2
230288240	1
2302899776	1
2303297237	1
2303548104	2
2303920175	1
2304504973	1
230560242	69
2305769105	18
2307296534	1
23074277	9
2307579512	1
23084050	3
23093161	9
2309319980	1
230932200	1
2309410028	1
2309838738	53
231024634	1
23102962	30
2310521720	1
231123745	9
2311323062	3
23116322	1
2311656001	11
23116875	2
2311729764	1
2311729770	1
2311731428	1
2311735730	1
231388808	3
231401935	2
2314042050	2
231492003	1
2315916511	1
2316065994	1
2316096655	1
2316583147	6
2317438183	2
2317930429	1
2318991096	1672
231965167	2
232081162	1
2321168600	3
2321350494	2
2321620053	1
232185131	1
2322029732	1
23221109	1
23222641	2
2322651270	1
2322782731	5
2322829857	1
2323312081	1
232358211	1
2323955785	39
2324114725	1
232489093	4
232503690	2
2325073788	1
2325725263	1
2327560668	3
23280370	1
2328335906	7
232844934	1
2328637999	2
232870964	6
2328807065	1
2329070037	1
2329144878	2
2329227246	1
2329356506	1
232937979	3
232945774	1
2329595875	1
232963053	1
2330275116	1
2330737033	1
23307701	1
2331749760	1399
233247104	1
2333337054	1130
2333491692	1
2333699929	1725
233452421	8
2336717095	1
23367874	1
2337518473	1
2340281220	27
2340470118	1
2340548316	1
2341274845	2
2341445778	4
2341975938	1
2341977156	1
2341978280	1
2341987873	1
2341990892	1
2341992348	1
2341993255	1
2341993866	1
2341993939	1
23420231	8
2342393322	1
2342674322	1
234268954	72
2342763212	2
234396497	1
234419508	3
2344619544	1
234576928	5
2346345595	2
2346464397	1
2346506728	5
2347099007	1
2347300280	1
2347373460	2
234872348	4
2348908176	1
2349221664	1
2349911012	2
2350386204	3
235082515	2
235129342	4
2351420289	9
2352004730	1
235256934	152
235312627	4
2353396392	6
2355225980	3
2355282074	1
2355417133	1
235586616	1
2355966194	1
2356885496	1
2358350928	2
2359012975	1
2359203647	4
2359276710	8
2359638289	2
2359646928	4
2359876976	1
2359894916	6
2360745479	1
2360843419	1
2361212156	1
2361363186	1
236212154	7
2362500083	1
2362771794	1
2362870494	1
2363757276	1
2363809267	1
2363914387	2
2364061609	1
236474434	1
2365093668	1
2365373972	25
236545021	1
236561563	1
2365737290	1
2365766599	1
2366303634	5
236657131	1
2367027816	1
2367473898	1
2367633937	1
236801588	1
2368238768	7
236845562	1
236857341	1
236937031	1
2369671345	1
2370520826	1
237062394	1
237064482	1
2371341470	1
2373221960	1
2373456872	1
2373689929	4
2373813025	484
2373819572	20
2373926504	1
2374294322	1
2374431642	1
237451525	1
2374986309	1
2375760882	3
2376163783	1
2376505506	3
23765349	2
2376827251	1
2379417224	1
237955221	1
238037420	3
2381112446	1
2381314482	1
2381505793	2
238184427	1
2382470610	1
2382572334	4
238297336	1
2383008511	1
2384007235	3
238411032	4
2384958624	3
2385230486	1
23854223	1
2385812455	63
2385851994	3
2385945248	2
2386516323	2
2386786850	1
2387387268	2
2387449333	1
2388211183	1
2388363656	1
2388496231	1
2389412984	1
23898700	5
2390349222	1
239080208	3
239157510	1
2391596701	1
239166621	1
2392852495	3
2392880606	1
2393186232	1
2393522197	18
23967722	2
2397494586	1
2398306484	1
239896529	1
2400073117	1
240050080	26
2402226330	1
2402331338	23
240375565	1
2404827318	1
2404830086	1
240531811	1
2405378612	2
2406745310	1
2406759178	1
2407202768	1
2407879965	2
2408760540	1
2409403064	18
2411180814	5
2411374226	1
2411631840	1
2411804359	1
2411864318	1
2411869586	1
241252531	1
2412882581	1
2412911570	1
2413664017	3
2413953134	4
2414594850	1
2414678785	1
2414755410	1
241502518	2
2415051211	1
2415252817	1
2415441215	1
2415716178	1
2415940633	1
2416033551	1
2416217216	1
241622438	3
2417332632	1
241738613	1
2417427674	1
241858876	3
2418639158	1
2419573110	1
2419740961	1
2419753062	1
241976867	1
2419970916	32
2420706757	8
2421317989	1
2421804588	1
2422184402	1
2422323324	3
2422324924	2
242264298	1
24227424	1
2423533916	1
2425036934	20
2425845006	1
2426108293	12
242684651	1
2426918137	3
242755419	10
2428391143	1
2428450159	13
2428802629	1
2429142538	1
2429174006	1
242933542	1
2429528570	1
242954869	1
2431135704	1
243145727	1
2431469365	1
2431497575	1
24317132	56
2431723914	1
2431884954	2
2431962474	1
2432763194	1
243318995	8
243331655	1
2433432126	1
2433737982	1
2434167073	1
2435050334	6
2435530315	5
2435575267	1
2435979145	1
2436196818	1
2436546572	1
2436652735	1
2436965138	1
2437298305	1
2437377877	28
2438105965	1
2438422532	1
2439423905	18
2439837709	1
2439986005	2
2440149894	1
2440210644	1
2440569482	1
2441885916	1
2441930306	1
2442142605	1
2442397117	1
244248703	5
2442633026	1
2442775502	1
2443141226	1
2444453185	1
2444480173	21
24452840	2
2445513956	16
244571847	1
2446024556	1
2446120560	1
2446274022	37
2446288603	1
2446581872	1
244677736	1
2446971672	31
2447584430	2
2448156024	1
2448326244	1
244884747	1
2448975325	1
2449342321	1
2449636620	1
245025642	1
2451252913	1
2452150916	1
2452997317	1
2454269407	1
245475764	2
2455300670	1
2455845108	1
24566639	10
2456790793	1
2456865889	1
2456889487	1
2457018674	5
2457056802	2
2457533310	2
2457636873	1
2458363022	1
2459481834	1
2459602674	1
2460068647	1
2460564018	1
24609836	1
246134345	37
246141441	1
2461556142	301
2461971282	1
2462099588	1
246213562	17
2462153870	1
2462561220	1
2462591336	1
246264784	1
2462846492	1
246308415	1
2463702847	1
2463815251	1
24643919	1
2464632324	1
2464784767	1
2464920802	1
2465656828	1
2466522060	1
2467017457	1
2467271010	7
246754333	1
2467604742	1
24680689	1
2468247974	1
2468483228	1
2470013395	1
2470954248	1
2470967388	1
247115375	1
2471909304	1
2472284360	56
24725800	2
2472960169	1
247319794	1
2473653242	2
2474424500	1
2475195584	1
2475919567	1
2476051136	1
2476650397	1
2477405432	1
247795727	11
2478048732	1
2478066259	1
2478097844	1
2478150860	2
2478208446	1
2478244388	1
2478283946	1
2478301789	1
2478310177	1
2478310268	1
2478311623	5
2478488496	2
2478541154	4
2479595820	1
2479977919	1
2480010103	1
2481042541	1
248163143	1
2482236572	1
248241582	62
248260375	1
2483878944	1
2484528210	1
2484747794	1
2485341518	9
2485487233	1
2486501060	1
248707613	1
248749158	2
2488283222	1
2488397807	1
24891799	8
2490064812	1
2490542179	2
249070324	2
2492362560	3
2492565548	1
2492664480	1
249267611	1
2492824554	1
2493010771	6
2493258062	15
2493600930	9
2493811418	1
2493901801	1
249407932	9
2494268394	1
2494896473	9
249531407	2
2495409516	1
2495542669	1
2495841841	1
2495858898	1
2495927952	4
2496094172	3
2497249520	1
2497281846	1
2497862012	1
249869183	1
249882610	1
249955041	52
2499828630	1
249987722	2
2500739586	1
2500922202	1
250106965	3
2501436342	1
2502143952	1
2502588824	1
2503995361	4
250417664	3
25043698	1
2504769452	1
2505086699	1
2505331303	1
2506010198	1
2506029235	1
2506489747	1
2507028350	1
2507295126	1
2507760356	1
25080367	1
2509225884	2
2509227300	2
2509227444	2
2509229904	2
2509238186	2
2509250269	2
2509250575	3
2509253257	2
2509315980	2
2509317072	2
2509317252	2
2509340131	2
2509340227	2
2509340779	2
2509576158	2
2509576446	2
2509576554	2
2509583468	2
2509584956	2
2509599181	2
2509657248	2
2509659750	2
2509667090	2
2509681537	2
2509682479	2
2509683655	2
2509684129	2
2509749594	2
2509751934	2
2509752456	2
2509752924	3
2509754184	2
2509759622	2
2509775839	1
2509776679	2
2509862996	2
2509863434	2
2509863962	2
2509864460	1
2509864634	2
2509865726	2
2509880443	2
2509880965	2
2509934706	2
2509934916	2
2509935186	2
2509935972	2
2509936578	3
2509944788	2
2509961173	2
2509962451	2
251045335	1
25110386	10
2511171498	1
2511341048	1
251254199	1
2513149112	1
2513784824	1
2514081793	1
2514282521	1
2515280392	1
2516920201	1
2516987771	2
2517717831	2
251820159	1
25189497	1
251917370	1
2520719083	2
252086728	1
2520888308	1
2521329110	1
2521378962	11
2522671892	1
2522673812	1
2523457423	2
252437614	1
2524973534	2
252571367	6
252584436	3
2527185536	1
2527520101	1
2527747100	1
2528309154	1
2528655704	1
252946241	1
2530257668	1
2530849806	1
253103038	27
2531042864	1
253122212	3
2531584345	2
253168011	5
253225805	1
2532673520	2
25343277	108
253432854	12
253458739	1
2534789287	2
2534936455	1
253587869	1
253668565	1
2537152830	1
2537156887	1
2538113785	1
2538270450	1
2538578097	8
2539023386	1
2539215060	1
2539363940	1
253940916	1
253971576	2
2540405473	1
2541821190	1
2542222231	9
254232727	48
254280603	3
2542991831	4
2543505635	7
2543708179	3
254397874	2
2544098874	3
2544217964	1
2544319627	1
2544332684	1
25444509	1
2544630065	1
2544913086	14
2545705884	1
25464068	6
2546508666	172
2547453450	1
2548728272	1
2548823904	1
25488729	70
2549312503	1
2549835589	1
2550923294	1
255123295	1
2552215742	1
25539759	1
25548914	1
255531287	2
2555898745	1
255954162	1
255956743	1
2559918073	2
2560676679	1
2560770757	1
2561923063	1
256208938	1
2562217710	1
256234688	1
256293704	1
2563213238	1
2563262155	2
256426166	1
256518676	1
2565301118	1
256541765	24
2565650400	1
2565730848	8
256595810	2
2566108417	1
2567057130	1
2567292679	1
2567578256	1
2567966390	1
2568477602	1
2569601874	1
2569934814	1
2569966592	1
257027939	25
2570479190	17
257054895	1
257139951	6
2571649604	1
2572452242	1
2573050008	1
2574463550	1
2574524113	1
2574628580	1
2574860262	1
2574963253	1
2575119655	1
2575158385	1
257528309	2
257654076	2
2576697878	1
2576768774	1
2577886615	3
2578514034	321
2578650116	1
2580518747	12
2582206278	1
2582427774	1
258288243	1
2584347619	2
2584946731	1
2586857425	1
2587734054	1
2589888374	2
2590028072	1
2590269416	1
2590325786	1
2590488996	1
2591015412	1
2591550372	1
259207029	1
2593148894	1
2594158140	31
25946415	2
2594854717	1
25953093	1
2595799981	1
2595913080	1
2596288916	42
2596651908	1
2597179009	1435
259723502	2
2598511003	1
25987359	2
2598827418	1
2599060963	11
2599339568	1551
259952205	1
2600166811	1
2600651654	1
2601508012	1
2601659676	5
260175489	1
2602969320	2
2603480221	5
26038648	1
2604556836	1
2605118413	1536
2605790658	1
2608950624	4
260939160	1
2609555142	5
2609905874	1
261024504	1
2610659757	1
2611928194	1
2612179320	10
2613528768	1
2613627756	1
2613982302	1
2614574053	1
261460365	5
2615155470	1
2616604057	1
2617017676	5
2617598066	2
261760281	1
2617812277	2
261840015	1
261968932	1
2619791902	2
262069886	3
262222386	1
262397470	1
262489912	1
262950288	2
263070077	2
263168903	1
263787098	3
263810030	3
2638214938	1
2640591805	1
2641007828	1
264264037	1
264343512	5
2644837088	1
2645216059	1
2646363731	1
2647584846	1
26488964	1
2649421363	7
2649525504	16
265001713	4
2650500877	5
265058338	1
2650701193	1
2652790872	1
26541169	1
2654339358	1
2654379788	9
2654653112	1
2655041204	1
2655203862	1
2655623581	4
2656171644	1
2657025558	1
2657382734	1
2659878583	2
2659927032	1
2659943647	1
2660018113	1
2662550278	1
2662711207	1
2663105648	1
2663235913	1
2663858894	1
2663996414	18
2665421136	1
2665477572	1
2666401298	1
2666877109	1
2667470160	1
2667731597	3
2669632328	384
2670196526	1
2670382758	1
267097064	1
2671126339	1
26711583	5
267146130	7
2671783163	1
26735047	3
2674139012	1
2674460545	1
26748158	1
26751720	3
26754630	3
267663347	1
267706878	1
267745972	1
267919611	1
267992544	1
2680204908	1
2680436664	1
2680509826	3
2680777848	1
2683498868	2
268482852	5
2685286873	1
2686873796	3
2686999627	2
2687086903	1
2687684629	1
2687847283	1
2687966712	1
2688295632	1
2688366408	1
2688871790	1
2689237130	1
2689518428	1
2689521643	1
268968611	1
2689726381	1
2689731146	1
2690107657	1
2690326619	1
269112578	1
2692325725	2
269294861	2
2693565252	2
2693755530	1
2693780178	1
2693799139	1
2693825588	1
269489101	2
2694900986	1
269502853	2
2695767816	1
2695787300	1
269580561	3
2697246758	5
2698157112	3
2699006720	1
2699479776	1
2699994906	5
270053113	1
2700663834	1
2701322558	7
2701756382	314
2701800991	1
2703482958	1
2704878828	1
270492072	10
2705616523	1
2705950254	1
270597782	2
2706061818	24
2706236976	2
2706246098	1
2706549386	1
2706848076	1
2707002708	1
2707109876	2
2707372332	1
2708119627	1
2708430512	1
27092508	25
27094622	1
2709796334	155
2709861337	1
2709882234	2
2709955189	1
2710496473	1
2710604658	3
2710679220	1
2711411250	5
2711429130	1
2711628616	5
2711726433	3
2712533157	1
2712784616	1
2713790683	12
271393378	1
271407856	1
2714284988	1
271428815	1
271501879	1
2715475950	2
2716018023	1
2716803696	1
2717092200	1
2719642167	1
271990668	1
2720465429	1
27213508	3
2722990526	108
2723042626	1
2723349954	1
272503778	1
2725743872	1
272721363	1
2727437358	1
2728466411	19
2728482803	2
2729072255	1
2729193625	28
2729238877	1
2729779141	1
2731230313	10
27315828	1
2731641728	1
273171263	2
2731758978	1
2732266002	1
2733450617	1
2733652992	4
2733926451	3
2734061801	1
2734667690	1
27347119	1
27351818	1
273524659	1
2736311067	1
2736561678	1
2736938730	1
2737088710	3
2737365409	1
2737809735	1
2737924896	1
2737932518	2
2739829068	1
2739906105	1
2739939464	1
2740070857	1
2740422127	1
2740909451	2
2740942510	1
2741046409	1
2741319706	1
2741756438	1
2741962433	1
2742105492	24
2742233026	1
2742768695	1
2742997023	2
2742997515	2
2743018553	1
2743019999	2
2743020113	2
2743020479	2
2743020593	2
2743036743	3
2743037523	2
2743037571	2
2743038591	2
2743039827	2
2743040025	2
2743062329	2
2743062503	2
2743077993	2
2743078701	2
2743084354	2
2743086016	2
2743101413	2
2743101995	2
2743113723	2
2743125796	2
2743125994	2
2743136879	2
2743137401	2
2743137971	1
2743138781	2
2743149507	2
2743172393	2
2743172465	2
2743172825	2
2743173119	2
2743183857	2
2743184697	2
2743196350	2
2743196764	1
2743206131	2
2743206359	2
2743206953	2
2743215453	2
2743217025	2
2743231024	2
2743231456	2
2743238753	2
2743238909	2
2743261678	2
2743262374	2
2743262548	3
2743448746	2
2743489840	3
2744239254	9
2744280377	1
2746388325	1
2746453109	1
274647959	4
2746717633	1
2747238031	1
2747746926	1
2747902839	1
2748214708	1
2748417222	1
2748511528	1
2748517662	1
2748944294	243
2748953586	1
2750381484	32
275099779	33
2751152789	1
2751494553	1
2751738687	1
2752323946	3
2752367974	2
275296202	1
2753574877	7
2754072408	1
2754102417	1
2754250706	1
2754293670	1
2754321292	1
2754467544	1
2754496316	1
2754521593	1
2754997938	1
275528775	8
2755476141	1
2755601872	4
2755701371	1
2755831463	1
2756356439	1
2757042696	3
2758502793	1
2758635148	1
2758735863	1
275914688	1
2759268059	1
2759310155	1
2759316431	1
2759407163	1
2759418555	1
2759523124	1
2759938132	1
2760051702	1
2760362716	1
2760395927	1
2760692681	1
2760828095	1
2760973193	1
2761072102	1
2761072576	1
2761385313	1
2761507241	1
2761627090	1
2761657300	1
2761692830	1
276174602	1
2761749711	1
276184864	1
2762226860	1
2762699074	1
2762894975	1
2763077045	1
2763109782	1
276334529	2
2763568439	1
2764055273	1
2764650594	1
2764769610	6
276496324	5
2764964824	1
2764971561	1
27652717	339
2766037921	1
2766056919	2
2766775747	1
2767203492	1
2767336419	1
2767664251	1
2767911611	1
2768113154	1
2768119433	1
2768395491	1
2768625257	1
27688803	1
2769046202	1
276913065	1
2769130925	1
2769736419	13
2770207161	1
2770258212	1
2770308996	5
2770787525	1
2770974552	1
2771978984	3
2772389941	1
2772981449	1
2773207612	1
2773397131	6
2773572122	1
277366572	2
2774376713	1
2774447993	1
2775409346	1
2775831593	1
2775873981	4
2775925978	1
2776073116	16
2776090481	1
2776276551	1
277657928	2
2777692576	1
277800419	1
2778149795	1
2778213188	5
2778441189	1
2778615080	1
2778655997	1
2778761727	3
2778785081	2
2778785483	1
2778785699	3
2778810004	1
2778811228	1
2778812500	4
2779055417	1
2780182242	2
2780596783	1
2780763564	1
2780766853	1
2781206317	1
2781411786	1
2781492348	9
278153231	1
278165220	3
278180555	1
2781832186	5
2782062341	1
2782198587	1
2782252462	1
2782310323	1
2782441034	1
2782804756	1
2782981721	1
2783086314	1
2783235554	1
2783376130	1
2783631730	6
2784061355	1
278474317	35
2784902880	1
2785053371	1
2785110316	1
2785168036	1
2785232914	1
2785959378	3
2786012911	1
2786126387	1
2786220837	1
278622358	1
2786336108	1
2786340130	1
2786535545	1
2786622994	1
2786873429	1
278688378	1
2787048769	1
2787478782	1
2787617087	1
2787833514	1
2788047162	1
2788355502	1
2788539182	1
2789071709	2
2789576179	1
2789808318	1
279029242	1
2790567787	1
2790570257	1
2790714484	1
2790730737	1
279080265	1
279119629	1
2791853339	4
279205466	1
2792087110	41
2792366055	1
2792589152	1
2792687912	1
2792912846	1
2793212108	1
2793484547	1
2793679714	1
2793914398	1
2794729649	16
2795056955	2
279559274	1
27956902	1
2796254519	1
2796296223	1
279631074	1
2796502146	2
279771398	1
2797723571	1
2797831626	1
2797853982	1
2798083811	19
2798275005	1
2798542600	1
2798664641	1
2798829562	3
2799824950	1
2799869527	1
2799967928	1
2800109930	1
2800141231	1
2800165324	1
280035344	1
2800397698	1
2800541025	23
2800640273	3
2800650186	14
2800766998	3
2800996301	1
2801319278	1
2801334731	26
2801535083	1
2801582341	1
2801583998	1
2801688284	1
2801916046	1
2802004584	3
2802078648	1
2802107732	1
2802173036	2
2802270336	1
280319501	1
2803267801	1
280375180	1
2805125948	1
2805340531	1
2806580163	1
2807348204	1
2807862643	2
2808932667	2
2809004554	1
2809127089	2
2809261387	1
2810009016	1
2810143895	1
281029609	1
281044203	2
28105699	1
2811409028	2
2811966313	3
28122828	2
2812517388	2
281325065	2
2813321303	1
2813321537	2
2813345704	1
2813346178	1
2813347534	1
2813347654	1
2814101371	1
2814645995	1
2814668126	3
281499952	1
2815178029	1
2815202495	1
2815249849	1
2815368865	1
2815425055	5
2815979137	1
2816037798	1
2816209458	1
2816520187	1
28166574	5
2816742643	6
2817051553	37
2817057529	4
2817169094	1
2817205525	1
2817205759	1
2817431249	1
2817547012	1
28175948	1
2817610434	1
2817784539	1
2818012008	36
2818198537	17
2818243225	39
2818335812	1
2818632349	1
2818859097	1123
2818972847	1718
2818985232	1
2819049914	11
2819060725	1
2819183867	1706
2819256792	2
2819345568	54
2819496669	1
2819563896	1
2820589831	1
2821191539	1
2821297900	1
2821427140	6
2821594916	1
28220201	19
2822120436	2
2822320372	1
2822379212	2
2822866633	1
2822944194	1
2823657835	3
2823669492	1
2823763911	24
2824019312	17
2824097200	3
2824196003	1
2824225657	1
2824357875	1
282482093	14
282488413	1
2824914134	1
2825209550	1
282524050	1
2825319811	1
2826219437	1
282715119	1
2827212447	1
2827239403	1
2827291491	1
2827634815	25
2827747675	1
2827779162	1
282782650	24
2827906113	3
2828032714	711
2828038929	1227
2828169123	709
2828251447	1
2828274108	3
2828503094	1
2828675527	4
2828776607	1
2829413723	2
2829598783	2
2829627233	1
2829716192	4
2829788485	4
283006660	1
283015491	1
2830428073	1
2830655965	1
283075694	1
2831130171	1
2831203193	21
2831204985	1
283131952	1
2831660759	1
2831893589	1
2832109030	1
2832347011	2
2832925705	1
2833156562	1
2833362227	1
2833678989	3
2833738763	16
2833745920	11
2834720713	6
2834885133	1
2834976726	3
2835261718	2
2835405952	1
2835544920	1
2835554774	1
283560141	1
2835703969	1
2835968953	1
2836069389	1
2836088158	1
2836394764	1
2836414792	1
2836434788	1
2836521583	1
28366310	50
2836810176	5
2837043665	1
2837295532	118
283735677	1
283737842	1
283788648	87
2838058930	1
2838243009	4
2838279898	2
2838321184	4
2838330670	7
2839072262	1
283969398	1
283974809	1
2839975129	1
2839992082	1
28402887	11
2840463960	1
2840651771	1
2841278093	1
2841292121	1
2841411215	1
2841917693	1
2842108781	1
2842232865	5
2842237035	4
2842239531	5
2842242081	5
2842243485	4
2842243563	5
2842270475	6
2842271961	6
2842274189	4
2842276391	5
2842283571	4
2842284617	5
2842292039	6
2842292979	6
2842293617	5
2842298469	5
2842301183	5
2842304188	4
2842304993	4
2842308202	5
2842314113	6
2842317455	3
2842324540	5
2842334512	2
2842337206	4
2842340110	4
28423574	1
2842501384	1
2842526775	1
2843018131	8
2843383008	1
2843785329	17
284419847	1
2844536344	1
2844635961	1
2844920224	1
2845365040	1
2846231649	1
2846469347	34
2846817894	1
2847003273	1
2847876929	17
2848365241	1
2848600269	1
2848629383	1
2848660252	1
2848881059	1
2849030764	1
2849043566	1
2849106410	1
2849183295	1
284919542	1
2849253247	1
2849320514	2
2849670044	5
2849814681	1
2850016123	3
2850173854	1
285040410	1
2850490888	1
2851614722	1
2852261088	1
2852418747	1
2852460053	1
2852652593	1
2852658939	1
285323487	2
285328829	28
2853330845	1
2854092673	1
2854901246	1
285523418	1
2856034139	5
2856176434	5
2856179188	7
2856359263	1
285679305	10
2856852051	1
285689021	1
2857165608	1
2857400656	1
2857405844	1
2857463241	1
2857918583	1
2858252204	2
2858259721	1
2858272045	3
2858473327	1
2858481317	1
2859249797	1
2859261347	1
2859396361	1
2859882712	1
2860134760	7
2860624969	1
2860636101	1
2860825869	1
2861471614	1
2861577233	2
2861954329	1
2862136378	1
2862359025	1
28624570	1
2862601823	2
2862814339	2
2863019401	1
2863026998	30
2863097453	1
2863241603	1
286335247	1
2863497185	1
2863515280	1
2864225535	1
286427074	1
2864372740	3
2864497814	1
2865317819	2
2865689694	1
2865762555	1
2865868964	1
2865881064	1
2866034413	1
2866729579	1
2866966771	1
286734047	1
2867641553	1
2867918635	1
2868452994	1
2868460911	1
2868492522	1
2868556513	1
286872188	1
2868824767	1
2869020894	1
2869201176	1
2869323704	1
2869339741	1
2869343942	1
2869595252	1
2869845175	1
2870085191	1
287017007	6
2870429706	1
2870448418	4
2870463884	1
2870552698	1
2870663601	5
2870667639	6
2870675661	4
2870689443	5
2870692409	6
2870709669	5
2870710720	5
2870710949	6
2870714871	4
2870724406	4
2870726830	5
2870737756	2
2870739359	5
2870743282	4
2870744675	5
2870759896	4
2870762068	5
2870808981	5
2870813847	6
2870844724	5
2870848168	5
2870855512	3
2870896719	5
2870903481	15
2870907657	12
2870919033	13
2870924079	12
2870960968	12
2870967231	12
2870982166	14
2870985233	13
2870986498	14
2871010546	12
2871164641	1
2871848863	1
2871901110	4
28719308	2
2872014165	1
2872025813	16
2872077412	3
2872086976	1
2872103644	2
2872120540	9
2872127962	9
2872150576	1
2872229113	4
2872998972	1
2873031161	1
2873157024	1
2873230615	1
2873483948	1
2873578463	1
2873638358	1
2873663953	1
2873843585	1
2873870794	1
2873923392	3
287398401	1
287441095	1
2874615120	1
2874890072	1
2875208193	3
2875548931	1
2875602905	2
2875656396	1
2875741373	1
2875909930	1
2876218541	1
2876391604	1
287642535	1
287679898	3
2876857849	1
28769199	3
2877146700	1
2877274274	1
2877295624	1
2878162830	5
2878440015	1
2878446236	1
2878467313	1
2879010264	1
2879272550	1
2879283526	1
2879632341	1
2879657536	1
2879788452	1
2879790430	1
2879863017	1
2880136639	1
2880143019	6
28803148	19
2880399656	1
2880883332	1
2881085115	1
2881156316	1
2881224499	1
2881512810	2
2881595931	1
2881945762	2
2882417429	8
2882460206	1
2882585480	1
2882636814	1
2882685225	1
288286101	1
288302031	24
2883228225	1
2883327076	1
2883331035	2
28838306	1
2883847155	1
288387863	3
2884016045	1
2884225803	1
2884377845	1
2884524158	1
2884647466	1
2884664854	1
2885532683	8
2885693533	1
2885751784	1
2885861621	5
2885918924	1
2885921638	9
288632154	1
2886530201	1
2886570543	1
288662660	14
2886696132	47
2887130764	6
2887493981	1
288784577	1
2888130024	1
2888447038	1
2888449767	1
2888729354	6
2889029947	1
2889234656	1
2889633523	1
2889654051	1
288976406	20
2890041616	1
2890121678	9
2890191213	1
2890512479	9
2890663263	2
2890701232	8
2890853229	1
2890855647	2
2890905555	1
2890906552	21
2890916938	1
2891113649	1
2891474079	1
2892145485	1
2892230008	1
2892660820	1
2892802869	1
2892899569	1
2892956141	1
2893200478	1
2893261007	1
2893391782	400
289358443	1
2893781298	1
2894355539	1
2894375265	2
2894637808	1
2894951209	1
2894966843	1
2895101452	1
2895424906	2
2895432667	1
2895824839	1
2895866505	1
2895867473	1
2895915621	1
2895945719	1
2895967803	1
2895968699	1
2896331405	3
2896349226	1
2896357489	1
2896551845	1
2896692645	1
2896856565	1
2897048049	5
2897052407	1
2897147133	1
2897170863	1
2897404565	1
2897514482	4
2897811355	1
2897928389	1
2898153623	2
289816989	1
2898294537	1
2898670442	1
2898701499	1
2899386562	2
289951151	1
2899550888	3
2899675371	1
2899920210	1
2900337700	1
2900652679	1
2900878497	1
290094231	1
2900950021	1
2901104472	2
2901183264	1
2901190120	1
2901408889	1
2901719120	1
2902190267	1
2902252757	3
2902424509	3
2902468109	6
2902615293	1
2902834139	1
2902938748	1
2902969040	19
2902982664	1
2903138662	1
2903393603	1
2903549678	7
2903702067	2
2903730227	1
2903730731	1
2903742124	10
2903761786	1
2903763034	2
2903843159	1
2903922715	1
2904593836	1
2904640841	1
2904641538	1
2904664239	1
2905220763	3
2905282348	2
2905316259	6
2905636554	1
29056930	1
29057109	1
2905763336	1
2905967040	1
2906598622	1
2907027965	1
2907496020	1
2907571131	1
2907765895	1
2908291896	1
2908325363	1
2908625013	1
2909032492	1
2909463341	1
2909767578	1
2909839289	1
2910074538	1
2910980114	1
2911206023	1
2911300147	1
2911387075	1
2911786824	20
2911864381	1
2912028534	1
2912260584	1
29125893	1
2912780574	1
2913840473	1
2914138698	11
2914750978	1
2915094645	1
2915321844	1
2915412868	1
2915496971	1
2915754130	1
2915869493	1
2916396268	1
2916525621	6
291687597	1
2916949184	1
2917084264	1
2917434998	2
2918420784	1
2918925607	1
2919058558	5
2919358665	1
2919556454	1
2919620753	1
2920067093	1
2920102860	1
2920123972	1
2920388557	1
2920555038	1
2921036993	1
2921135511	1
2921338239	1
2921368829	2
2921368997	5
2921403004	1
2921403496	2
2922368518	1
2922408400	1
292261358	2
2922619043	1
29231326	1
2923309947	1
2923582927	4
292359995	1
2923838961	1
2924531202	1
2924563938	1
2924775089	1
2924964854	1
292502674	6
2926118567	1
2926607235	1
2926771433	1
2927209855	2
2927301033	1
2927496331	1
2927826345	1
2927999148	1
2928022413	3
2928995946	3
292935889	1
2929392853	1
292952757	1
2929743297	6
2930655448	1
2930970106	1
2931262354	1
2931846895	2
2931921508	1
293210776	5
2932244360	1
293227223	1
2932273000	1
2932485948	1
2932666938	1
2932676678	3
293271745	1
2932907118	1
2933025659	6
2933120974	1
2933214696	2
2933318198	1
2933453847	1
2933706011	1
2934035766	1
2934231672	1
2934253857	2
2934562566	1
2934684204	2
2935245540	1
2935613788	1
2935749009	1
2936005761	1
2936210342	1
2936306117	1
2936423919	1
2936659008	13
2936820450	1
2937047884	2
29370817	9
29372407	2
2937451808	1
2937603519	1
2937736777	1
2937893884	1
2937957907	1
2938693921	1
2939007873	1
2939307242	1
2939388136	1
2939844591	1
2939856565	1
2939870480	1
29401177	2
2940618900	1
29408846	4
29409478	1
2941038624	2
2941106205	1
29412034	2
2941360080	1
2941603690	1
2941668279	1
294248682	1
2942613793	2
2943900211	1
2944373407	1
2944426623	1
2945248740	3
2945335110	1
294541091	1
2945825295	1
2946005278	1
2946288363	1
2946546948	1
2946598523	6
2946724580	64
2946801091	1
294777075	4
294851704	1
2948786595	1
2948859670	1
2949058429	1
2949083497	1
294909683	3
2949204993	1
2949283528	1
2949297775	1
2949504267	1
2949520299	1
2949533634	1
2949905125	1
2950107153	1
2950858071	5
2951065547	1
2951077999	2
2951245141	1
2951298421	1
2951405725	1
2951518632	1
2951934761	1
2951943911	22
2952569764	1
2952853623	1
2952997323	1
2953144325	1
2953235656	1
2953255989	1
2953362071	1
2953477247	1
2953680381	1
2953911861	1
295392640	1
2954001798	1
2954733203	1
2954750533	1
2955001976	1
2955162433	1
295569822	1
2955716136	1
2955724316	1
295584699	10
2956577273	1
2956945024	1
2957003810	1
2957008700	1
2957026621	1
2957679899	1
2957891816	1
2958230600	1
2958571375	2
2958664335	1
2958813385	1
2958869882	1
2958906124	1
2959047383	1
2959118892	1
2959794806	1
2959869516	2
2960027014	1
2960127311	1
2960440083	10
2961222149	1
2961924941	2
2961995470	1
2961995764	1
2962002214	1
2962002346	2
2962002490	2
2962285158	1
2962494649	1
2962677865	1
2962834552	7
2963357403	1
2963378003	1
2963381859	1
2963520872	1
2963676394	1
2964048237	1
2964251697	31
2964422259	1
2964712707	1
2964733276	1
2965186691	1
2965713622	1
2965713688	1
2965771119	1
2965865332	1
2966269893	1
2966387746	1
2966850580	1
2967119856	50
2967945348	1
296794787	1
2968210600	4
2968256134	15
2968397450	1
2968713596	1
2968873443	1
2968916573	1
2968956150	1
2969552201	1
2969613706	1
2969619507	1
2970041415	1
2970501628	1
29707536	1
2970809197	1
29708582	15
2971160100	1
2971371170	5
2971464988	1
2971517756	1
2971606984	1
297173189	1
2972108721	25
2973052446	107
2973285664	1
297333522	4
297334964	2
2973483814	1
2973644913	2
2973748048	1
2973843532	1
2973880315	1
2974002023	1
2974461759	1
2974527543	1
2974597894	1
2974738523	8
2974796709	1
29748372	2
2974931404	1
2974956982	32
2974965982	1
2975012805	1
29752034	1
2975255110	1
2975442466	1
2975591233	4
2975775724	1
2975889134	1
2976322599	1
2976331862	1
2976494740	1
2976714466	1
2976797836	1
2976868491	1
2977065271	1
2977272347	9
2977476140	1
2977654243	1
2977900810	2
2978100551	1
2978205416	1
29782340	1
2978404216	1
297926868	1
2979339679	1
2979555184	7
2979758159	1
2979759207	1
2979858443	1
2980284477	1
2980573906	1
2980866684	1
2981132367	2
2981334604	3
2981572462	6
2981664899	1
2981836120	1
2981941474	1
2982073071	1
2982393507	1
2982397355	3
2982540063	1
2982651796	1
2982760043	15
2982996883	1
2983483678	1
29839149	1
2984242248	1
2984293340	1
2984393219	1
2984477115	1
2984497217	1
2984558894	4
2984903591	1
2985057760	1
2985086774	1
2985281299	1
2985508979	1
2985809014	1
2985841307	1
2985903545	3
2986468222	1
2986590054	1
2986591938	1
2986595437	1
2987006919	87
2987341205	1
2987464929	1
298747192	1
298756290	1
2987938720	1
2988414041	7
2988601219	1
2988770141	2
2988777971	1
2988800901	1
29888058	2
2989270030	1
2989304296	1
2989480738	1
29895366	1
2989647453	1
2989838704	1
298986300	2
2989961139	722
2990098849	1
299011760	4
2990131630	1
2990164907	2
29902890	1
29904311	1
2990581845	7
2990612172	1
2991114906	2
2991431672	1
2991509115	1
2991685441	1
2991756652	1
2991859500	1
2991964935	1
2992172149	1
2992395456	1
2992420459	1
2992642057	6
2992739796	2
2992827146	1
2992893772	2
2993475993	1
2993504408	1
2993942503	1
299412843	1
299413616	15
2994215062	1
2994383308	1
2994453145	1
2994477099	1
2994832005	3
2995130330	1
2995207962	3
29953730	1
2995414714	1
2995431966	1
2995432337	1
2995461342	1
2995482032	3
2995743521	1
2995822487	3
2996002716	2
2996758348	1
2996788699	1
2996949462	1
2997202992	2
2997294678	1
2997471395	2
2998402900	1
2998419345	20
2998554478	14
2998607775	1
299879447	1
2998925995	67
2998930216	2
2999246903	1
2999254998	1
2999350397	1
2999646611	1
2999827295	21
3000970631	2
3000999896	1
3001034111	1
3001055687	1
3001224159	1
3001357513	2
3001489280	1
3001689924	2
3001857558	2
3001862243	4
3002240222	1
3002428054	1
3002780498	1
3002849663	1
3003202768	1
3003301587	1
3003333773	2
300334073	1
3003660858	1
3003710979	1
3003985426	32
3004009215	1
3004046975	1
3004056760	1
3004057961	1
3004073602	4
3004104365	1
3004194069	1
3004251944	1
3004263412	1
3004287344	1
3004504380	1
3004634733	1
30047620	1
3005043824	1
3005194305	1
3005258239	1
3005500258	2
3005559517	208
3005594578	4
3005599078	3
3005654087	1
3005868791	1
3006008029	1
3006186993	1
3006279621	3
3006296459	1
3006444584	1
3006513687	1
3006680758	1
3006791370	1
3006834917	2
3006899978	1
3006945305	1
3006990771	1
3006998006	1
3007066852	1
3007241362	1
3007376847	1
3007412041	1
3007462248	1
3007625408	2
30077085	7
3007749697	1
3008018052	1
3008074266	1
3008077181	1
3008234088	2
3008272417	1
3008320444	1
3008462020	1
3008498792	1
3008571528	1
3008637992	1
3008710180	3
300875086	1
3008855362	2
300896355	2
3009060778	2
3009073544	1
3009182719	1
3009276595	2
3009347467	1
3009453446	3
3009469034	1
300959283	1
3009773746	1
3009776514	1
3009862495	1
3009888716	1
3010470087	1
3010588705	1
3010873502	2
3010956467	1
3010980808	1
3011003491	1
3011030238	1
3011374530	789
3011487175	1
3011536014	1
3011581942	1
30117375	1
3011835633	1
3011976939	1
3012009419	1
3012456314	1
3012484118	1
3012496650	1
3012677766	1
3012687916	1
3012934683	1
3013308568	1
3013951056	1
3014101663	1
3014263481	1
3014278997	2
3014309175	1
3014459128	2
3014507791	1
301453671	1
301472331	1
3014780569	1
30149549	2
3015375159	2
3015843248	1
3015941370	1
301601647	2
301634139	1
3016441887	1
3016625982	1
3016688453	1
3016697870	1
3016758817	1
3016890360	1
3016901502	1
3017068729	1
3017220576	2
3017486930	4
3017487733	1
3017517320	5
3017557763	1
3017604060	1
3018374329	1
3018464028	1
3018683593	1
3018706562	1
3018800689	1
3018836009	4
301886330	1
3018890398	1
301896232	1
3019018762	1
3019202790	736
3019229184	944
3019230188	927
3019246848	793
3019246891	916
3019254948	952
3019262802	783
3019263338	972
3019268126	781
3019283839	731
3019284048	919
3019287073	785
3019288603	755
3019295430	3
3019299559	912
3019301790	3
3019305283	800
3019323110	911
3019327638	3
3019340491	932
3019353116	863
3019359433	918
3019367928	3
3019375609	788
3019377559	854
3019379922	3
3019391869	3
3019394582	947
3019401050	3
3019403918	3
3019405428	793
3019411712	924
3019419456	769
3019463570	940
3019468490	798
3019470259	806
3019477736	946
3019501668	942
3019506877	785
3019512125	1
3019520364	939
3019540862	800
3019542955	798
3019558388	3
3019563943	912
3019571600	929
3019575163	796
3019649784	913
3019674769	3
3019675454	938
3019679827	3
3019692883	3
3019711916	1
3019715906	3
3019743266	3
3019803276	3
3019812314	3
3019820280	1
3019829384	948
3019852123	951
3019856279	1
3019875344	5
3019882793	1
3019910034	4
3019911410	6
3019916660	6
3019923686	961
3019932427	3
3019954074	949
3019958900	4
3019972470	954
3019977354	1
3019978566	960
3019980870	987
3019990802	5
3019993602	3
3019996430	4
3020002855	4
3020006378	929
3020022066	3
3020024546	923
3020025583	960
3020037830	741
3020044850	3
3020044909	5
3020050927	5
3020116165	2
3020265911	1
3020352846	3
3020357600	932
3020368800	944
3020377296	840
3020383128	914
3020392052	980
3020402372	988
3020404076	960
3020413813	4
3020420856	2
3020448758	3
3020463145	3
3020464370	3
3020482165	3
3020493745	928
3020527297	2
3020960439	2
3020967674	963
3020990504	969
3021078684	3
3021133237	3
3021179399	2
3021271434	1
3021360987	1
3021372549	6
3021445059	917
3021457127	935
3021459153	951
3021475889	931
3021518997	790
3021523791	740
3021537142	1
3021549803	760
3021553309	1
3021597958	773
3021606066	995
3021697166	2
3021720679	3
3021723427	2
3021743814	1
3021772625	1
3021814869	1
3021890146	1
3021966336	2
3022213985	1
3022338943	1
3022345810	2
3022369502	1
3022393355	2
3022433825	1
3022521568	1
30226974	3
3022738541	1
3022820241	1
3022827819	1
3022872558	1
3022890479	1
3022974061	715
3022979135	2
3023068226	2
3023081584	1
3023175183	1
3023200109	1
3023301119	1
3023302877	1
3023323371	2
3023336704	1
3023341474	2
3023472628	2
3023594441	2
3023672743	7
3023821870	1
302386450	4
3023931839	2
3024008100	1
3024063803	2
3024083056	1
3024113443	1
3024211730	2
3024243939	2
3024320813	2
3024349537	1
302445543	3
3024461305	1
3024474191	2
3024480460	1
302448642	3
302449633	3
3024535035	1
3024561907	1
302462499	3
3024687975	2
3024711052	2
3024787329	2
3024820089	1
3024837004	2
3024863799	2
3024884345	1
3024938397	2
3025037751	2
3025084618	2
3025086599	2
3025129295	2
3025196910	1
3025351149	1
3025387337	2
302545862	9
3025502858	1
3025555828	2
3025706887	7
3025714324	2
3025718498	2
3025784879	2
3025786812	1
3025801055	2
3025998909	1
3026408153	1
3026426097	969
3026437803	920
3026523640	926
3026804717	1
3027295576	7
3027647547	1
3027713844	1
3027822791	1
3027871138	1
3027923729	1
3027945209	1
3028192509	762
3028242087	2
3028280722	769
3028513918	1
3028698518	1
3029027508	1
3029028760	1
3029092563	49
3029422928	20
3029482898	1
3029821739	5
3029847604	2
3030516292	934
3030563835	1
3030584470	937
303058517	2
3030626177	757
3030751859	1
3030812506	1
3031274169	1
3031292895	1
3031315412	1
3031562413	1
3031591345	1
3031678450	1
3032320893	1
3032380524	1
3032445748	973
3032448370	914
3032452114	943
3032452552	752
3032460658	775
3032693247	1
3032769382	1
303286421	1
3033012425	1
3033106665	1
3033220945	1
3033317622	1
3033380266	1
3033511743	1
3033753705	33
303390089	1
3034225344	1
3034447738	1
3034543431	1
3034559934	1
3034700999	3
3034747425	763
3034810783	1
3034825001	964
3034844434	782
3034880488	4
3034893983	1
3034927861	1
303510051	4
3035118719	1
3035371844	1
3035621653	2
303569678	1
3036086220	1
3036423455	1
303645829	4
3036885619	2
3037084796	1
3037171225	1
303735118	106
3037615090	1
3037687698	1
3037873160	1
303800471	11
3038072144	2
3038208674	1
3038212285	1
3038449285	1
3038548692	3
3038931882	63
3038946964	1
3039030464	1
30392846	2
3039305980	9
303932190	1
3039404060	1
3039498064	1
3039522724	1
3039999099	1
3040013407	1
3040038782	1
3040064857	1
3040181236	1
3040209546	1
3040422957	11
3040500898	1
3040563341	1
3040576491	1
3040623539	1
3040657672	1
3040956619	2
3040975294	1
3041436165	9
3041503191	1
30416706	1
3041691380	1
3041771172	1
304202454	3
3042229791	1
3042380027	919
3042381609	901
3042435472	948
3042437021	751
3042445591	22
3042456336	804
304277322	6
3042873730	1
3043158778	1
3043187867	2
3043543016	1
3043811831	1
304409162	3
3044159284	135
3044418199	1
3044426025	1
3044569347	766
3044589357	787
3044605167	1
3044617829	934
3044644330	859
3044645080	765
3044645392	801
3044663542	762
3044673862	5
3044768836	1
3044787711	1
3044811100	3
3044852217	785
3044856287	1
3044892335	789
3044892477	1
3044894675	770
3044919820	965
3044923342	758
3044979915	1
3045067421	1
3045141158	1
3045184594	1
304547737	2
3045616128	1
3045756246	2
3045922659	1
3046242090	1
3046314543	1
3046652979	2
3046692813	1
3046789463	1
3046912269	1
3047262456	1
3047270826	1
3047323856	1
3047683376	1
3047748639	1
3048090791	7
304812848	1
3048243388	1
3048758982	1
3048858134	1
304899193	2
3049211697	1
3049488197	1
3049545382	1
3049686131	1
3049912797	2
3049995525	1
3050034280	1
3050126482	1
3050244059	1
3050251807	1
3051379548	1
3051520025	1
3051558798	1
3052172329	1
3052285120	1
3052351478	1
3052409156	1
3052509402	1
3052704680	1
3053032687	1
3053115888	1
3053233471	1
3053480291	3
3053494958	1
3053524936	15
3053746958	1
3053750270	1
3053972354	1
3054004326	1
3054045080	7
3054135146	1
3054237409	1
3054271427	1
3054346014	1
3054348182	1
3054922625	1
3054954565	1
3054989192	1
3055010289	1
3055141147	1
3055162358	1
3055173125	1
3055269489	1
305571382	1
3055946960	1
3056150047	1
3056746590	1
3057079111	1
3057608414	11
3057682613	1
305821203	2
3058474705	3
3058852685	7
3058963173	6
3059038717	6
3059128738	15
3059308297	1
3059483422	1
3059603224	1
3059612634	1
3059652224	1
3059688533	1
3059906589	1
3059914764	2
3060045194	1
3060163950	1
3060179595	1
3060243147	1
3060260129	1
3060307559	1
3060574437	1
306065894	6
3060688705	1
3060948606	1
3061030231	1
3061076858	1
3061115189	1
3061201159	1
3061345280	1
3061415134	1
3061445503	1
3061472500	1
3061512252	1
3061851224	1
3062157014	1
3062405121	1
3062436955	1
3062506006	1
3062584982	1
3062600834	1
3062671780	1
3062844429	1
3062856160	1
3062993631	1
3063155596	1
3063161877	1
3063281438	11
3063353547	1
3063433171	1
3063480060	1
3063652846	1
3063784977	1
3063869663	10
3063873503	1
3063879262	1
3063897320	1
3064052050	1
3064079199	1
3064219365	1
3064232643	1
3064380335	1
3064389689	1
3064405703	1
3064418608	2
3064501108	1
3064535170	1
3064546246	1
3064547303	1
3064563064	1
3064619399	1
3064654355	1
3064691374	1
3064695591	1
3064853829	1
3064853998	1
3064859069	1
3064929394	1
3065092666	1
3065292236	1
3065396264	2
3065429757	1
3065745869	1
3065838905	1
3065846507	1
3065856747	2
3065870851	1
3065879809	1
3065883051	1
3065891650	1
3065923816	1
3065943503	1
3065954549	1
3065955239	5
3065962522	1
3065978818	1
3066017741	1
3066045867	1
3066059093	1
3066179489	1
3066188297	1
3066445547	1
3066545500	1
3066606149	1
3066609478	1
3066792748	1
3066841237	1
3066855883	179
3066892202	5
3067014205	36
3067039901	1
3067043154	1
3067048962	1
3067049766	1
3067122520	1
3067238789	1
306727411	1
3067303969	5
3067431226	6
3067468677	1
3067494227	1
3067680082	1
3067720541	1
3067722796	7
3067738319	1
3067768632	1
3067853850	1
3067881388	1
3067888493	1
3067924409	1
3067926699	1
3068037523	1
3068417268	1
3068420274	1
3068555657	1
3068629611	1
3068651197	1
3068683869	1
3068697232	1
3068709560	1
3068975940	1
3069021145	1
3069051065	1
3069142294	1
3069203396	1
3069217463	1
3069217576	1
3069324847	1
3069432039	1
3069536866	1
3069723684	1
3069946714	1
3070030103	1
3070092795	1
3070099596	1
3070148788	4
3070161738	1
3070182097	1
3070212913	1
3070495859	1
3070564373	1
3070631557	1
3070747666	1
3071216088	1
3071291149	1
3071375041	1
3071385675	1
3071640133	1
3071677821	1
3071721503	3
307176697	5
3071873147	3
3072116379	1
3072405261	3
3072748008	1
3072762079	1
3072889402	1
3073092281	1
3073202022	1
3073241957	4
3073245030	1
3073254650	1
3073348914	1
3073385065	1
3073403851	1
3073508946	1
3073588752	1
3073959699	1
3074415932	1
30746844	2
3074818464	1
3074842818	1
3074931281	1
3074957113	1
3074976856	1
3075030454	1
3075120092	1
3075275910	1
3075364988	1
3075528935	1
3075535213	1
3075657550	1
3075715067	1
3075771658	1
3075880818	1
3075917337	1
3075951805	1
3076031190	1
3076045281	1
3076434088	1
3076476620	1
3076496679	1
3076761803	1
3076769073	1
3076790429	8
3076894391	1
3077566079	1
3077729422	1
3077942594	1
3078013324	1
3078490653	1
3079119885	1
3079285569	1
3079293100	2
3079359112	1
3079478038	1
3079642555	1
3079643217	1
3079744858	1
3079821026	1
3079954780	1
3080146672	2
3080243337	1
3080304009	1
3080339397	2
3080635503	1
3080707299	1
3080958013	1
3081173424	1
3081192012	1
3081236963	1
3081276448	1
308130306	1
3081334383	1
3081354953	1
3081445926	1
3081630413	4
3081760601	1
3082410097	1
3082411319	1
3082507645	1
3082513682	1
3082519185	1
3082607068	4
3082640465	1
3082844453	1
3083155205	1
3083287443	1
3083287858	1
3083532370	1
3083680588	1
3083726677	1
3083737690	1
3083780921	1
3083801701	1
3083834965	1
3084069598	1
3084277049	1
3084486418	1
3084645089	1
3084656147	1
3084929260	1
3084961193	1
3085590309	1
3085905239	1
3085940747	1
3086034881	1
3086231343	1
3086544751	1
3086609236	1
3086723367	1
3086860356	1
3086998747	1
308706473	1
3087189939	1
3087204501	1
3087281963	1
3087363304	1
3087371915	1
3087415545	1
3087449261	1
3087473115	1
3087486839	1
3087496689	1
3087496781	15
3087511013	2
3087550960	1
3087590390	1
3087715785	1
3087759704	1
3088155032	1
3088191625	1
3088358372	1
3088409147	1
3088415186	1
3088424035	1
3088550919	1
3088788974	1
3089022875	1
3089301413	1
3089327941	1
3089374492	1
3089403848	227
3089417384	1
3089469124	1
3089504974	1
3089659653	1
3089762840	1
3090176373	1
3090274540	1
3090324194	1
3090572218	1
3090749476	1
3090804123	1
3090845314	1
3090863317	1
3090910265	1
3090958058	1
3091286811	1
3091294803	1
3091317579	1
3091329922	1
3091389742	1
3091422755	1
3091446215	1
3091450133	1
3091450372	1
3091489235	1
3091523507	1
3091559609	1
3091564523	1
3091594540	1
3091621191	1
3091622827	273
3091635869	1
3091661110	1
3091665477	1
3091695515	1
3091712929	1
3091754583	2
3091778974	1
3091804330	1
3091870471	1
3091901752	1
3091916651	1
3091956099	1
3091971215	1
3091991410	1
3092041973	1
3092044090	1
3092095420	1
3092104407	1
3092152979	1
3092163699	1
3092183272	1
3092233035	1
3092295005	1
3092298718	1
3092304893	1
3092305128	1
3092353925	1
3092356654	1
3092415615	1
3092420270	1
3092429249	1
3092498109	1
3092511825	1
3092551150	1
3092568148	1
3092580016	1
3092590942	1
3092601349	1
3092653186	1
3092715646	1
3092716378	1
3092721959	1
3092755569	1
3092782606	1
3092870932	1
3092872696	1
3093353512	1
3093428913	1
3093929121	1
3094008989	1
30940468	4
3094215042	1
3094260255	1
3094388382	1
3094546440	1
3094658982	1
30951174	4
3095808045	1
3096733547	2
3097045198	1
3097184823	1
3097256958	9
3097591993	1
3097790294	2
3098465986	2
309903849	2
3099366676	1
3099376487	1
309940147	1
309943390	5
3099503669	1
3099607864	1
309976660	1
3100159508	1
31001654	1
3100289572	1
3100354804	1
3100654889	1
3101561983	1
3101574800	1
3101633823	1
3101691856	1
3101753201	1
3102317005	1
3102335868	3
3103053115	1
3103146009	1
3103216608	1
3103279214	1
3104062466	1
3104444568	1
3105045924	1
3105605875	1
3106147312	1
3106352253	1
31064165	9
31066498	3
3107073239	1
3107584859	1
3109987341	1
31132143	1
311490310	1
311950677	1
312722737	1
312875662	1
312930799	2
313178528	1
313385760	1
31342661	1
313525664	1
313678941	14
31368019	1
313834128	1
313834178	1
313834446	1
313835137	1
313835188	1
313835323	1
313944053	1
314474895	1
314491934	1
314661233	1
314768563	3
31529265	1
315314199	1
315671241	7
315840103	1
316248491	1
316334172	1
316362387	1
316485110	4
316602908	1
317041794	2
317144919	1
317152138	1
317293844	3
317404662	1
317664462	4
317745564	1
317971798	1
317975293	1
318855975	1
31905748	1
319084057	1
319362294	6
319644456	1
319789058	1
319811967	722
320023889	1
320459857	1
321457725	1
321546575	1
321896620	1
322054650	3
322157217	1
322231309	3
32223937	1
322558628	3
322602539	1
323089008	2
323168888	1
323701408	5
323811966	1
323845126	1
32389456	1
324815991	1
325125108	2
32528917	17
325340654	1
325360638	1
32543218	1
325734181	1
326235276	4
32639483	1
326506723	1
326540264	2
326629646	5
326682407	1
326731962	1
326741875	2
326789558	3
326948387	1
32800037	1
32811446	3
328133296	1
32864886	1
328678119	2
328768672	1
328774774	1
328867336	3
32897012	7
328976536	2
32906830	1
329167984	4
329563441	1
329661376	1
329838275	1
330261527	1
33026200	1
330494216	1
331056224	13
331825053	1
331998160	1
33230618	1
33234189	227
332560287	4
332682421	3
332969934	1
332984273	1
333359884	4
333398780	1
333487103	1
333573022	1
333612623	95
333966208	4
334375683	1
334502292	1
33451842	1
33457888	1
334595086	5
334714682	1081
33552148	1
335635651	1
33565099	1
33662065	21
336630950	1
336871220	9
337180581	1
337288795	2
337594915	5
337617051	2
337708461	3
33796239	2
337982109	1
338220607	6
338883356	9
338957752	6
338993369	7
33927725	1
339955328	1
340295329	4
340323457	1
340405112	1
340465671	1
340582320	1
340857592	1
34152968	1
341663656	2
341924049	1
342105433	1
34227896	1
342297752	45
34243036	2
34264116	3
342741718	2
34300971	1
343210032	4
34424004	2
344688523	1
344712765	1
344776235	3
344786265	5
345294766	1
34550410	41
345678493	1
345962631	1
346106064	2
34636492	4
346638282	7
346933440	6
347259913	2
347444643	1
347464978	6
347703274	2
348412164	4
348642818	5
348658179	3
34875455	1
34902891	1
34915359	2
34919012	1
349305528	2
349349942	1
34939208	1
349431955	1
34959263	1
34971860	1
349824482	10
350018389	1
350031611	1
350130948	1
35046784	6
35092253	1
350936749	1
350973387	1
351113917	1
351449584	1
351627983	1
35183844	1
352396384	2
352572760	1
35286493	6
352925193	8
35348579	2
353529515	1
35418645	1
35420682	1
35442403	1
354639079	1
35509119	3
355355662	34
355486088	1
355555700	4
35556226	1
355731875	2
355918876	1
355959032	2
356912324	1
356952634	2
357264586	1
357401155	10
357430764	8
35743374	11
35748752	1
357527362	1
35766116	1
357715177	2
357785420	1
35780448	1
358132186	3
358194714	1
359205455	1
359342178	4
359372224	1
359590126	1
359718770	1
359832064	20
36041084	13
36067096	1
360748450	1
36085322	2
361195202	1
361230803	1
361231926	8
361469025	1
361504501	1
36152010	1
361533010	9
362018780	1
362311295	1
362790883	1
363070667	1
36309263	35
363418210	1
363703598	8
36380912	1
363899237	1
364175597	3
364256115	4
364832982	2
365021829	1
36502918	2
365052236	1
365145727	1
365165135	1
365321928	1
365374920	2
365500988	1
36572693	1
366195295	1
366304356	1
366752583	2
366775608	1
366851862	4
36704033	6
367337523	10
367599005	1
36777600	3
367842499	1
368054529	3
368062828	3
368207295	5
368386188	4
368395972	1
368675708	1
368993627	1
368997919	38
369162851	21
369287704	1
369367093	1
36937396	1
369553659	1
36972979	2
369772151	2
369854629	1
369965574	2
36998358	1
370056108	1
37011010	1
370119419	1
37014324	1
370531625	5
370640922	1
37065910	3
370920571	1
37092528	1
371390172	2
371450085	12
37149640	19
371683500	2
371723043	1
371850240	1
372343193	36
37270553	2
372819714	1
372842775	7
372900776	1
37339797	1
373457750	117
373969891	10
37402709	1
374101804	1
374262099	3
374267841	6
374395761	8
374396042	3
374833803	1
375604754	1
375607166	1
37582221	1
376034477	2
37606449	43
376130768	3
37627568	2
376581425	2
376585551	1
376785468	6
37716108	1
37717439	5
37729384	1
377296719	153
37749243	1
3776621	1
377780045	1
378071379	3
378131364	1
37820549	4
378208943	2
378215053	2
378248417	1
37850055	1
37931075	1
37948589	1
379573131	1
380068884	1
380117615	5
380156495	1
380266455	1
380376010	1
380411494	1
380945277	1
381157332	1
381169501	3
381169850	1
381171283	5
381171525	2
381174944	1
381180448	2
381180717	1
381186136	1
381191249	2
381191572	1
381191772	2
381195053	1
381207654	1
381218000	4
381218136	1
381219812	2
381220345	2
381220463	1
381224814	3
381225061	1
381403174	1
381545678	2
381576731	1
38167992	1
381696140	75
381734103	1
382042081	1
382183909	1
382340750	5
382356756	3
38236592	4
383063465	1
383095269	4
383127484	1
383392521	1
38402800	31
38448277	11
384483993	2
384717221	26
385015938	1
385214093	1
385338646	2
385393697	2
385397497	1
385424999	1
385526290	2
385658781	1
385665221	3
385727104	1
385779209	2
385883092	1
386268011	1
386436243	3
386590161	1
38673865	1
386770863	1
38727901	4
387301360	13
387592410	2
387723469	1
387846089	2
38837865	3
388656898	4
389353555	1
389374343	1
389459635	10
389551062	3
389750401	2
389987620	1
39008962	1
390287630	1
39036374	1
390381898	1
39050208	3
390521905	1
390527754	18
390534150	1
390559943	1
390692890	2
390752287	1
391099991	1
391298367	1
391304969	6
391429541	1
391663017	11
39196468	1
39268388	2
392774118	1
393213564	1
393450801	269
39348923	12
393568517	4
393598847	2
393728772	2
393814112	4
393856647	3
394240127	3
394625009	1
39467526	3
39477727	5
395368630	1
395462175	1
39603848	1
396459050	1
396719668	2
39707999	2
39708328	1
397126963	1
397230151	2
39755884	1
398276594	13
398649958	3
398832262	3
398872694	3
398996457	7
399008876	2
399780751	2
400054955	3
400255957	1
400346066	1
401004712	1
401209665	1
40154361	10
40160413	1
40161547	1
40183734	7
40225693	1
40232946	1
40260310	1
4029531	2
403180346	1
403265959	5
40353438	1
403598464	15
403701277	1
40402484	7
404115840	21
404777480	1
404805113	1
404936721	1
405090292	2
405099240	1
406134363	1
406367602	1
406377375	1
406431568	2
406558969	11
406789441	7
407574538	1
407599414	1
407609106	1
407659112	69
407666826	3
407682472	1
407765984	1
407842270	7
407846477	1
407939692	1
407979120	1
408078808	1
408136428	1
408172638	1
40844812	1
40851790	1
408570187	2
408648274	1
408753230	1
40907605	2
40930609	1
409381444	1
40949299	7
409617637	2
410673248	3
41106799	1
41133866	5
41140413	3
411600570	1
411803607	1
411959967	3
41239267	2
412914400	1
413259079	7
41352867	1
413855425	1
414259284	14
41439999	1
41455035	1
41487075	1
415016917	19
415138048	2
41537564	2
415425968	1
415465501	2
41659555	1
416690441	1
41671039	1
41707124	4
417245754	1
417727024	1
418036639	3
41807351	1
418540325	2
41892011	1
419293621	1
419674293	2
41991896	1
420491810	1
421169033	1
421293572	1
421536881	2
421753186	1
42176691	4
42189267	1
42230841	1
422678652	1
422875499	1
423274783	2
42350526	1
42374510	1
423751016	1
424050217	1
42409791	6
424294335	1
42457698	1
425064409	1
425269374	1
425302872	9
425474202	3
425833715	2
425847284	1
425870454	3
425881490	1
42589787	12
425907178	1
425909589	1
425917134	1
425921042	3
425935315	1
425938933	1
425944160	2
426098567	2
426464754	6
426671145	1
426722004	1
427174068	2
427236895	1
427342991	2
427465564	1
427772973	3
428339673	1
429065890	1
429539867	2
429827499	7
430046235	1
430071435	3
43047023	1
430738001	1
43073980	2
43090315	1
431501063	1
431879673	6
432030119	1
43203621	1
433395499	1
433589125	3
433650953	1
434022587	1
434064748	11
434174425	1
434288471	1
434346369	1
434574997	2
434649810	3
434729488	1
435321951	1
435639947	1
436446659	1
436492163	4
437321725	1
437390228	12
437407245	3
438271547	8
43853942	1
439424887	1
439450677	1
439731845	1
440036814	3
44021147	1
440228392	1
44025923	1
44083334	1
440937137	1
44123040	3
4419831	1
442122539	15
442158567	1
44301550	2
443098558	2
443104156	7
443318003	4
444034438	1
445427293	1
445615143	2
446325405	1
446547968	5
447131733	1
447289978	1
448152722	4
44824361	17
44847173	1
450421334	1
450607522	2
450733757	1
451109960	1
451182559	1
451594270	1
452151127	9
452318138	1
45247404	1
452488657	2
452853780	2
45318580	2
453332790	1
453879184	2
45394510	1
454628043	1
45463439	1
454993110	2
45552145	3
455673828	25
455871154	1
456050432	1
45683950	7
456914827	1
457912977	1
458512900	2
458646727	1
458716389	14
459179996	1
459481071	2
459563249	5
460066031	1
460228320	6
461023926	1
46106083	1
46134515	1
461953368	2
462238790	1
462312201	1
462710481	11
462834740	1
463022477	1
463361555	1
46346274	39
463858114	1
464549179	1
46475276	2
465039908	1
46631739	1
46633066	21
466333756	35
466460240	2
46658506	1
466591533	1
46680168	6
466821972	1
467191763	1
46725133	1
467570473	1
467790422	2
468495534	13
468523252	1
468657693	3
468759850	1
468786796	1
468796650	2
46910304	1
469414409	1
470001907	2
470075615	3
47076831	1
470921608	1
471983463	1
47216821	1
472607721	1
472685762	1
473004776	2
473125758	1
473463895	1
473529685	1
473794771	2
474910079	1
474932878	6
475466405	1
475655091	1
475695172	2
475857051	2
47602066	2
476337209	9
47671682	4
47675669	7
476900097	3
476956495	1
477297459	2
477319806	19
478792870	1
47887147	3
479030699	2
47909079	1
479330647	7
47946068	4
47949452	2
47951373	1
47991037	4
480393918	10
481379567	2
481409710	1
48142375	2
48162069	1
481663704	1
482046500	1
482109972	1
482670026	5
483070118	27
48434084	4
484629288	1
48476699	1
484822687	1
485676929	1
485797194	6
485942219	2
486048874	1487
486106100	1
486121867	2
48631848	3
48633248	1
486468358	1
486476991	2
486494732	1
486503046	2
486508901	1
486598759	1
486616090	7
487168474	1
487284729	3
487492096	1
487719985	4
48784125	4
487887580	8
487906416	2
48839168	1
48862707	1
488632679	6
488715179	1
489724044	1
49026297	1
49050128	2
490629771	1
49074629	7
49074847	1
49091558	1
491564705	2
49186625	2
491936327	1
492138343	1
49222590	3
492609021	2
493341479	1
495181542	1
495974881	2
495979468	1
49605610	3
49619321	1
49672102	9
497820518	1
498273532	1
499245904	1
499732169	22
50033610	1
50049648	1
500515572	50
500633142	2
500725023	1
500776077	2
501008918	1
501090860	1
501157154	1
501164731	1
50180661	2
50206233	1
50228468	6
502507696	3
503097141	8
504094623	4
50413751	16
50414071	2
50456224	1
504564858	1
504680610	1
504877413	1
505545995	4
50571768	1
506318847	1
50640969	1
50645038	1
50718597	5
507416774	1
50759108	1
507809147	9
50785787	1
509081136	1
509363814	2
51004396	2
510111856	2
51044259	3
51061464	2
51114222	2
512055114	1
512309217	1
512525774	2
51280414	1
51317722	3
51435706	2
514970022	1
515325306	1
51543886	1
515491937	1
515780586	4
516777460	2
516797265	1
51689310	2
517392967	29
517623419	2
51763291	1
517777575	1
518097009	22
51978293	11
519882616	2
52007736	1
520104860	1
521239224	1
52126417	1
521530151	4
521737922	6
521912725	20
522667543	9
522814233	5
523347473	1
523525446	1
52370341	1
52387663	1
524343826	1
524461170	1
524951152	1
52669559	1
526755766	1
52809394	1
529167074	1477
529184031	1
53007769	1
53091480	2
531337247	1
531384436	4
53206267	1
532771106	1
533531965	4
534539482	1
535027477	3
53654464	1
53654804	1
537102858	18
537289603	1
537536423	1
53777622	3
53785081	1
538125921	6
53855114	3
538889546	3
539779398	2
539910305	16
540066106	1
540345903	1
540681316	2
541792771	1
542324757	8
543679678	1
54487456	2
545007987	3
54536679	6
545837912	17
546638842	1
546713551	1
54775107	2
547990880	4
548126161	1
548501730	1
549621843	1
550208371	1
55020919	2
551629377	2
551934175	1
552026263	1
552712906	1
553069364	1
554287579	1
554398474	1
555014575	1
55514310	1
555333822	1
555713146	1
556321713	1
55634694	8
556663844	14
556789999	1
557521710	3
558152572	1
55882440	7
558995956	2
55963652	1
560876923	2
560965621	1
560967017	1
56123732	1
561467949	3
56154321	1
562053945	1
562287040	1
562620328	1
562881788	1
563084750	7
56310697	3
564985411	3
565419912	1
56657031	1
566616660	1
566637308	9
566697293	1
567359056	1
567420468	1
568863470	1
56900584	1
56910769	14
57049783	2
57092466	1
571269240	1
57169582	1
571736073	1
572319265	4
57253968	4
572550519	1
57268394	2
573840130	1
574585476	1
575887522	1
5768632	1
57741304	1
577492700	29
57803027	66
578159505	1
57840555	1
57849762	1
57879691	1
57947388	1
579910204	1
58144962	1
581572648	2
581656960	1
582390700	6
582689833	2
582970365	2
584080139	1
58417274	3
584302334	2
584441234	1
58504849	1
585114985	51
585326960	1
586946229	2
587563290	52
58817207	1
588266607	1
58834486	1
588382160	12
588406265	1
588559211	1
58888841	1
590089963	1
59086959	1
591270307	1
591368817	1
591380208	2
591390306	1
591417279	1
591593762	1
592467046	7
592696698	1
592729858	1
592964051	3
59357374	1
59360852	1
593620370	1
59393368	8
594069992	1
594086618	1
594096575	1
594105875	1
594141180	2
594149589	2
59415888	2
5943622	1
59446165	17
594512446	1
594708224	1
595144967	1
59544964	1
595757114	1
596614457	1
59677940	1
597680705	1
59803544	1
59805168	2
598767671	1
600040280	13
600298450	4
60055468	1
601216199	2
601342910	1
601644032	1
601733740	1
601761502	1
601818798	20
602118827	1
602355833	4
602449513	1
60269163	1
60325396	1
603444593	1
603488299	4
603660185	6
60478078	1
604905807	2
605131315	1
60563971	51
606303072	2
606340754	2
606451031	1
607167414	33
60741791	1
608600612	1
609054721	2
609143325	2
609304305	2
60968890	1
610298865	1
610904764	12
61127928	1
611691734	1
611842870	2
61212638	6
61216389	5
613213247	1
613364911	4
613753095	1
613769800	5
61411109	4
614284614	1
614318363	1
61517960	1
615519845	78
616282125	1
616350723	1
616355918	1
617249968	1
617617177	5
618228289	1
61887605	1
61907167	2
619293169	1
61932015	1
619509404	1
620670701	1
62068201	1
621053575	5
62155958	1
621827663	17
621841059	3
622684368	1
624019090	1
624429242	1
62470765	1
62475077	1
624814087	3
624927669	1
624935877	1
625680796	1
626345722	4
627005460	1
627498274	1
62753847	1
62886110	29
629296561	1
629398055	1
629608455	2
63014149	94
630237759	1
630427235	1
630427888	1
63099815	3
63102012	1
631042707	1
63111273	2
63116275	1
631173518	1
631224681	1
63159399	1
632317734	1
6323442	1
63235670	12
632604943	1
63274742	4
632945864	1
633744636	2
633794922	1
634263574	1
63430346	1
634534933	1
635716336	1
636072964	1
636233189	1
63691059	1
63930975	1
63958843	1
64064358	1
64108913	1
64188751	1
64438641	12
64648362	1
64685331	1
64984150	9
65094395	1
65103306	1
65108820	1
65208304	4
65322179	17
65569580	2
65622171	8
65753801	3
65897559	1
65936893	3
65948021	1
65969995	3
659833	1
65998825	1
66057500	2
66103873	3
66151774	2
66370198	5
66377505	1
66440548	1
66716424	11
66884690	4
66914448	2
67013704	4
67024859	9
67109331	1
67181543	2
67272363	2
67281504	1
67312232	3
67353571	1
67592858	1
67723580	1
67934080	157
6799092	1
68272244	1
68334059	2
68386667	1
68398169	18
68493014	2
68639706	9
68655833	1
68747149	1
68824998	1
69110699	1
69114144	1
69476342	1
70025109	26
701131459	2
70120096	1
70150157	1
70266739	1
703154640	1
703285112	1
703352546	2
703410585	1
703755600	3
704018323	1
704983797	8
70675779	1
70705038	14
70709795	1
707666868	1
70848605	2
708773624	1
708864510	1
70940461	7
70960617	1
712323524	6
712636856	3
713281530	1
713289332	4
713292288	1
714498283	2
71515063	1
715218708	1
715613754	1
716534154	4
716625955	1
71841381	1
71885806	4
718957124	2
719756382	1
720557300	1
720892429	6
72225574	3
722401092	23
72247040	1
72271068	1
72276544	1
72290190	1
72321376	1
723914917	1
724409766	1
72572343	1
728700470	2
72907480	3
72928001	9
729282049	2
7294912	1
73056422	6
73142440	1
732013838	2
732429464	1
732644280	2
732905124	1
733796150	2
734733	1
735643934	1
736914727	1
738977570	1
738995263	2
739716859	4
739870819	2
741449684	1
741926208	1
742020854	1
74408465	2
746080230	1
74679161	2
74736109	1
747504205	1
747654350	4
748284313	1
749059344	22
749103409	137
749905244	3
751033098	1
7517052	7
752637529	1
752836645	3
75290848	24
75297153	1
753428269	3
75346250	1
753467209	2
75430011	1
755296141	1
755771490	4
755829115	1
75606470	1
757004952	1
757353156	1
75768967	1
75892622	26
75998655	4
760883833	3
761592008	1
76166323	1
762393889	1
76276558	2
763435891	1
76357201	1
763740920	309
76437836	1
76480211	1
76554388	2
765871291	1
76709202	7
767930647	2
768122323	1
76848276	1
768559110	1
768573948	1
768946867	1
769429969	1
769458919	1
76987535	1
770089374	1
770115889	1
770317610	1
77160513	1
771629515	10
77196565	1
77232868	4
773531245	1
773838518	3
774657672	1
775074300	1
77528520	17
77558562	2
775794126	1
776217870	1
776636857	1
776663796	1
777255126	2
777321122	1
78250421	1
782978010	1
78362135	12
7847192	1
784970113	1
78690504	1
787021939	56
787318760	1
788884507	1
788937373	19
789400032	8
789501139	2
789608102	1
790187299	1
790309974	1
79131016	1
791711262	3
79219027	25
79231168	1
79233326	320
79287983	1
79342609	1
793655922	2
794233338	1
795408560	1
797974208	1
799100228	1
79915434	1
799287043	1
800297028	1
80032254	1
801218796	1
801231043	1
80131253	1
80188836	3
802310934	22
80249964	1
802703184	1
80274890	2
803264160	1
80341735	2
80391378	1
803918294	10
804415676	3
804907292	1
805040004	4
806907156	4
808265138	3
808669524	2
808669694	2
808717442	1
80883533	1
80919423	1
809397414	2
81062283	2
812284626	1
812708665	1
814098703	3
814389872	1
815220276	8
815616986	4
81626530	1
816331848	1
817189484	2
817267081	1
818044298	3
818631578	3
81865605	1
819743767	3
819851174	18
82039354	1
821413956	1
822670837	10
822959113	6
823965787	1
824977794	1
826725242	3
826922760	1
82711419	1
8276952	3
827787415	1
82828662	2
82882713	1
830020351	138
830065705	1
830463397	1
830644328	1
832969130	32
833121608	1
83334364	1
833846748	1
833929141	1
834517176	3
83487242	3
836120336	1
83620543	18
838127461	4
83816037	2
838712149	1
84043985	1
840581	1
840659784	58
84121886	2
841727377	1
84315739	1
843469093	1
843781598	1
846393199	1
847134716	8
84717267	1
84900523	1
849923298	2
850016599	1
850301360	778
85066531	1
851180972	1
85164299	3
851896466	1
8524892	4
852841328	2
852978056	2
85360634	1
853885380	4
857008494	442
85849468	2
858831337	197
859006862	2
859485548	1
859659930	2
859931036	1
86164252	1
862105645	1
862110601	1
86255718	4
862679882	1
862756034	17
862785565	22
862944919	1
863145667	66
86342462	1
863465161	1
864323299	1
864527162	1
86522712	4
865439700	1
866000072	1
86662228	3
86707102	1
867848736	1
86796377	1
868379449	1
869312102	1
869918281	2
869939479	3
870772699	2
870813289	1
871367222	1
871817377	1
872122615	2
872581886	16
873086204	4
874979107	3
8757452	1
875760888	11
877080792	3
877635055	1
878385756	1
878980512	1
879017065	1
879275964	34
881604505	38
882117229	4
884651732	4
884941099	1
885853693	1
885992779	2
88701708	1
88720325	1
887259241	3
887441851	3
888084055	1
888679184	1
88923639	10
889970916	1
890090508	1
890479033	1
890674015	1
89070308	4
891500648	16
89167277	1
89185907	1
891869581	1
8923982	1
893484648	1
89412126	1
894200077	28
894305628	1
894882242	1
89505120	1
89571091	1
896320820	1
89686695	2
896914057	2
89707656	26
89778570	1
897798439	1
898021075	1
898168958	1
89883810	1
90005432	1
900359377	1
900611568	1
900620684	2
90128897	1
901337629	2
90146685	2
90278799	1
904342554	1
906735979	7
907003658	1
907570632	1
90836465	1
90844212	3
909591775	2
91069394	1
912672109	3
91382558	1
914323507	1
914664066	1
915134250	1
91585879	1
91585950	2
91611352	1
91630900	1
916823646	1
91817792	1
918385760	1
91908584	1
91954103	4
92124041	1
92140334	1
92148843	1
92279264	4
92281665	1
924254682	1
92527692	2
926965814	1
927014210	1
927165968	2
927414392	1
929504083	1
92959368	1
929828329	1
930912222	1
931212691	1
93155661	2
931741164	2
93279532	1
934163634	3
93465614	1
93586498	1
93656120	1
93663005	1
936824448	26
93766422	1
938655752	1
939086965	3
93913891	5
940434013	2
94055732	1
94172546	12
943567129	1
945419473	1
946004600	1
94631149	1
947024070	10
94792900	1
948476106	1
9490702	1
94963767	1
94986595	40
949976822	14
950061168	3
950433702	1
950517078	11
95083293	5
951525006	1
952013935	1
952328491	1
95267960	1
95271733	1
953207688	1
95384897	10
954199801	7
9547132	1
955446296	1
955712538	1
955873976	1
95603320	80
956791309	1
957616728	1
957618596	1
957620641	1
957621318	1
95933407	1
95941949	1
960727753	215
96081320	1
961721755	2
962721013	10
9628042	1
963071383	5
964372705	1
964487905	1
968400870	61
969833426	1
970255980	1
972103940	1
97334517	12
973480736	1
97382065	2
97408886	6
974480149	1
974522946	1
974892085	1
976703520	3
976868947	1
977239376	2
977532660	1
980074483	1
98256464	7
98402582	1
98439400	4
98561773	14
986036827	12
986041237	1
98638270	1
98693676	1
98755724	1
987633210	1
987771205	1
987773264	3
987787243	1
988462645	1
98878805	2
988955288	1
98916038	1
989381192	1
989660850	2
989690640	4
989695484	1
989891544	1
991676641	1
992162923	1
992825916	1
994372710	1
995008926	1
995172852	2
995324587	122
995518536	4
996051864	1
996069888	2
99702635	1
9970442	34
999026628	1
