100024370	188
1000341984	1
100051020	1
100053816	1
1000798291	1
100082185	1
1001192245	25
10012092	1
1002076662	2
100247371	1
100247850	1
100258014	1
1003060356	4
1003081699	1
1003088551	1
100351634	1
100517547	1
100579162	1
100738504	1
100745216	1
1007915173	13
1008782282	1
1009176066	1
100925545	1
1010271492	1
101094923	1
101099230	1
1011339350	5
10124492	1
1013422328	1
101528426	1
101585401	1
101690346	1
10172802	1
1017290756	1
1017944468	1
1018083266	1
1018159062	1
101823726	1
101823764	2
1018373238	1
1019032993	1
101914671	1
101998029	1
10200532	1
1020054625	1
1020067598	1
1020081481	1
1020104557	2
102015740	1
1020171044	3
1020424015	1
1021169419	1
102253088	1
102325185	8
1023354336	7
1023436759	1
1024094102	1
1024482170	1
102475599	9
102481836	4
1025516780	1
102581710	1
1026314035	1
102691088	1
102749756	1
102772485	2
102810801	1
1029083857	5
103017877	1
1031173693	1
1031188562	1
103223958	1
103238137	1
103241466	1
103245828	2
103246788	2
1033046358	1
1033094167	1
103436778	1
1034386694	1
103482999	2
103658371	1
1037574012	1
103810916	1
10381282	14
1039081430	4
103976021	1
103984617	1
104034095	1
1040551766	7
1040640698	3
104073108	1
1041016105	1
104185085	1
1042814112	4
10433782	1
1043461548	1
1044424398	1
104464205	1
104570956	1
1046312670	1
1046430434	1
104678584	1
104703401	1
104712041	1
1047431718	1
104847926	4
1048926025	4
104952689	15
1050597344	2
1051227560	7
105196282	3
105203602	1
1053484388	6
105360483	1
105367897	1
1054057267	1
1054307220	1
1054431	1
105508967	1
1055208625	1
105548711	1
105569658	1
105622994	1
1056313532	3
105633714	3
1056781848	1
1057356487	1
10583972	1
1059290383	1
1059530150	1
105977732	1
1059842340	1
1060027062	1
106056234	1
106179971	1
106181394	4
106203627	5
106204943	1
1062799087	1
1064015220	10
106449930	1
1064700308	3
106498703	12
106504911	5
106531857	1
1065320516	1
106533536	2
1065721946	1
1065933384	1
10664412	1
106652261	1
106660912	1
106678583	1
1066801676	1
1067143922	1
1068350887	1
1068770988	13
1069486704	1
106959218	1
10703	1
107146393	3
1072828093	1
107367156	1
1073881662	1
10752782	1
107537132	1
10755542	7
107674837	1
1076916151	2
1076946247	3
1077279511	1
1077398336	1
107747940	1
107778512	1
1077850658	2
107826295	1
107991131	1
108021761	7
1080306914	1
108069462	1
108090708	1
1083600288	22
108451303	1
108451640	2
108511039	3
1085339568	4
108571283	1
108660721	2
108667378	1
1087171	1
108746318	1
1089702870	1
1089942818	1
1090206325	1
109029249	1
1090637918	1
1090950385	1
1091151415	1
1092298711	1
1092326809	1
1092377130	1
1092564138	1
109350515	1
109509176	3
109509310	1
1095563516	1
109627648	1
109709725	3
1098083491	1
1098937358	1
109927499	3
109934878	1
109995803	2
110147594	11
110169083	1
1102610024	1
110277416	17
1102964101	1
110297709	1
110365785	3
110375177	1
110420616	1
11045122	1
110521905	1
110528050	1
110539278	6
110581612	1
1107484633	1
110755266	1
110781385	9
1108342915	1
1109067350	1
1109116542	5
110941699	2
111073922	2
111122062	5
111126175	1
1111324758	2
1111496370	1
11116312	1
1113007268	2
111354618	1
111372519	1
1113983916	1
11140312	1
111403130	1
1115053802	1
111585151	4
1117498620	1
1117717026	1
1117770745	1
1117856808	1
11179592	1
11190032	1
1120090117	1
1121028973	4
11213522	1
112207749	1
1122293898	5
1122557892	2
1122634170	3
112400176	1
11247222	119
112486110	2
112508739	1
1125628652	2
112705523	1
112781290	1
112814573	1
11289432	1
1129206217	9
1129857212	1
113022733	1
11308402	3
1131123974	2
113177215	1
1131932318	2
1132377396	5
1132497152	1
113280990	9
113369057	1
113390942	7
113410319	5
1134486056	1
11345912	4
1134665370	1
1135805053	1
1136106835	1
1136522773	1
113726458	2
1137292440	1
1137633156	4
113785888	1
113848677	4
113897359	2
1140120170	1
1141627460	38
114198864	1
1142120569	1
1143169700	1
11438462	1
114592800	1
114602310	6
114633761	1
1146967842	2
114706702	1
1147128066	1
114771140	1
114782468	1
114845234	3
1148800400	1
114929136	3
114954936	1
114974207	1
114986303	1
1150212572	1
115081726	1
1151160295	1
1151528815	1
1151641248	2
1152105936	3
11524672	1
1152639775	1
1154158434	1
1154366016	1
115556928	1
1155768524	1
1155879121	1
115592591	1
1156382491	1
1157287796	1
115777928	1
1160053518	1
1160294202	1
1160783402	1
1160897492	1
1161725924	4
1163351444	1
1163696714	2
11666142	1
1167547051	1
1167661	1
1168370773	1
1168393712	1
1169296778	1
116937142	1
1169512362	1
1169652972	1
117010080	2
117033575	1
1170925782	2
117191441	1
117228242	1
1172580780	1
117372644	1
11739602	1
117507764	1
1175221	1
117558915	2
11764992	5
1177050499	1
1177550208	10
1177560290	1
117760710	2
117785356	1
1177922786	1
117839245	1
117966729	1
11799082	1
11802492	1
1180622503	5
118076512	1
118084761	1
118163444	1
118230572	3
1183310281	15
1184336191	1
118448315	1
118578758	1
11859152	1
1187313746	4
118794845	1
118854485	1
119071459	1
119244838	2
119428709	1
119553648	1
1195799390	1
119627325	1
119682276	1
1196846744	3
119798012	1
119802433	1
1199045490	1
1199071592	1
11991832	2
1199439283	3
12006842	1
1200986130	1
120130287	2
120168820	4
1201826436	1
120190615	1
120210026	1
120242824	1
1203282085	1
120347489	1
1204959745	1
12057032	1
1205859626	1
1205877378	1
12072102	4
1209405308	1
1209595398	4
12096372	1
120965481	6
1209733670	1
12114462	10
121158213	17
1212204733	1
1212476065	1
1213686517	1
1214100151	1
1214566958	3
12145762	1
1214722309	2
1216650444	1
1216794007	1
121920035	1
12193402	1
1219875134	2
122134262	1
122263480	1
122272658	1
1222829917	1
1222972782	1
1223256282	1
12234352	1
122361108	1
122427926	2
1225025778	1
1225879399	1
1225937646	1
122605424	1
1226187522	1
122621656	1
122739382	2
1227608599	1
1228116126	1
122994768	1
123010857	1
1230585102	1
123077479	1
123125462	105
123136593	2
123137244	2
123147423	3
123174284	7
1232263512	1
123357956	1
1233888296	1
123420826	1
123639176	1
123752501	2
1237627676	1
1237830972	1
1237844274	1
123844484	1
1238447220	1
123846514	1
1239749197	1
1240409952	1
1242537524	1
124258437	2
1242620792	5
1242970514	1
1242972204	2
1244393550	7
1245133255	1
1245136651	1
1245167102	2
1245520459	3
1245579715	3
124585235	8
1246096020	79
1246123244	1
124642234	1
124779106	3
1248789104	1
125240090	1
1252677512	1
125305745	1
1253312389	1
1255088461	1
125658491	1
125697922	1
125724234	1
1257589022	1
12576412	1
12582472	1
125891671	1
1259674092	2
125987346	4
126067662	1
126091315	1
1263555697	1
126430870	1
12643712	1
126446600	2
1264566066	1
1264837447	2
126494089	9
1265726480	1
1265773064	2
1265917081	1
126640430	20
1267248576	1
12679762	3
1268798912	1
126915373	1
1269559484	2
1272751392	5
1274725776	1
1276174411	1
1277178181	112
12773	1
1277399984	1
127799485	1
1278864151	1
127903829	2
1279746739	2
1279864916	1
1280712284	103
1281072037	3
128183726	1
128435727	1
1284466351	2
1286058860	3
1286073350	2
1287414692	1
1287510536	3
1287719714	2
1287827034	1
128891933	1
1289848416	1
1290961542	1
12910082	19
12920492	1
129491236	1
129495515	1
1297336626	1
1298935814	1
129929858	1
129963929	1
1300794678	1
1301964631	1
130208255	1
1302133536	3
1302962346	1
1302962858	1
130429503	1
1304641663	1
1305451382	2
1306200696	1
1307011	1
1308035706	1
130854178	1
130860276	1
1309155631	1
1310354202	41
131043626	8
1310746040	31
131074970	1
131116719	4
1311348206	3
131205701	1
131251008	1
131355565	2
131432025	1
131473151	1
131517152	7
131517196	1
1315225639	2
1315790101	3
131601358	1
13160652	1
131609773	1
131626753	1
131749962	1
131751295	1
1317869274	1
1318039404	1
131839333	1
13185872	1
131870914	1
1319149958	1
1319615112	1
1319944056	6
132072053	1
1320738314	2
1320968377	4
132132323	1
132155424	1
1321565742	2
1322141	1
1322661030	1
132288724	1
132339220	2
13234672	1
132380872	1
132418208	1
1324438958	1
1327241353	1
1327937426	1
1328155381	1
132851687	1
1329243757	6
1329543583	1
132998918	1
133005951	1
133056605	5
1330741110	2
133251329	1
133316482	1
1333461242	1
133425913	1
1336231	2
13363682	1
133722294	1
133841222	1
133970935	15
13400562	2
1340137722	1
1340178907	1
1340442012	3
134073189	1
134233015	2
1343807118	1
1344541868	1
134531884	1
1345372998	2
13458062	1
1345862960	4
1345998098	1
13471032	6
1347291710	2
134924270	1
13498412	2
1349856667	1
1351193060	2
135150713	1
1351817156	1
135184289	1
135228456	1
1352908501	1
1354252658	40
135527544	1
1355347309	1
1355510426	33
1356357740	1
1356885824	1
1357324506	1
1357491530	1
135776686	1
1358277578	1
135901523	2
136002143	1
136039679	1
136254368	1
1362583376	2
1362645332	1
136352763	1
136393773	11
136422770	1
1365024919	1
1365273054	1
136651639	1
1366850106	1
136704716	1
1367765233	4
136842204	1
1369614386	1
1369664810	2
13698602	1
1369919335	2
137061901	55
137099039	1
137142773	1
1372231302	1
1372262048	1
1372592071	9
1373031560	1
1373402480	4
1373505554	4
137391891	1
1374059611	14
137652630	15
1376953676	1
137703483	1
1377472224	8
1377673002	1
137901322	6
1380851436	1
13835492	1
1383620035	2
138404716	32
138463597	1
1384730142	1
13849232	1
1385347147	1
1386531	2
138688851	1
1387445905	1
1387533103	1
138766162	2
138771517	1
138798291	2
1388015383	1
138938942	2
1389493454	4
13895312	1
1389895872	3
139010765	1
139172366	1
1392814284	1
139331458	2
1393603976	51
1393704936	1
139417042	1
1395076646	44
139707166	2
139738464	1
139745694	1
139774225	1
1398262381	7
13982672	1
139932797	1
1400029272	1
1400618798	1
1402824210	1
1402890878	1
14031032	1
140310898	1
1403468232	1
14054999	1
140555788	1
140570159	2
140587710	1
140641561	3
14066656	1
1406785038	3
140691796	1
14075365	1
1407559375	3
14078468	3
14080017	1
1408210586	2
1408233085	1
14083718	3
140872924	2
140882462	1
14091245	1
1409168863	1
14092764	1
14097951	21
14104848	14
141118868	1
14115381	2
141155078	1
1412062452	1
14123181	1
14126376	4
1412771047	1
1412917706	1
1413053256	1
141307560	1
1413443995	1
14137105	1
14137656	1
14138486	1
14153106	2
14154188	1
14154491	1
14157221	1
141605349	1
1416078199	6
1416273570	1
14166469	1
1416737485	1
14170114	1
14173032	1
1418425418	1
14188906	1
1419310464	1
141935925	1
14194989	1
14196467	2
14196996	1
14199104	1
142026720	17
14204663	1
1420551	1
14207588	1
14216123	6
14217987	1
14223434	1
142296413	6
142304393	20
142333812	2
14235044	1
14236581	1
142371132	1
1423715634	30
14240170	1
14245981	1
14254499	1
14268878	2
142736908	1
142814024	1
142816837	1
142863244	1
14292717	1
1429587566	1
14296327	1
142964873	1
142975916	1
14300178	1
14303901	22
14304083	1
1430670998	5
1430782460	1
14313226	1
14318277	2
143184713	1
14318637	1
14328405	1
1433132808	2
1433246138	1
14333210	1
14336645	1
143427747	1
14351921	1
1435400204	1
143577017	1
143601713	2
143631692	3
1436715474	1
14370402	1
143773571	2
1439067241	3
14391599	1
143932795	1
14396972	1
1439741	1
14400739	1
14402027	2
144048788	1
14409512	1
14410741	1
1441617234	1
1442309252	2
14430990	5
14434070	1
14439685	1
14446488	3
14455553	1
1446933504	1
144696023	1
1447240867	4
14474538	1
1448127140	27
1448319049	1
1448368597	3
1449251635	119
1450167168	8
1450820108	1
14509420	1
14511820	1
1451247378	2
1451597324	3
14517411	1
14522779	1
14523403	1
1452702914	2
145317306	2
1453265238	2
145343433	1
1453990572	1
145496161	3
145598179	1
14559880	1
14563111	1
14571012	5
1457207868	1
1457218807	1
1457316542	1
145753556	1
1457660365	1
1457768750	1
14584757	1
1458611258	1
145875502	1
14590286	1
14604255	1
146128105	5
1461292698	1
14617294	1
146221326	1
14622654	1
14626496	2
146280496	2
146327601	1
146358342	1
146365198	1
146451331	1
14655739	1
14659451	1
14663698	3
1466505344	1
1467412392	4
146802831	1
1468472994	1
146876747	1
1468801	1
14690813	1
1469136235	1
146930159	1
14693542	1
147007134	1
147009484	2
14711769	1
14712676	1
1471608194	1
147200198	1
14725500	1
1472588323	1
1472595270	3
14735033	1
147398836	4
1474235113	1
1474408801	1
14744629	2
14747961	1
147508185	1
14759446	1
147596921	3
1475988331	3
1476010452	12
147666931	1
147712087	1
1478074399	1
1478344104	1
1478797674	1
1479376381	1
1479923624	1
148076470	1
148092150	1
14810793	2
148130330	1
14814120	9
14818050	1
148235071	1
1482646441	1
148268103	1
14827129	1
1483142760	1
148336190	1
148373	1
14853995	1
14872192	1
1488051955	2
148833628	1
14886375	11
1488838998	5
1489471572	2
14902429	3
1490281262	1
149050024	1
14905769	2
1490781439	4
1490980105	11
1491267198	1
1491465217	1
1491843300	1
14923738	5
149300800	11
14933262	9
14935367	3
1494789073	3
1495000752	1
149544139	1
149560373	5
14956471	2
14957095	1
1496306796	1
14963650	1
149832217	1
14992263	3
1499258754	1
14992703	1
1499852552	6
1500032287	1
15007519	2
150094848	57
150096137	1
150296423	1
1503276012	2
15034882	1
1503698011	6
150402822	1
15047564	1
15069354	1
15072413	1
15077013	2
15077608	1
15079601	1
1508595090	1
15087288	1
15093581	2
151004883	1
15100767	3
1510153513	3
1510570345	12
1510641314	1
151090823	1
151100527	2
1511018348	1
1511220121	1
1511297101	1
151149673	1
1511648245	1
151172618	1
151191872	1
15119529	1
15137433	1
15141130	1
151478832	1
15149566	1
15158441	1
15171385	1
15182872	1
1519766442	1
1520455076	1
1520717354	1
152076536	1
1522437042	1
15227849	3
15229370	1
152378571	1
15240587	1
15248550	1
152602170	1
15268284	1
15272121	1
15281391	30
152853206	1
15288529	1
1529145277	1
15292505	1
15296897	10
15312640	1
153221079	4
153323908	1
1533819234	1
153409186	1
15342903	1
1534330177	1
1534984520	1
1535451900	1
153561471	1
15356711	1
1536902682	1
15370019	1
1537573363	1
1537772438	1
153808462	1
153876973	3
154100114	1
1541359386	1
15415642	1
15415719	1
15419030	5
1542977101	1
15436563	1
154370973	2
15440121	1
1544227476	3
1544270486	16
1544295582	3
1544392183	1
1544541589	1
1544741402	3
1545125172	1
154535828	8
1546139108	3
1546201075	1
15463435	1
15470187	1
154726606	5
15475999	1
154762739	1
15481363	1
15483126	2
15485461	6
1549175816	1
15494936	1
1549642243	3
15499833	1
1550014584	1
1551242581	1
1551577134	1
15526523	1
1553456059	1
1553871637	7
1554027631	1
15548944	1
155517099	1
1556279456	1
155665034	1
15568127	2
1557751686	4
1557986515	1
1558163774	3
1558489578	1
15599095	7
15599949	1
1560019416	1
1560174734	9
1560440960	5
156061336	1
15606631	1
15613432	1
1561567694	1
15623806	1
15626067	1
156264985	1
15631264	1
1563243026	1
15633323	1
15633854	1
1563416582	1
156346780	1
1565751108	9
15660901	1
156620698	1
1566585578	1
156666281	3
15674202	1
1567730256	1
15677734	1
1567827828	1
156807394	2
156889125	1
15699248	1
15705567	1
1571165700	3
15711884	10
15730804	1
15731895	3
1573399940	1
157350383	2
15736517	1
157381525	1
15754281	1
15758618	1
15764136	1
15779125	1
15780597	1
15783627	1
15784327	1
1579309592	1
1579371308	40
15797425	1
15804837	1
1580631	1
15808764	1
15812482	1
15813904	2
15814918	1
1581782214	5
15823646	4
15823893	16
15827727	1
1583483839	1
15844512	2
1584552421	1
1586109433	1
15865896	1
1587217963	1
1587669835	1
158935145	2
15895656	1
15896829	1
15897179	2
15899320	1
15899990	1
15903074	1
1590526945	1
15909478	1
1590982405	1
15910452	1
159131559	1
159136516	2
15915843	1
1591766718	1
15930061	1
1593131269	1
15933674	2
1594697232	1
159513939	1
15953207	1
159573981	1
15966771	1
1596754406	2
15971805	17
1598416536	1
1599374790	1
160046780	1
160102655	1
1601272496	1
1601639071	2
1601683238	2
16018805	1
16018967	1
16020246	2
160225737	1
16023435	1
1602512792	1
1602700993	1
160279987	1
160298969	3
16030327	2
1603312736	1
16033537	8
160345288	1
16035845	1
16036427	1
1604205546	1
16049299	1
16052373	1
160566999	1
160625399	25
16062565	2
1606432256	6
1606567363	2
1606650590	1
160720531	1
16078238	1
16082873	1
16086765	1
16090559	1
16099291	1
1609935102	1
1610060744	4
1610111	1
16103584	1
1610834360	1
1610934914	2
1611473052	1
1611593304	11
16116457	1
1611865536	1
16120149	1
1612027483	2
161254089	1
161340273	7
16139175	2
1613944026	1
161400901	2
16148514	1
16153467	1
1616621804	1
161691111	1
16170802	1
1617382412	1
161785790	1
1618075195	1
16180853	2
161829557	1
16184358	3
1618536258	1
16194705	6
1619538470	2
16197174	1
1620212082	1
16203323	1
162067183	1
1620686150	1
1620724819	4
16211566	1
1621271	5
1621323433	5
16227673	1
1623315883	6
1623560112	1
162419093	3
1624212661	1
16244218	3
16246929	2
16251604	1
16252960	1
1625296296	2
1627342080	1
1627629920	1
162925002	2
16295834	1
16305670	1
1631014866	1
16310371	1
16314180	3
1632826160	2
163286443	1
1633428576	2
1633729740	9
1634354948	18
1634650430	1
1635259598	1
163537857	4
1635789708	1
16359602	1
1636041409	2
1636479296	2
163648850	4
1637705388	1
1638070634	1
16382432	2
1638493381	9
1639278476	1
163950198	1
16397306	1
16399198	1
16400248	3
16400258	1
1640488326	1
1640681918	1
164106566	2
1641142615	4
1641148532	1
16418528	1
16419380	1
1642281883	1
16429510	2
16429977	1
1643123766	4
164316219	1
16436911	1
16437499	1
1644003026	1
16440354	3
1644155484	1
164421312	5
164425558	1
164516146	1
16456226	1
1646044446	2
164711361	1
16477308	1
16477920	1
1647883590	26
1648349564	43
1649141185	6
165019782	1
16502191	1
16503449	2
1650760016	1
1651102832	1
16515274	3
1651537652	1
1651814486	1
165271822	1
16529427	1
1654035020	2
1654232802	1
1654665031	1
1655500224	1
1655962526	1
165606471	1
16560857	1
16562217	1
1656333170	1
16563928	1
165642094	1
16566042	1
1656901128	1
1657124004	1
1657156992	1
1657808011	1
1658312030	1
1658660360	1
1659329210	1
16595597	2
16598957	2
1660104246	1
166131787	1
166190606	1
166223127	1
1662485388	1
1662549834	1
166370026	1
16640997	1
16643099	2
1665125166	3
1665476762	1
1665531258	1
1665533324	1
166569708	2
166597717	18
1666651962	1
16670072	1
16672365	1
166784726	1
1668315384	1
1668830792	1
1669753620	2
1669934971	2
16701881	7
167041862	1
16711035	3
1671133790	1
1671386252	2
16717239	1
1672120591	17
167225737	1
16732770	4
1673325630	1
1673759461	4
1673766146	5
16738962	1
1674157290	1
1674206448	1
1674954721	1
1675093633	1
167543626	1
16755855	2
1677808164	1
16781924	1
16789555	2
16791749	1
1679201	1
167957154	1
168002716	2
1680182820	1
1680622674	6
16806253	1
16808381	1
1680878562	1
1681353590	1
1681757131	1
16827489	15
16847211	1
168474808	1
1686109400	1
168640257	1
168668045	1
1686785360	2
1686872700	1
1687215439	1
1687238450	3
168744961	5
1688577464	2
168860481	2
16888420	11
16888592	2
169001534	1
16900850	2
169011773	1
16903123	1
1690357584	1
16906964	1
16906983	2
1690935882	1
1690994840	1
16910198	1
16910944	1
16913770	1
1691499066	2
169186352	1
1691951420	12
169212615	1
1692174140	4
169219092	1
169406388	1
16941166	1
1694170675	5
1694393618	2
1694722513	1
1694863603	1
16952663	1
16954951	1
169642818	1
1698561	1
16991109	1
16995129	36
16998527	1
169999235	1
17001831	4
17004267	1
170141017	1
17017393	1
17018770	1
17033727	1
17034942	1
17049899	1
1705758318	1
17061648	3
17067017	1
17071427	1
17075551	1
170774254	2
1708201112	1
1708603771	2
170886795	1
170899426	1
170918588	1
1710120552	2
171057177	1
17108251	2
1710851520	2
17113940	1
1711424268	2
171164646	4
1711713978	1
17118062	1
1712028667	1
171238743	1
17124991	3
1712652907	3
17127246	1
17132298	1
171323219	1
171360721	1
1713799056	1
1713849307	1
171402632	1
171435304	2
17145512	1
1715105173	1
17163064	2
1716968124	1
171738578	1
171741601	1
171792377	1
171919007	4
171952934	1
17198424	1
172074970	1
172105978	2
17212941	1
17221422	2
1722978956	1
172427878	1
17262905	3
1727523600	1
172810457	1
172836249	2
1728886784	1
1728986324	103
17294614	1
1730011111	1
173192180	1
1731964110	1
1732153459	1
17324802	1
1733577882	3
1733848711	1
1734045566	1
1735015016	1
173517318	1
1735482102	5
17371153	1
17374916	1
17377396	1
174090771	1
17433343	5
17456362	1
174648859	1
17469874	1
174710820	1
174965200	33
17497628	1
17500537	1
17501107	1
17507350	1
17509749	1
17511527	3
17513586	1
175136265	2
17513829	2
17515802	1
175365522	1
17540673	1
17541022	1
17544456	1
175543125	1
17579259	1
175818806	1
17582682	3
176021032	1
17614702	16
176168308	73
176232990	1
176356238	2
176393434	1
17644108	1
17644534	2
176896839	1
1769191	1
17712324	1
177218599	1
177239631	13
17730966	1
17740469	1
177501311	1
17751376	1
17756294	1
17760085	1
17766309	1
17771923	2
17776083	1
17780244	1
17790265	10
177915812	1
17800536	2
178026053	1
178080399	1
17811812	1
17813980	1
17841130	10
178451110	2
178469077	1
1784841	1
17854610	1
178576567	1
1786566690	2
17871189	1
17871814	1
178865227	1
179093585	1
17913	6
17915170	2
179231594	1
17927731	1
179334019	1
179416879	1
179422617	2
179571631	1
17964748	1
17967474	1
17991579	6
179932277	1
17996546	1
17996917	1
179974209	1
180011410	1
18004416	2
180090916	2
180160540	1
180191475	1
180264599	1
180274551	6
180317088	2
18034541	1
180369692	1
18044548	1
180473434	8
18059424	1
180750151	1
180769635	1
18083070	1
180926793	6
18094952	1
181018024	1
1810191	1
181044175	1
181131292	12
18113859	1
181187043	16
18121293	1
181264319	3
18132479	1
18149465	1
18153540	1
18164214	1
18164662	2
181701094	1
18172180	1
181778735	1
181827652	1
18189134	2
182198749	4
18223590	1
182284285	2
18229276	1
182302809	1
182365417	2
182440063	8
18250490	1
18255702	5
18266569	1
18280898	1
182821543	1
182976148	1
18300176	1
183018648	1
18309856	1
1832181	3
183235084	1
183294525	1
1833020461	166
183325108	1
1833262453	1
183340103	1
18359194	1
183628010	1
18363768	1
183638977	1
183695038	1
18370721	1
18378349	8
1838451102	1
18393971	1
183972338	37
18408757	1
18413616	1
1842216931	2
184345490	5
184412200	1
184461929	2
184478757	1
18450947	1
18453099	1
18455693	4
184599763	1
184649744	4
1846671614	1
184881902	10
18496526	2
18496787	1
1850041968	186
18503214	1
18505118	1
18511378	1
185121685	1
1851838580	1
1852146182	1
1852403088	1
185310946	2
18544864	1
18548412	1
1854900966	153
18560146	4
18561874	1
185622716	1
185680769	1
18574762	9
1858669386	1
18586789	9
18587683	7
18590697	1
18601443	1
186019376	2
18604926	1
1860703771	1
186143353	1
186211512	1
1862290814	1
18636529	1
186453670	2
1865237108	1
186533014	1
186557997	1
186571954	1
18663561	1
186716200	1
1867474032	1
186886728	1
186917369	1
1869471378	2
18702575	1
18703437	1
187052290	1
1871555485	1
18717699	1
187180501	1
187196936	1
1872313952	1
1872948626	1
18736852	2
187432537	1
1874391457	1
18751793	1
1876908386	1
18771176	1
1877286343	1
1877544272	1
18777531	1
18786099	1
18796076	1
187990590	1
18801271	1
188021203	1
1880267845	2
18802801	1
188033360	2
188097788	13
1881168794	3
1881559508	1
1881745376	1
1882793930	3
1883688518	1
188396773	1
188398607	2
1884013189	1
1884213216	1
18850267	1
188507755	1
1886507720	1
188692670	1
188709399	1
1887364201	2
188869825	1
188985860	12
18899842	1
1890299826	4
18909605	1
1891949672	1
18920686	1
189244171	1
18929297	1
1893858302	2
189397006	2
18944490	1
18944615	110
1895137800	1
189544927	1
1896496584	1
18968515	1
18972333	1
189724931	1
189788477	1
1898319336	1
1898479602	1
18986537	2
18989537	2
1898991361	2
1900274090	9
1900582555	1
1901358799	1
1902841321	1
190365190	1
190388631	1
19040598	1
190408726	1
190419437	1
19043315	1
19043699	1
19046425	2
19047562	1
1904821021	2
190499285	1
1905317540	1
1905934652	1
1907308274	1
19075074	1
190777222	1
19079350	1
19079480	1
190859613	3
1908798037	1
191005840	1
1910475949	1
191116023	4
19119868	1
1912247684	1
1912269505	1
1912402987	1
19124285	1
1912611164	1
1912629666	1
1912988234	1
1913040703	1
191309828	1
1913143909	1
1913595997	1
1913643877	1
191365275	1
191434404	1
1914405073	1
19145255	1
191461872	1
1914957528	1
19156229	2
191607589	1
19174630	2
191756760	1
191775364	1
19181739	1
191896181	1
1919005944	1
19191086	2
1919170645	6
191953597	1
19203981	2
1920511602	1
192116412	1
192128433	1
1921730372	1
192201403	1
19220698	223
19226503	1
1922864653	1
19238694	1
1923879936	25
1923902360	11
1923926642	11
1923938851	1
1923947209	9
1924310023	19
1924312855	143
1924316509	1
192465692	1
1924806133	1
192483951	1
19251886	1
192533447	2
192579948	2
192583349	3
192728979	1
192743745	1
19276572	1
192824559	1
1928698472	1
192933708	1
193037082	1
1930762644	6
19309903	1
1931215832	1
19318159	1
19326898	1
193323937	8
193339198	1
19346368	1
19358428	3
1936223040	1
1936251463	2
1936277840	1
193772643	1
19381827	1
19384759	1
1940006713	1
19400611	1
194119290	2
194137231	56
194253876	1
1943699911	1
19439257	1
1944448274	1
1944585612	1
1944646057	1
1945343754	1
1945935708	2
19464543	5
194646557	1
1946807360	6
19478383	17
19478716	1
19485664	11
1949330502	1
1949701902	12
195024959	1
195027229	1
1951185984	1
1952101370	1
1952148775	1
195240552	1
1952436260	1
1952518681	1
195368080	24
19546277	5
1954730264	5
19551063	1
1955226128	1
19552414	4
19560393	10
1958752610	11
1958816220	2
1959033548	1
195976126	2
1959888277	1
1961041356	19
1961528622	1
196157593	2
19619569	1
196214194	1
1962290364	1
19626316	1
19627971	1
19631347	1
19631908	1
196335298	1
19634351	1
1963758626	1
19651092	1
1965700238	7
196618735	1
1966196844	1
19664650	2
19664951	1
196735001	1
19674395	1
196841165	1
196900797	5
1969230126	1
1969267836	2
1969269098	1
1969280556	1
1969283898	1
1969285428	1
1969307184	1
1969315849	1
1969325510	1
1969332830	1
1969339591	1
1969346244	1
1969351880	1
1969373438	1
1969387585	1
1969391821	1
1969413733	1
1969443458	1
1969443481	1
1969445449	1
1969449714	1
1969454352	1
1969456964	2
1969461786	1
1969464060	1
1969472353	1
1969476379	1
1969481634	1
1969491205	1
1969495933	1
1969502581	1
1969507615	1
1969508996	1
1969513729	1
1969528850	1
1969529136	1
1969533236	1
1969541850	2
1969546070	1
1969546920	1
1969557474	1
1969580047	1
1969580150	2
1969588856	1
1969608205	1
1969621112	1
1969645494	1
1969651747	1
1969654646	1
1969657116	2
1969667492	1
1969669676	1
1969672561	1
1969678730	1
1969694394	1
1969698176	1
1969709862	1
1969718929	1
1969740852	2
1969743188	1
1969746367	2
1969751588	1
19697635	1
1969764865	1
1969772161	1
1969775744	1
1969787845	1
1969791360	1
1969803086	1
1969809337	2
1969811178	1
1969824890	1
1969871132	2
1969874707	1
1969876010	1
1969882016	1
1969897994	1
1969900956	1
1969904552	1
1969905721	1
1969944324	2
1969945308	1
1969947438	2
1969949101	1
1969951350	1
1969953883	1
1969955222	1
1969966663	1
1969983882	1
1969990832	1
1969992212	1
1969996464	1
1970004866	1
1970014441	1
1970036521	1
1970050861	1
1970057612	1
1970061906	1
1970071321	1
1970105269	1
1970125285	1
1970159480	1
1970159880	1
1970174010	2
1970181036	1
1970182338	1
1970183604	1
1970187180	1
1970199818	1
1970208846	1
1970228274	1
1970228834	1
1970233190	1
1970233862	1
1970236520	1
1970249623	1
1970258318	1
1970258947	1
1970263963	1
197125250	1
1972069357	1
1972356482	2
1972626308	1
197294490	3
197354827	1
1973611015	2
19738127	1
19739279	28
197485346	3
1975169588	2
1975401456	1
1976890536	7
197729131	1
19787235	1
1978986000	1
19790872	1
1979190776	5
19793189	1
197934198	2
198107311	1
198132636	1
198141074	1
198423421	11
19859925	1
19865053	1
19878175	1
19882911	1
19887362	2
19888497	1
19897450	1
19898168	1
19899344	2
19904041	1
199493444	1
199620260	1
19962813	3
19985494	1
199930831	1
199964842	5
19999532	2
20006310	1
200220254	1
200437129	1
20044328	1
200590140	1
200641413	1
200781183	1
20088161	4
20094133	1
20094745	8
20097362	1
200998116	4
20106796	1
20114089	1
201221109	2
201272132	1
201296379	63
201320899	1
201471331	1
20149508	1
20159497	3
201650805	1
201768863	2
201891203	7
20218638	2
20230811	2
202411176	2
202433102	2
202450737	1
202490744	1
202773444	1
20281353	1
20331665	360
20335802	1
20353339	1
20361168	1
203652149	3
203831076	1
203865381	1
20387053	1
203909362	1
203981235	1
204010235	2
20402945	2
204319668	2
20446234	1
20449296	2
20458407	412
20461206	2
204616970	1
20461878	2
204774062	1
204803220	2
20482533	1
20503926	1
20520010	2
20530398	60
205305398	1
205390160	1
205516699	1
20560532	1
20562637	3
20600091	1
206008144	1
20604418	1
20611469	1
20627434	1
20635779	2
20642473	1
20662938	1
206698529	1
206703487	1
206961463	1
207141071	1
20715279	1
20715638	2
207167245	1
207271383	5
20742461	2
20749124	1
20752208	7
207576960	1
207623721	1
20779973	1
20792048	1
20799724	2
20811982	1
208220007	1
20857912	3
20859926	1
20867110	1
20868465	18
208708786	1
208725869	1
208871827	1
208948876	1
20907029	1
2090831	1
209208144	1
209229777	1
2092801	3
20944292	5
209479051	1
209519028	1
20965826	1
20976277	1
209907837	2
209926087	1
210021195	1
21029359	1
21045893	1
210506986	26
21066583	1
21077779	1
21084137	3
210855604	5
210975338	1
21106898	1
211195171	1
21124751	1
21125765	2
21131246	1
21135401	1
211354013	1
21137952	1
211493343	1
21150871	3
21152643	1
211744108	1
21179676	1
211797887	2
211960894	1
212054684	1
21215585	1
21217761	1
21226307	1
21233042	1
212371291	1
212531237	1
212671409	1
212848672	1
21311577	1
213118052	7
21328656	17
21329777	1
21334600	1
213393774	1
21354868	1
213636132	1
21374267	2
213910041	1
214093107	1
214103248	1
21414636	1
21418386	1
214321318	4
214577856	1
21463400	1
2147877331	14
214878307	1
2148982686	1
2149343617	1
2149877280	1
2150446242	1
2150665662	1
215068830	2
2150693388	1
2150919040	1
2150927341	7
21518886	1
2152209938	1
2152799365	1
2153467878	4
2153678791	1
2153916871	2
2154322059	1
2154938453	2
21551562	1
2155201019	6
2155532220	1
2155880626	1
21570308	1
2157143384	1
21573737	1
21574487	1
2157554161	2
21579486	2
21592430	1
2159322464	7
2159390574	2
2159444616	2
2159749700	1
21599965	2
2161206156	15
2161743374	1
2162624615	2
2162938044	1
2163490567	1
21640980	1
216421322	6
216490217	1
21650295	1
2166358015	1
21667681	1
21669729	1
21679494	1
216798259	14
216843073	5
216843116	2
2168450535	1
216854001	1
216865166	1
216896061	1
2168984033	1
2169333253	1
2170026820	1
217011425	8
2170298104	1
21702988	1
21708857	1
217090691	1
2170945219	1
2171294112	2
217159658	1
2172419806	1
21725169	2
2172532735	1
21726856	1
2172946147	1
2173313856	1
2173321962	1
2173444106	1
2173999435	4
21742949	1
2174552635	1
2174745661	1
2175055010	3
2175082100	3
2175454176	1
2176039356	1
217612422	2
2176420138	1
2177000909	1
21771952	1
2177764470	19
2178611209	1
2178734696	2
218013625	2
2180556210	1
2180745480	1
2181103753	1
2181199579	1
2181281054	20
2181314366	2
2181326676	12
2181334776	33
2181346825	21
2181357950	5
2181373892	33
2181390564	3
2181403417	2
2181768579	1
2182547630	1
2182565983	1
218274158	1
2182793322	1
2183071524	1
21832807	1
2183368387	1
218359601	1
218430551	2
2184871242	1
21850998	1
218564661	1
2185769276	2
218619548	1
21862796	2
2186300442	2
2186649973	1
2186813068	2
21875100	1
218770703	1
218811500	1
2188256222	1
2189531122	1
2189606131	1
2190143597	1
219023150	1
2190817310	1
21913387	1
219135797	2
21917683	14
219232987	2
21924974	1
2192832680	1
2193549558	1
21941658	1
219425557	2
2194980810	1
2194995535	1
2195055925	1
2195241	1
2195430931	1
2195446502	1
2196092280	3
2196900553	16
21969829	1
21970442	1
2197054086	114
2197078218	2
2197099980	1
2197132710	3
2198598061	1
2199069704	1
219915210	1
219917124	2
219921472	2
2199676916	129
2199980814	2
2200069217	1
220017956	1
2200605978	1
2201850816	2
220196858	1
2202375985	1
22026934	1
220296908	1
220368940	1
2204135624	35
2204275074	1
2204990539	4
22052792	1
22058599	1
2207418287	1
2207629609	1
2207733494	1
22078711	104
220822172	1
220853429	1
2208541680	1
2208876907	1
2209523323	1
2209523333	5
2209630763	1
2209719259	9
220986675	1
221057424	1
221057705	1
2210676176	1
2210915965	1
2211386161	3
221265116	1
221265552	1
2212802934	1
221328808	1
2214510864	2
2214818162	7
22150874	1
2215937899	1
2216333869	5
2216792106	2
2217235134	7
22182494	1
221861667	1
221921890	1
2219662940	1
222002799	1
2220248983	1
22211844	1
22211967	1
222164515	1
2221802479	1
222187111	34
2221899428	1
2224305619	1
222454002	1
222507714	3
2225300413	4
22265745	1
22270809	1
22271150	3
222739462	1
222803929	1
22281299	1
2228171385	1
2228396934	1
2228404944	1
2228406901	2
222866446	1
2228761844	1
2228915527	2
2229120336	1
222915347	1
22298549	1
22302444	1
2231167736	3
2231502417	7
223170008	1
2231913055	2
2232691961	1
2233072141	1
223329689	1
22333382	1
2233924628	8
2234758370	1
2235441500	1
2236314241	3
22365356	1
2236817017	2
2237180571	4
2237260482	1
223811419	1
22382549	1
22387220	1
2238814035	2
22390494	1
2239243543	1
2239656338	1
2239701	1
22405410	2
2241549344	1
2242040507	1
2242632440	1
22426933	1
224273373	1
2242782582	1
2243075472	6
224362870	1
2243720721	1
2244024828	1
2244328232	2
2244377373	1
224613869	13
2246284412	1
224644986	1
22475801	1
22485908	1
2249186018	1
2249196356	2
2249884134	1
2250082242	1
225081759	1
2251045586	5
22510558	5
2251233938	1
225176717	1
22518809	1
225310456	1
2253377574	2
2253477378	10
225361824	1
225381056	2
2253820824	1
2253949285	1
2253973208	1
22539801	1
2254510740	2
2254983835	1
2255690023	1
22558195	1
2256590469	1
2256662406	1
2256809628	2
22568416	1
2257059349	2
225758803	2
22585953	1
2259177605	2
2259214387	1
22595859	1
226024854	4
2260795585	3
2260954471	93
2262284774	2
2263033549	1
226308913	1
226326984	1
2263437272	12
2263452746	5
22637016	1
22637107	1
2264475535	1
2264634042	43
2266476822	1
2266829149	1
226687478	1
2267119778	1
226828258	2
22690112	70
2269331456	1
22694372	1
2269536694	3
22696470	1
226979010	1
226990146	2
2270087731	1
22703252	1
2270421	1
2270644075	5
2270756894	1
2270950898	3
227150289	1
227209725	3
2272132785	1
2272207286	13
2273092122	2
2273264012	2
22736244	15
2273664823	10
2273862972	1
227391663	1
227423290	1
22745680	1
2274776730	1
2274875012	4
2275337142	1
2275658568	57
2276246983	1
227665863	1
2276742738	1
227682918	4
22768356	2
2276954768	10
227784723	1
22782543	1
22788247	1
2279385764	2
2279503506	1
227952382	1
2279669899	1
228024813	1
228048565	1
228071782	1
2280923840	2
2280955443	1
2281188906	2
22814481	1
228174387	1
22818583	2
2281876218	1
2281903298	1
2282347955	1
2282815632	1
2282911196	1
2282938550	1
2282985871	5
2283469135	3
22836078	1
22836731	5
2283725580	1
2283770768	1
2283792517	1
2283967116	1
2284177117	1
2284233674	1
228426881	3
22843816	1
2284410782	1
2284925329	1
2285388840	3
228596812	1
2285996066	4
2286097290	2
2286145784	1
228659418	1
22872090	1
2288213054	1
2288308578	1
228942211	1
228977783	3
2289928868	1
2290013978	1
2290053787	1
2290157628	1
2291369929	1
2291916680	1
2292278509	1
2292306594	1
2292381120	1
229246395	3
2292474146	1
229304670	1
2293268041	1
229334302	2
2293409366	1
2293869896	1
2293929182	1
22942221	1
2294322488	1
2294538244	1
2294767639	1
2294809898	1
22949704	7
2295050682	2
2295265483	1
229527586	1
2295316730	1
22960783	1
2296454820	1
2296455499	1
22973560	1
2298393194	5
229862784	1
2298683930	1
2299216254	1
22993439	1
23003750	1
2300497376	1
23006271	86
2301302630	2
2301682675	1
2301734311	8
2302111766	1
2302598977	5
23028301	1
2303053614	21
2303227225	1
2303262378	1
230328384	1
2303324330	1
230487852	1
2304907856	1
2305140048	1
2305339123	1
230560242	30
2305700455	1
23059499	46
230609065	2
230617586	1
2306323566	1
23064291	1
23065897	1
23066382	1
230714181	1
2307248647	1
2307408912	1
2307579512	1
2307590563	1
2307660800	1
23076722	1
23078191	1
2308288992	1
2308957656	1
23093161	2
2309324743	1
2309346271	1
2309622164	1
2309633139	2
23100499	1
2310145046	1
2310394014	1
2311103413	1
231113977	1
2311328749	1
2311564776	3
23119593	1
23121787	2
23127479	1
2312902755	1
23131068	3
2313164726	1
23132353	1
231334203	1
2313858296	1
231401935	2
231429368	1
2314804225	3
231488894	1
2315058284	1
2315701628	1
2316426331	1
2317188409	1
2317833127	1
2317861	1
231875653	1
2319092342	1
231932324	1
2319599660	5
2319600132	30
2320084326	1
2320177431	1
2320715079	1
2320863031	1
23211548	1
2321168600	3
232148063	1
2321952977	1
23221109	4
232245022	2
2322896282	1
2322968462	4
232368724	1
2323978611	1
2324186654	1
2324484288	1
2324872644	1
232489093	1
23249152	1
23250378	1
232541824	1
2325528554	1
2325963542	1
23267296	1
2327389392	1
23274830	1
2327500422	1
23281856	1
232825953	1
2328320736	2
232846046	1
2329595875	1
2330574487	1
2330576996	1
2331387967	1
233159167	1
23319704	1
2332161560	1
2332331	1
2332557906	2
2332710751	1
23328720	1
2333547493	2
2333848794	1
2334225048	3
2334410965	7
2334614718	14
2335119450	50
2335651058	1
233566291	1
233566392	6
23359324	3
2336262456	1
233719140	35
2338391330	1
2338660974	1
233886250	1
2339595667	1
2339874805	1
23400557	1
2340901944	1
234093628	1
2341038491	14
2341281566	164
2341445778	177
2341543052	1
2341555717	1
23420231	3
2342215530	168
23422289	1
2342591485	10
2342763212	159
234286959	1
2343153188	1
2343893658	1
2343953910	3
2344099808	1
2344420430	7
2344531388	27
2344619544	159
23446496	1
23446763	1
234495875	2
2345522113	1
2345688224	1
234576928	4
234611561	1
2346242785	3
2346435857	2
2346652446	2
2347049569	10
2348716116	13
234956680	6
2349604986	1
2349675902	1
2350728631	23
235103073	1
2351087548	1
2351112571	1
235123254	1
2352393786	1
2352475107	1
2353396392	1
235422006	3
2354548158	1
2355225980	5
2355258919	8
2356107126	1
235648313	29
2356524462	15
2356608396	1
2356794445	1
2357329962	2
2357341482	1
2357365764	2
235782154	1
2357835411	3
23579114	1
2358951835	4
2359012975	2
2359079630	1
2359276710	4
2359541785	1
2359835198	1
2359995607	1
2360160565	1
236023163	1
2360727146	1
2361631088	2
2362218026	1
2362277231	4
2362527343	2
23633168	1
2363899184	1
2363914387	1
2364176718	1
2364495792	35
2364620886	1
2364647238	1
2364833484	2
2364889134	2
2364996882	1
236518570	21
236520510	1
23656286	2
236621887	3
2366303634	4
23664028	1
2366528114	1
23665498	1
236657131	1
2366712906	6
236736461	1
23676481	5
236781415	1
2368238768	57
236837716	1
2368473499	1
2368561645	2
2368644422	1
2368646796	1
2368653884	1
2368708777	1
2369671345	1
2370520826	2
2370604700	1
2370790308	1
2371001545	9
237194480	1
2371952437	1
2372014244	2
2372142708	1
2373813025	472
2373819572	1
2373917736	1
2374431642	1
2375209134	15
2375531893	1
237591901	6
2376044678	1
2376276701	1
2376617646	7
23772501	32
2377610046	1
2377878774	1
2378009360	1
2378021762	1
237811212	1
2378437520	1
2378922607	1
237897164	1
23792255	2
2379261727	1
23795438	12
237994971	1
23799829	3
2380026102	1
2380959451	1
2381081863	1
23822194	1
2383107852	1
23831679	1
2383634756	11
2383861202	1
2383954135	1
2384054461	3
238411032	1
2384414844	2
2385390958	1
2385802502	1
2385812455	1
2385851994	2
2385944899	19
2385964938	1
238611868	1
2387580032	1
238794607	1
2387980848	2
2388244850	1
23892467	1
238984945	1
23898700	2
239080208	3
2391736411	6
2391838117	1
2392077660	1
2392142848	1
239252744	1
239272278	1
2393522197	3
239409713	1
23941264	1
239502840	1
239503825	1
2395258519	2
23954327	5
2395496006	1
2395720782	1
23960081	1
23960577	1
239676378	1
2396868726	5
2396930972	41
2396946128	3
2396956585	1
2397183462	1
2397975692	3
2398137084	3
2398532839	2
239859609	1
2398611962	1
23989691	1
2399059885	1
2399167872	1
239927143	1
2399276167	1
2399391152	1
239965012	1
239988206	1
2400182023	1
2400287502	9
240033834	1
2400446299	1
2400562693	9
2400623552	52
2400659725	2
2400660738	1
2400660865	1
2400660866	1
2400672030	1
2400680798	1
240078196	4
2400796212	2
2400850934	1
24009518	1
240132390	1
2401334202	1
2401412865	1
2401674578	1
2401855436	1
2401860379	1
24018964	1
2401925442	3
2402080519	1
2402118709	1
2402200124	1
2402297742	1
2402299068	1
24032908	4
2405169193	1
2405531310	1
2406373477	1
240665760	1
240668545	1
2407047744	1
2407202768	1
2407879965	1
2408257543	1
240884214	1
2409150423	4
2409190063	1
2409280952	1
2409407250	1
2409554736	1
2409868841	1
2409880393	1
2410115000	1
2410182475	1
2410377518	1
2410537920	1
2410926990	2
2411148931	1
2411179556	1
2411432808	1
2411747682	1
2412042577	1
2412634076	1
2412639362	1
2412730873	1
2412746016	1
2412796920	1
2412883938	1
241318160	2
2413187234	1
241369263	1
2414457033	1
2414837893	1
241523710	1
24159442	1
2417047460	1
2417362759	1
2417602993	1
2417873814	1
2419012152	1
2419072436	1
2419094443	1
2419162136	1
2419579272	1
2420044980	1
2420403630	1
2420713926	1
242079030	1
2421565783	1
24219559	2
242213929	1
2422473055	2
2422809222	1
2422847149	1
2423527464	1
242409977	1
2424176080	1
2424322188	1
2424584862	1
242469235	186
242492826	1
242514510	1
242515931	1
24255434	1
2425827174	1
24266406	21
2426967902	1
2427504481	1
2427545881	2
24279106	1
2428042219	1
2428746924	1
2428767074	1
2428916787	11
24290529	1
2429522737	1
242954869	11
2429587027	2
2429963622	1
2431070545	1
2431719672	1
2431961048	1
2432028553	2
2432151654	1
2432266531	1
2432351047	3
243318995	2
243331655	1
2433840223	1
2434397022	2
2434447568	1
243458545	1
2434980080	1
2435931235	5
2436007350	1
243618345	8
2436314593	1
243692482	2
2437400934	1
2437409082	6
2437487886	1
2437521018	1
2437791498	1
2438102336	1
2438171089	1
2438175036	1
243829110	1
2438985660	1
2438992889	3
2439000217	2
2439056143	8
2439082687	1
2439108662	1
2439118550	3
24392309	1
24393453	2
2439399211	1
2439616127	1
2439986005	7
2440753004	105
2440894303	78
24410456	8
2441060886	2
2441513833	1
2441530682	1
244175308	1
2442488953	2
2442633026	2
244276827	1
244281327	1
2442915690	1
2443141226	5
2443529899	1
2443641665	1
2444689722	1
2445064535	1
2445382134	1
2445717607	1
2445840611	1
2446101301	5
2446160718	1
2446369843	1
244643607	1
244677736	19
2447901655	54
2447928920	46
2447967798	63
2448859862	2
24496296	1
244978426	1
2450496823	1
2450873125	1
2450920002	1
2451252913	1
24515114	1
2451960937	1
2452006230	1
2452085245	1
2452122962	4
245229919	1
2453500478	1
2453519580	1
2453695702	1
245385426	1
245415373	1
245443142	1
245474076	1
245475764	4
24548153	1
2455455469	1
2455521374	1
24555633	1
2455582309	1
2455667970	1
245573727	1
2455775754	1
2456669281	1
2456790793	1
2456842640	1
2456850254	4
2456975454	1
2457683245	1
2457964562	1
2458526280	1
2458947588	1
2459430642	20
24594836	1
2459571376	1
24597371	2
2459975844	1
246004001	1
246022217	1
2460625332	1
24609836	12
2461060634	1
246134345	17
2461556142	56
2462004968	1
2462213766	1
2462455410	1
2462462756	1
246248928	19
246305484	1
2463072158	1
2463104724	1
2463228727	1
2463334585	2
2463599114	1
2463896228	1
2464284763	6
24644077	1
24647967	2
2464820323	1
24648540	15
2465173178	1
2465342224	1
2466340982	1
2466378638	1
2467183502	1
246755213	1
2467570944	1
24680689	1
2468326928	4
246840917	1
2468579760	5
2468861929	1
2469081656	1
2469554742	1
2469618031	1
2469753530	1
246994032	1
24707450	1
2471065578	1
2471368838	5
2471488147	1
2471568095	1
2471694301	1
247189273	1
247244120	2
2473022154	1
2473178701	1
2473612292	1
2473707013	1
2473777394	1
2473887530	1
2475368160	1
2475452082	1
2475510223	1
24760517	1
247609940	9
2476697511	1
2476699856	1
2477343000	1
24774891	1
2477717754	1
2478778274	1
247879993	1
247901684	3
247946309	5
2480013318	1
2480304128	1
248041676	1
2480426739	1
24806770	2
2481436988	1
248192138	1
24820841	36
2482461865	1
2482558771	1
2482710715	37
2482721760	1
248272685	1
2483111029	1
2483387676	1
248401870	2
2484223800	1
2484513824	2
248521583	1
2486201048	1
248669533	1
248749158	1
248757305	1
2487699798	1
2487791838	4
24878404	1
24887103	1
2489802084	1
2489844007	1
2490218822	1
2490493993	1
24915873	5
2491897104	11
24919054	1
249210112	1
24925062	2
2492554861	1
249260397	2
2492929303	1
2494359720	1
2494359786	1
249536939	1
2495542669	1
2497045194	3
2498923952	1
249983542	1
249987722	1
25011487	2
250167108	7
2501925036	1
25025409	2
250264073	1
250289285	1
2502970082	1
250329277	1
250362250	2
2503824883	1
250414132	1
2504376781	1
2504382138	1
2504700992	1
2504784162	1
250508018	1
2506244605	1
25067316	1
250678134	1
250697732	1
25070854	1
250758475	5
2507760356	1
2508206575	1
2508603037	1
250906472	1
2509693291	1
25102465	1
2510365729	1
2510773195	2
251092819	2
2511039841	1
251155741	1
2511569358	1
2511668075	4
2511710706	1
25119298	1
251227559	1
251247488	1
2512758919	10
251277277	33
2512910989	2
251313049	1
2513161543	1
251394107	1
2514658908	1
2515233745	1
25152529	1
25163231	1
25164584	1
2517495275	1
25178913	1
251798248	1
25183974	1
25185828	1
2518678284	1
25189497	1
25191678	1
25194649	1
2520529320	1
2520719083	16
2520888308	1
252130524	1
252259640	1
2522665776	2
2523014592	1
2523323238	1
2523375564	104
252370778	2
2524684585	9
2525106410	1
2525132424	2
2525155513	3
2525579803	4
2525728387	3
2525892205	5
252683452	1
2526921303	2
2527494464	6
2527511184	1
2527525842	1
252760592	1
2527694118	2
2528210756	1
2528316613	1
253079875	1
253138309	1
2531395935	1
253187310	1
2531910115	1
253241788	1
253255575	4
253301940	1
253332403	4
2533540607	1
253381224	1
253389132	1
25339960	1
2534059742	1
253489979	1
25349131	1
2534936455	5
2535035347	1
253648668	1
253668565	1
2537928414	1
2538113785	2
2538220560	1
2538345852	1
253880375	2
253893808	1
253940916	1
2540341910	1
2540357948	1
2540631683	2
2540665153	15
254136706	4
2541836847	1
254228322	14
254232727	11
2542409156	1
2542419188	1
25427351	2
2542965060	1
2543163594	1
2543505635	1
2544050054	1
2544607466	1
254463619	1
25449897	1
2545034461	1
254507476	2
2545125114	1
2545879628	1
2546184290	1
25464068	1
2546418334	27
2546466973	1
254757305	1
2547900470	1
2548034736	1
2548359631	1
2548497230	7
2548536121	1
2548726322	1
2548751058	1
2548901492	1
2548928244	1
2549045412	1
254908062	4
2549729340	1
2549838144	1
2551034112	1
2551157887	1
2551184467	1
2552215742	1
255249826	4
2552620560	2
2554107798	81
25550315	1
2555299742	1
255602661	1
255659267	1
2556616177	1
2557515984	2
255870366	1
2558751406	1
255996385	1
256049581	2
256053691	1
2561036511	2
2561384380	2
2561724956	9
256191160	1
256210707	1
2563006992	1
2564014766	6
2564497490	1
256473986	1
2565400531	1
2565763686	2
2566231	1
2567396185	1
256747484	1
2567518027	10
256849102	1
25690420	1
25691224	1
2569229846	85
256975314	1
2570233256	11
25704389	1
2570479190	12
25709609	1
257111338	2
257211283	1
257216240	1
257262998	1
257354839	1
25738286	2
2574112584	3
2574533905	1
2575097197	1
2575101426	19
2575278446	4
25762392	1
257642282	1
25770215	3
2577142261	1
2577380516	16
257783682	1
257805760	2
2578397680	1
2578508990	1
2578713297	1
257882984	1
2578882844	1
2579477766	48
2580713054	41
258079573	5
25811424	1
25812544	2
258245376	1
25827743	12
25828527	1
2582880452	1
2582977038	1
258301734	1
2584347619	2
2584594087	1
2584946731	2
2585824092	1
258612274	2
2586336806	1
2586766170	1
2586929299	1
258697896	3
2587167787	1
2588872442	1
25892484	16
2590153081	13
2590325786	6
2590679485	1
2592102157	1
2593913372	1
2594552383	1
25948016	2
259503793	1
259524830	1
2595519847	3
259554796	2
2595809328	2
25959084	2
2596288916	2
2596729729	3
259725229	3
2597920868	1
259856497	1
2599740468	1
2600389056	5
260040795	1
260230547	1
2602319564	1
2603480221	1
260367515	1
260380754	3
2604272648	1
26046662	3
260498019	1
2605103118	1
2605228134	1
260559365	9
260613249	1
260727627	1
26073686	1
2607393547	1
26081881	1
2609555142	4
261024504	4
2610865814	1
26118942	2
261241914	1
26124840	1
261291238	1
26129197	1
2613009216	1
2613066125	1
261354507	2
2614833720	2
2615738922	5
2617032362	1
261705971	1
261890913	1
261914704	2
262051212	1
262216575	1
262235124	1
26226083	1
26250595	14
262592705	1
262763182	1
2627732063	1
2628581501	1
262864727	1
26288502	1
263017181	1
26303252	1
263196028	1
263197731	1
26332523	1
263333330	1
2633998622	1
26343724	1
26344853	1
263451681	1
2634595313	1
26346843	1
26352497	1
2635736070	1
2635765061	2
263588145	1
26382961	1
263873737	1
26398257	2
26403923	1
2640871229	1
264306244	1
264339465	1
2643714854	58
2645926794	1
2646167641	3
2646363731	1
2646419491	19
2646506552	9
26468371	4
264776921	1
2648011604	1
264879133	1
2649921242	45
265066062	2
2651296183	1
2651596849	1
2651957568	1
26523456	1
2652571122	1
2653340342	1
2654379788	1
2654488459	1
26551895	1
265531144	1
2655415370	61
2655537037	1
26559854	1
2656800877	3
26574283	1
2658228342	1
26583295	1
26603208	1
266064878	1
2660937485	1
26615981	2
266227773	11
2662641964	1
2663858912	1
266388355	1
2664741942	1
266589610	1
2666696816	2
2667085321	1
266799789	2
26688218	1
2669342527	2
2669654874	1
2669831612	27
26705006	12
2670805544	1
267149304	1
2672633273	2
267310661	3
2674073474	1
267440917	1
2674468639	1
2675160769	1
2676307559	1
2676365359	1
2676667780	1
2677452439	1
26775476	2
2678090893	17
26783635	1
2679081186	4
267915933	1
2679252953	4
2679595944	3
268006481	14
26819104	7
26834741	1
2684011837	1
2684102142	2
2684257742	2
26849804	5
2685475296	3
2686717118	1
2686999627	2
2687024280	1
26879053	1
26880763	1
268844094	36
2688470512	3
2688752912	1
268918358	1
2689484828	1
268968043	1
2689791589	1
26899532	1
2690034624	1
269023982	1
2690268277	1
2690366960	1
2690573503	1
2690637547	1
2690844691	1
269112578	1
2692801200	5
2693030316	1
2694089544	1
2694362532	1
2694624362	5
2694667118	138
2695130088	1
2695590798	1
2695900904	7
2696291723	1
2696585702	2
2696858983	1
2696867125	1
269739792	2
2697672109	1
2698744388	1
2699184302	1
2699557074	2
26996604	1
2700388194	1
27003970	1
2700579980	3
2700887940	1
2701436990	1
2701730386	1
2701881606	1
2702066216	1
27020814	1
2704116511	1
270430076	1
2704548373	2
2704878828	1
2705052577	3
27052903	1
270583374	1
2706704724	1
2706805214	1
270765046	1
2709162661	1
27095215	4
270973524	1
2710007677	1
271002958	2
271044012	1
2710449174	4
2710595881	1
271066612	1
271138078	1
2711820565	1
2712102060	12
271211220	7
271407856	1
2714725650	1
2714951604	1
2714985810	3
2715296426	1
2715475950	2
2715646770	6
2716115986	1
271618423	2
27162339	2
2717369596	1
2718047459	1
2718412046	1
2720144785	3
272015828	1
2720194842	1
2720373876	4
272125054	4
272190572	1
2722167346	1
27223236	1
2722428187	1
2722445753	1
272357654	2
2723963928	1
2724566275	2
272487947	5
272651307	1
272713117	1
2727810595	1
2728351528	1
2728466411	1
27292932	1
2730068359	1
2730423494	3
2730855593	2
2731385984	1
2731461450	1
2732404158	1
2732425088	8
2732498090	2
273324357	1
2734541133	3
273465530	1
273488220	1
27351818	1
2735568390	1
273645645	1
2736692525	1
2736894074	3
2737000846	1
2737365409	1
273751768	1
273782006	1
2737866306	1
2737884906	1
2737924896	2
2737932518	2
2737935543	1
2738008709	1
273815250	2
27388879	1
2739664102	1
2739939143	1
2740260184	1
2740997575	1
2741216925	1
2741343766	1
2741618163	1
2742137299	1
2742601103	1
2742811787	1
2742976164	1
2743231262	1
2743641378	18
2745037340	1
2745319394	1
2746098123	1
2746783650	1
2746969724	1
274714964	1
2747470161	1
2747489104	1
2747494989	1
2747965469	1
2747971606	1
274799493	1
2748093345	1
2748148485	1
2748155812	1
274818467	1
2748195599	1
2748404902	1
2748514632	1
2749066330	1
2749335470	217
2750381484	31
275099779	1
2751069308	17
2751401285	1
2751434583	1
2751522741	1
2751570691	1
2751697954	1
2751859367	1
2751875266	1
275193933	1
2751985870	1
2752151386	1
275219058	1
275225477	1
2752429100	13
2752655409	1
27527479	1
2752838548	1
275287237	1
2752943262	1
2753021865	1
2753105891	2
2753157184	1
2753359816	1
2753366982	1
2753470001	23
2753743832	1
2753769126	82
2753931748	1
2754005165	1
2754013260	1
2754145595	1
2754286829	1
2754345013	3
2754384606	1
2754704239	1
275483015	2
2754903685	1
2754939262	1
2755560479	1
2755652879	1
2756236915	1
275667670	2
2757042696	3
2757062206	1
2757273835	1
2757585947	1
2757874028	1
2757875410	1
2757905333	1
2757921034	1
2757946642	1
2758506003	1
275853171	1
2758631901	1
2758896709	1
2759081421	1
27591389	2
2759268059	1
2759523124	1
2759528765	1
2759559855	1
2759571197	1
2760168414	1
2760789090	7
276092722	1
2760954021	1
2760998489	1
2761029387	1
2761159025	1
276116689	1
2761301599	1
2761566520	1
2761627090	1
2761692579	1
2761803166	1
2761869095	1
27618790	2
2762095863	1
2762581378	1
2762600143	1
2763049793	1
2763405666	1
2763619041	1
2763744887	1
2763765574	1
2764213012	1
276430405	1
2764654502	1
2764739508	9
276526458	1
276542059	1
2765612307	1
2766655544	1
2766750513	1
2766850749	1
2767022806	1
276744293	1
27675912	3
2767760025	1
2767864042	1
2768031393	1
2768328851	1
2768339684	1
2768340677	1
2769064265	1
27701617	2
277057449	1
2770793447	1
2770913916	1
2771271805	2
2771688201	1
277196261	1
2772010364	1
2772434783	1
277278681	1
2772806603	1
2773032194	2
2773333696	1
27734496	1
2773514064	2
2773572122	1
2773586200	1
2773782064	1
2774014354	1
2774103701	1
2774522409	1
2775242860	1
277593602	8
277615784	1
2777126336	1
27771267	2
2777517155	1
277761773	1
2778809762	1
2779181841	1
2780358771	1
2780422823	1
27807511	1
27809806	4
2781274019	1
2781274037	1
2781550178	1
2781688927	1
2782383031	1
2782423738	1
2782631841	1
2782809425	1
2782855584	1
27828974	1
2782953538	1
2783037267	1
2783160077	1
2783181857	1
2783264465	1
2783314897	2
2783502065	1
2783590941	1
2784114364	1
278481102	1
2784858647	1
2784898997	1
2784978971	1
2785092833	1
2785169000	14
2785328266	9
278550556	1
2785650784	1
2786020011	1
2786634639	1
2788089604	1
2788252959	1
2788398967	2
2788588083	2
2789558473	1
2789808318	1
279029242	1
2790408925	1
279090670	1
27914530	2
2791490197	1
2792041422	30
27922928	1
2792329651	1
2792529509	1
2792628491	1
2792683181	1
2792721622	1
2792802479	32
2793376878	2
2793918427	1
27943537	1
2794752808	1
2795260984	1
2795789015	9
279585313	2
2796004904	1
2796186319	1
27963580	1
2796938558	575
2797692208	1
2797977023	1
2798063957	1
27980718	1
2798116831	1
2798460002	1
2799004307	1
27990259	9
2799831586	1
2799908841	9
2800517383	1
2800636430	1
2800874294	1
2801152221	1
280121251	2
28012198	1
2801252052	1
2801334731	237
28017869	1
2801852427	1
2803120956	1
280344907	1
28038974	1
2804870168	13
2805252240	1
280558949	1
280571157	1
28058517	1
2806072825	1
2806294664	2
2806701612	1
280702508	1
2808536924	3
2808592141	2
28093810	1
2809549948	1
280958964	1
2810017692	217
28100576	1
28101344	1
2812233932	1
28125318	1
2813095044	1
281313723	2
2813273409	1
2813551386	1
2813708366	1
28140646	2
2814556046	1
2814888799	1
2815034223	1
281510849	1
281588463	1
2815979137	1
2816170303	2
2816368402	1
281709557	2
281722728	1
2817802327	1
281792077	1
2817966517	2
2818012008	19
2818198537	8
2818424798	6
2818760479	1
2818985232	2
2819222150	1
2819256792	3
2819345568	6
28193522	1
281936245	1
28194234	1
2820904840	1
2821040771	2
282110907	1
2821693875	1
282184281	1
28221389	1
2823147779	2
282328282	1
2823763911	12
28240696	1
282408091	1
2824195923	1
2825270328	144
2825592168	1
2825725176	1
2825810342	320
28263739	8
2826416593	6
2827442674	3
2828138603	1
2829110161	1
2829188338	1
2829228660	1
2829978621	1
283006942	1
283011482	1
283013686	1
283013723	1
283015611	1
2830248666	1
2830318542	1
2830612752	1
283080534	1
2830849059	1
28308601	2
28310621	1
283128344	1
28314890	1
28318224	1
2831880181	1
28319725	3
2832329091	1
2832389414	1
283241032	1
2832985188	2
28337762	1
2833860960	1
2834540639	2
2834846529	1
28348892	1
2835569081	1
2835609932	1
2836340116	1
283640200	1
2836786556	1
28372030	2
2837841	3
2837853418	1
28384075	1
2838698624	1
2838838706	1
2839499103	1
283969398	1
2839975129	1
2840105555	1
2840108709	1
2840319232	3
2841194833	1
284174585	3
284175705	1
28420503	1
2842461837	1
28425090	2
2842835597	1
2842852898	2
284335003	1
2844521283	1
2844914504	1
2845596542	1
2846650551	1
28466765	2
2847020799	8
2847161165	1
284807200	1
2848277432	2
2848738900	2
2849030764	2
2849131247	1
2849226865	2
284924970	1
2849303171	2
2849303743	1
2849670044	1
2849721073	1
2850153345	1
285051289	1
285187223	1
2852147156	202
28522513	1
2852922675	1
285323487	1
2853392013	1
2853642262	1
2854100758	1
2854353304	1
2854409105	1
2854464303	1
2854680832	1
2855225480	2
2855290737	1
2856317737	1
28571999	1
2857271917	4
285738285	1
2857606888	1
28580721	1
2858155822	5
2858296711	1
28583024	1
285837918	1
2858533652	2
2858949710	1
2859632761	1
28600400	5
2860263182	1
2860357159	1
2861332062	1
2861448539	1
2861661918	1
28618520	10
2862404920	2
2862758476	4
2862909478	5
2863019401	2
2863026998	16
286338499	1
28635899	1
286387322	1
2864122576	1
2864127489	3
2864193298	3
2864263065	1
286427074	30
2864524709	9
2864841	1
2865193072	1
2866567743	4
28681356	1
2868507450	1
2868581008	1
28685837	1
2868607519	1
2868611330	1
2868637465	1
2868662624	1
286872188	1
2869523024	1
2869897174	2
2870013348	1
287024804	1
2871177111	1
2871280679	1
2871330699	1
2872365302	1
2872500201	2
2873351923	1
2873651633	1
28740020	1
2874279502	3
287441095	3
2874615120	1
287475728	1
2875221034	1
2875640336	1
2875715945	1
2875909930	3
2875918409	5
28759529	1
28769199	19
2877372429	1
2877450791	1
2877539236	1
2878048029	1
287879956	1
2878812535	1
2879022646	2
287910843	1
2879313322	1
2879418187	1
287966215	2
2879696643	1
2880143019	12
2880175250	1
28806690	1
28807892	2
28808824	1
2880923742	1
2881053923	1
2881595931	164
288201615	1
2882124578	2
2882296660	2
288236378	38
2882487301	3
2882523994	1
288286101	1
28838306	2
2883878790	24
2883907999	2
288458829	1
2885627313	1
2885921638	1
28864402	1
2886530201	1
288662660	1
2887130764	2
288735964	1
2887846883	2
2887970644	1
288809146	1
288838354	1
288853384	1
2888583159	22
2888647905	1
2888729354	36
2888882327	6
2889314461	1
2889400523	2
28894912	1
288976406	1
2890121678	1
2890462752	2
2890886290	1
289104912	2
2891432198	2
28917096	3
28918980	113
2892124390	1
28924498	2
2892739733	1
2893115784	6
2893263672	1
2893407839	1
289358443	1
2894661046	1
2894682249	1
2894684459	1
2894753961	1
28948757	1
2894904195	1
2894951969	1
2895102496	1
2895127227	1
2895264155	1
2895270117	1
2895276587	1
2895312591	1
2895334426	1
2895378118	1
2895410333	1
2895468695	1
2895481527	1
289556231	6
28957146	1
2895774329	1
2895871967	1
2895887071	1
2895997468	1
2896027103	1
2896223349	2
2896551845	1
2896554999	1
2896686750	3
2896688650	1
2896715760	1
2896820183	1
2896878255	1
2896958137	3
2897001791	1
2897043226	1
2897388736	1
2897414919	1
2897498647	2
2898153623	1
2898683149	1
2899349947	1
2900363608	8
2901688068	1
29017307	1
2901994238	1
2902216326	9
290226517	1
2902424509	10
2902774861	1
2902900528	1
2903110151	1
2903393603	1
2903602481	1
2903843159	1
2903922715	2
2903925174	1
2904324205	1
2904610481	1
2904738758	1
2904875196	1
2905513117	1
2906137317	1
2906171831	1
2906192758	1
2906223347	1
2906295467	1
2906388592	1
2906524116	2
290779306	1
2908494810	35
2908767713	1
2909445154	2
2909918785	2
2911885811	1
2912216009	1
29124904	10
291268891	1
2912696701	1
2912801554	1
2912967347	57
291299535	1
2913023527	1
2913120641	1
2913293965	1
2913792015	5
2914020275	1
291492488	3
2915103594	5
2915391	1
291540181	1
29157032	4
2915888235	1
2916118567	1
2916173338	1
2916901280	1
2917783564	1
2917972925	3
29181480	4
2918182324	1
2918661810	1
2919412410	1
2919553592	1
291986334	1
2919947825	1
2920939150	1
29209753	3
2921811167	2
29222489	1
2922609218	4
29226134	1
292286168	5
29230762	1
2923104005	1
29231326	2
2923161125	2
2923500113	1
292405607	1
2924234608	5
29242491	3
2924850350	3
2925013574	1
2925204334	24
2925733264	1
2926058954	1
2926070175	1
2926170580	1
2926570420	2
2927856869	1
29285140	1
292877399	1
29289697	1
2928995946	10
29290940	1
2929317525	1
2930247594	2
2930702608	1
293083633	1
2930996543	2
293110894	1
293123468	1
2931656797	1
2931812209	1
2932226030	2
2932779530	1
2932880722	1
2932907118	1
2932907558	1
293327665	3
2933447393	3
2933662668	1
2934024528	4
2934024822	1
2934388879	1
2935288546	1
293587968	2
293607250	2
2936372021	1
2936525995	1
2937336541	1
29375809	1
2937820688	1
2938444750	1
2938827164	3
29393538	1
2939412915	1
2939564188	1
2939615706	1
29396367	2
29397717	1
2940515139	1
294058898	1
2941709920	7
2941745561	1
294176860	6
2942363856	1
29430392	1
2943221352	21
2943995133	1
2944118763	1
2944672779	1
2945111705	4
2945741329	11
2945842414	1
294588244	6
2945948723	8
2946088539	1
294628573	2
2946586270	1
294682872	1
2946940267	1
2947838270	1
294827421	1
2948939596	1
2948948134	2
294909683	2
2949540428	1
2949769866	1
2950085505	1
29501977	1
29504693	1
2950525649	2
2950610231	1
2950905753	1
2951353539	1
2952217727	11
2952523855	1
295297582	1
295299583	5
295321475	1
2953235656	1
295323955	2
2953644715	1
295378743	1
2954077742	1
29549346	1
2955102130	1
2955315800	1
2955850338	1
2955948857	1
2956151597	1
2956204705	11
2956577273	2
2956974718	1
2957004662	1
2957148178	1
2957427207	1
295748256	1
2957837847	13
2958998054	1
2959022360	1
2959516385	1
2959674567	1
2959912997	2
2959953213	1
296044169	1
2961437163	1
2962014020	1
2962403549	1
29625853	1
2962676963	4
2963068144	2
2963643124	1
2964139325	2
2964287876	7
2964338381	1
2964825093	2
2965615035	1
2965859399	1
2966126181	1
2966251421	5
2966336068	1
29664767	2
2966532928	1
296669973	1
296678150	1
2966871064	1
2967484848	1
2967952540	1
2968256134	1
2968345306	1
2968704831	1
2968774931	1
29688506	1
29690957	4
2969795547	1
297073869	1
2972029678	1
2972089007	2
2972381183	1
2972643077	1
2972708349	1
29733456	1
2973733708	1
29737876	3
2973969299	1
2974027611	3
2974359524	1
29748372	7
2974994107	1
2975636633	2
2975657029	2
2976588863	1
2976985763	1
2977074605	1
2977715787	1
297817296	1
2978197036	1
2978205416	1
297848618	5
2978677919	1
2978891301	1
2979018684	1
29795220	1
298060189	1
29807233	1
2981468729	1
2981650768	1
2982013384	4
2982753611	5
2983182948	1
2984614712	1
2985006969	3
2985147995	2
29854129	5
2985818862	1
2985986987	3
2985994207	1
2986127574	1
2986202697	2
2986554041	1
2986830747	1
2987221864	1
298750764	1
2987537122	6
29881129	1
2988160240	1
2988319425	1
2988389211	1
298855179	1
2988814102	1
2988838710	1
2989228959	1
29902890	2
2990581845	5
2990706009	3
2991114906	2
2991256428	9
299126098	1
2991665893	6
2991811304	3
29918851	2
2992395456	2
2992541996	1
2992644738	1
29927236	6
2992745492	1
2992873959	1
2993102848	1
2993364218	1
2993865607	1
2993933638	1
299413616	20
2994250347	1
2994703007	1
2995149023	1
2995207962	5
299533547	1
2996249651	1
299648983	1
2996533452	2
2997013028	8
299719194	1
2997341832	1
2997350589	4
2997560252	1
29975705	2
2997737550	1
2998159793	2
29982596	1
299891017	38
2998925995	1
2999089050	1
299922584	1
299927065	1
299943599	17
2999632161	1
2999658401	3
2999671493	1
2999672518	1
2999735888	2
2999752275	28
2999804950	6
3000333854	1
3001066492	1
3001224159	1
30012714	1
3001424818	5
3001519846	1
300168060	1
3001740176	1
3002177991	1
3002257200	7
30037115	2
3003715275	1
3004287344	1
30043148	3
300445238	1
3004634733	1
3005008357	1
300552097	1
3005559517	356
3005561524	1
3005585554	1
3006987760	2
3007606706	1
3007704313	8
3007717426	1
3008474196	1
3009051754	2
3009737592	1
3009834576	1
3009959927	1
3010556565	5
3010787888	1
3010830781	1
3010908387	1
3011436775	1
30117375	1
3011838473	1
3011948198	3
3012120908	1
3012259603	1
3012290335	1
3012312726	1
3012365887	1
3012421710	1
3012483408	1
30125820	1
3012785832	1
3013639482	1
3013702747	7
3013742022	1
30149549	2
30153408	1
3015990442	2
3016291360	3
301634641	4
3016441887	2
3016858651	4
3016942783	2
3016956552	1
30173997	1
3017626887	3
3017654325	205
3018224861	1
3018403763	5
3018432442	1
3018483817	1
3018560073	1
3018582674	3
3018613917	1
3018649941	1
3018821163	1
3018836009	13
301886330	2
3018902747	1
3019343434	1
3020526765	1
3020799321	1
3021427530	1
3022402687	1
3022605750	1
3022631144	1
3022654150	1
3022668393	3
3022827193	1
3022890488	1
3022899373	1
3023249609	1
3023256251	1
302391356	2
3024207885	9
302427757	2
3024441062	2
302545862	1
3025518377	1
3025558504	1
3026042213	1
3026074612	1
3026077581	1
3026867540	1
3026919566	1
3026933991	1
3026967052	1
3027295576	1
3027489642	1
3027622940	1
3027639102	1
3028247079	6
3028444873	1
3028535478	1
3028825912	1
30290778	2
3029090631	1
3029261397	1
303036121	1
3031103723	1
3031254774	1
30313177	1
3031647662	1
3031744285	2
3032126557	1
3032706416	1
3033433837	1
303427354	1
3035200615	1
3035279093	1
3035585601	1
3035611657	1
3035737845	1
303578203	1
3036180362	1
3036753479	1
3036882419	8
3037061194	6
3037406957	2
3037600610	1
3037641536	2
303772975	1
3038092172	1
3038328128	1
3038374536	1
3038428699	1
3038711892	1
3038738718	3
303922539	1
3039494043	10
3040077688	1
30403294	1
3040808631	5
3040812333	1
3040832363	5
3040848382	1
3040921276	1
3041206240	6
3041358687	2
3041486088	1
3041595508	1
3041863823	1
3041970010	1
3042009117	1
304202454	15
30422978	2
3042440150	18
3042635176	1
3042664257	1
3042813910	2
3043156651	1
3043511985	1
304356498	1
3044159284	491
3044198697	1
3044273303	1
30442966	1
3044490672	1
3044529788	6
30445481	1
3044608948	1
3044628026	1
3044778093	73
3044829646	1
3044834896	1
3044942500	1
3045033325	1
3045286097	1
304555553	1
3045567961	1
30459533	1
3045961471	2
3046019987	1
3046566802	1
3046572604	19
3046831313	1
3047198523	1
3047606012	1
3047860501	1
30481241	1
3048189131	14
3048219473	1
30484317	1
3049256162	1
3049639986	1
3050179983	1
3050832777	1
3051468815	1
30516537	2
305165567	1
3051829922	2
3052474975	1
3052509402	9
3052746715	1
3052830904	3
3052858535	1
3052942102	1
3053032687	2
3053049102	2
3053256622	1
305353124	1
3054004326	2
3054124897	3
3054135146	2
3054346369	17
3054535009	1
3054665809	2
3054789802	1
3054989192	1
3055154484	2
3055162358	9
305518813	135
3055244494	1
3055641318	6
3055756890	7
3056150047	4
3056295511	1
3056385843	1
3056656498	1
3057079111	2
3057210684	13
3057684163	2
3057711856	1
3057985035	1
3058013994	2
3058186108	1
3058968259	1
3059166913	1
3059460092	1
3059654592	1
3059703112	1
3060638324	2
3061561240	1
3061698116	1
3062071730	3
3062422988	1
3062926500	2
3062949434	2
3062992753	5
3063353547	1
3063418949	1
3063435742	1
306351850	1
3063612531	1
3063676109	1
3064034008	1
306417795	1
3064205498	1
306425814	1
3064388656	8
3064522883	1
3064602902	1
3064653303	4
3064724363	1
3064740049	1
3065504426	1
3065668404	1
3065856747	3
3065962522	1
3066071951	16
3066198028	4
3066380613	4
3066383458	6
3066445547	7
3066545500	5
3066792748	2
3067059263	1
3067072911	9
3067278520	1
3067358270	1
3067494227	6
3067648583	2
3067720541	1
3068347785	1
30684067	1
3068860881	2
3069051065	8
3069142294	3
3069250429	1
3069411875	4
3069536866	3
3070340824	2
3071058501	1
3071524862	1
3071658298	2
3071692525	2
307204410	2
3072152304	3
3072211288	1
3072531730	1
3073241957	6
3073279172	1
3073962759	1
307478985	1
3077077758	1
30773225	1
3077465792	3
3078352834	1
307843837	1
3078586216	2
3078638267	2
307871413	1
30788083	1
3079031285	8
3079064989	1
307942295	1
3079478038	1
307975071	1
3079817915	1
30805136	1
308058864	1
3080878647	2
3081410231	1
30818980	1
3082024021	2
3082790277	1
30828508	1
3082934086	1
3083269819	11
3083690092	1
30840354	1
3085730878	1
308574348	1
3085902207	1
3086138948	1
308675403	1
3087082035	2
308778581	1
3087869221	2
3088545041	1
3088803381	1
3089755275	2
3090108215	1
3090254259	1
3090367147	1
3090935675	1
30916493	1
3091880403	21
3091884801	26
3092520322	1
3093018580	1
309366300	1
3093709537	1
30940468	1
30951174	2
309549093	1
309652045	2
309656214	1
3096692083	1
30967395	2
3097246500	1
3097833651	1
3098240400	1
30983067	1
309835853	1
309964130	2
309976660	1
3099941031	1
31001654	2
3100250551	12
3100688674	1
3101648834	1
3101996487	6
3102828188	2
310312316	6
31050510	1
310511470	1
31057364	1
310584772	1
3105907831	1
310604241	1
310631621	1
31064488	1
3107797455	1
3108351	9
311040881	1
31109373	1
311119739	1
311234209	1
3112422220	2
311243254	1
311377783	1
31160623	1
31190682	1
312099824	1
3121305341	1
31214838	1
3121639449	1
312169321	1
312171443	9
312280698	14
312286721	1
31236444	2
31243317	1
312664499	1
312697462	1
312785410	1
312814247	1
312889696	1
312917490	1
313045934	3
31304811	1
31337460	1
313506882	1
313525664	5
313580985	1
31382611	1
314005753	1
314061974	4
314071212	1
31425124	2
314295655	1
31464331	1
314695175	1
31473466	1
314768563	2
314835924	1
315520146	2
315709366	1
315858046	4
315977587	1
316006002	1
316316085	3
316319018	3
316380308	5
316439235	1
31651673	1
31662943	1
316711072	1
3168141	5
31698968	1
317450972	1
317714245	4
31800110	1
318171818	1
318247452	2
318393064	1
318449995	1
318764599	2
319209422	2
319273161	1
320294007	1
320430140	1
320886225	1
32103418	1
321322492	6
321692995	1
322054650	1
322080303	1
32227044	2
322281109	2
322390406	1
32248259	1
322687937	2
322716781	1
322768304	1
32290293	1
32293243	1
322963627	20
323092381	7
32345912	5
323485909	1
32362720	1
323638636	1
323749191	1
323778340	1
323805832	1
32389968	2
324004246	2
32443478	1
324489515	1
32451071	1
32462168	2
32463098	1
32469741	1
324910156	1
32499514	1
324995389	1
325043962	1
32511724	4
325164128	1
32520091	1
32527206	2
325804108	1
32602390	1
326046765	1
326315947	2
32639483	1
326404886	1
32656210	1
32658701	1
326676623	1
32700250	2
327055244	1
327148143	1
32751755	1
327522764	1
32757099	1
327659422	1
327760303	1
32778531	1
328206816	1
32860471	13
328622509	1
328741551	3
32879813	1
32906830	1
329154064	2
3291691	1
32947008	1
32975846	1
329838136	4
33011389	2
330116742	1
330129840	5
330283150	15
330404529	13
33044955	1
330645768	2
330841300	1
33095536	1
33098114	1
331246388	2
3312671	1
33128101	1
331348168	1
331349610	1
331677065	3
33172071	1
331874505	1
33211061	1
33221540	1
332481803	1
332550904	36
33268930	1
33275038	1
33292567	1
33328619	3
33331321	1
333328919	1
33356371	1
33364286	1
333674559	1
33369174	2
33410752	1
334117024	1
334178552	1
334217279	1
334231131	1
33429521	1
33453611	1
33455077	1
334595086	1
334791258	1
33491396	1
335030704	1
335166378	1
33542705	1
335611925	1
336121948	2
336689859	1
336744922	1
336871220	6
33736819	1
337574085	1
33774502	1
33815837	1
338253628	1
338330795	3
338521549	1
338576568	1
338620668	1
33878281	1
339069406	1
33921305	1
339271595	1
33927725	1
33936903	1
339499106	1
339587015	1
339754154	18
33980532	1
33986063	1
340037225	8
340375348	1
340552372	3
340553575	1
34099718	1
34166266	1
341986001	1
342397577	1
342436963	2
342455473	1
342491243	1
34255540	11
342577543	6
342589799	1
342850076	1
343184174	1
343303549	1
343496501	1
34371033	3
343716150	1
343754772	1
34389648	1
34392584	1
34404430	1
344063997	1
34413897	3
34424004	4
344266095	1
344293472	1
344439484	1
34461542	1
344793159	1
345019341	1
345042517	1
345146685	1
34521445	1
34570724	1
34571532	1
345938923	1
346144728	28
34618161	1
346295300	1
34652958	1
346996007	1
34702087	1
34720124	1
34730093	1
34731979	1
347358838	1
34741114	1
347703274	1
347984560	1
348299646	1
348642818	5
348712027	2
34878666	1
348876207	1
348915143	1
348992343	1
34903803	1
349249475	4
34944596	1
34956482	1
349574943	1
349723344	1
34987153	1
35000369	1
35005041	6
350333681	1
35040078	1
35049935	1
350668216	1
35083366	1
350970228	1
35107433	1
351189687	1
351302263	1
35159685	1
351677414	1
351748251	1
35202527	1
35239881	1
352411970	1
35292768	1
353934111	1
354106028	1
35411199	4
35420682	3
35430179	1
354352706	1
35469947	1
354713620	1
354924835	1
35499699	1
355313633	1
355498514	1
355727441	1
356081574	1
35613702	1
356254039	1
356296224	6
35653289	1
35680250	1
356833989	1
356909638	1
356986115	1
35703509	1
357671429	2
357802616	1
35781063	1
357829957	1
35783736	1
357910593	2
35860455	2
358774423	1
35878020	1
35930455	1
35958224	1
359586849	1
360198468	1
360327469	7
360372150	1
360661000	1
360737813	1
360884605	1
360965339	1
36102165	9
36119184	1
361196291	1
361247001	1
361259643	1
361459040	1
36148700	3
361510913	1
36153601	1
361647356	3
36183909	1
361959844	1
362550739	1
36255967	1
36269736	1
36283043	1
36301862	1
363214461	1
363287237	1
36342907	1
363590167	1
363603883	5
363685825	1
363745852	2
363841215	1
363877889	1
36415086	1
36420170	3
36420621	1
364241111	1
364280480	2
364514620	6
36460987	1
364735409	1
364841344	1
364883834	1
364930955	1
36508851	3
365154140	4
365213367	1
365321928	1
365551932	1
36575165	1
365973171	1
366134926	5
36641009	1
367235898	1
367237250	1
367337523	6
36740214	1
36761914	1
367632903	6
367842499	1
36816237	1
368348409	1
368395972	1
36851517	1
368683423	2
368727197	2
36887727	1
36895761	1
368981875	1
36909449	1
369162851	1
369511941	2
369521900	1
36952586	1
369693748	1
36974383	1
370243566	2
370291744	1
370662547	4
37092528	5
370990786	2
37102864	1
37148595	1
37149640	1
371511659	1
37154481	1
37176030	1
371819333	1
371821131	2
37233307	1
37234315	1
37238868	1
372465113	1
372866179	3
372871905	1
372879830	1
37290764	1
372988011	1
37304486	1
373158357	1
373287402	1
373317732	1
373457750	18
373529573	1
37355062	1
37359767	1
37360782	1
373773598	3
37404973	1
374098671	1
374270858	1
374510641	1
374517930	1
37469211	14
374822164	2
375072143	1
375707755	1
375780255	1
375980238	7
37603669	1
376054412	1
37627568	2
376285116	1
376356778	1
376367767	2
376416022	1
376499998	1
37660948	1
376722924	1
376753833	1
37692183	1
37716108	1
37718217	5
37720831	1
37732815	2
37764200	1
377666101	3
37778253	1
377840831	1
377904401	3
378021747	1
378203020	2
378208943	2
378215053	2
378372819	2
37881747	1
37897000	1
37931524	1
37941633	11
37953178	1
37965042	2
37973317	2
37979150	1
37982404	11
379980949	1
380126112	1
38013977	1
38053161	5
380657590	1
38076968	1
380825290	1
380841462	1
38085318	1
381021356	1
381169850	1
381174944	1
381190911	1
381207498	1
381212639	1
381224685	1
381224958	1
38127880	1
381297577	1
381320916	1
381533163	1
381589665	1
381594556	1
381696140	4
381755302	1
381872892	3
381938362	1
382142120	1
382862117	1
38291055	1
38301261	3
383077253	5
38332931	1
38380127	1
383927121	7
383951841	1
384010816	1
384069776	1
384430809	1
38448277	7
384520820	1
3845731	1
384717221	7
385015938	1
38502647	18
385031350	2
385113243	1
385245375	4
385249901	2
385338646	2
385393697	2
385658781	2
385779209	8
38615762	1
386169875	2
386247164	1
386490896	1
386668440	1
38671739	1
386727306	2
386770863	1
386787305	44
386861642	2
38700230	1
38727901	1
38734601	1
387647041	1
38785319	1
387886218	3
387926246	1
387992995	1
387998844	1
388218042	1
388347822	5
3883561	1
38848419	1
388511114	1
38851375	2
388521433	1
38858641	1
38859736	1
38873825	1
388976997	1
389060072	8
38941790	1
389448671	1
389551062	1
38964336	13
390381898	13
390399332	1
39048435	1
39055286	1
390579448	1
390655734	1
390757296	1
390864712	1
390911901	1
390924257	1
39099783	2
39118839	2
391442578	1
391464226	1
391815569	2
392217281	1
392323348	1
392324953	1
39264827	1
392712971	1
392739061	1
392853982	1
392860200	1
392921709	3
392993241	1
39310714	1
393125588	49
393568517	4
393752661	1
393766438	1
393797909	5
394153761	1
394225321	1
39439392	1
394642779	4
394797065	1
39505322	1
395295796	1
39537346	1
395416760	2
39546678	65
395502540	1
39559007	2
39562986	2
39572320	5
395959112	1
39597201	1
396075303	4
396077559	1
396834863	2
39707999	1
397182955	1
397230151	5
397714114	147
39801292	1
398268047	1
398268731	1
398384242	1
39853973	2
398992000	1
399420607	1
39945205	1
39960478	1
40000737	1
40012474	1
400278676	1
40045763	21
40052918	1
40053049	1
400558176	1
400784846	3
400832256	1
40133681	4
401424381	1
40142780	1
40161547	1
40177363	1
40180697	1
40193819	1
402154483	21
402353316	1
402366681	1
402372223	2
402482231	1
402489347	1
40263860	1
402732269	1
402925971	1
4029531	11
403156662	6
40316438	2
403487400	1
40353438	1
40354297	1
403846162	2
403855355	9
403922208	1
404041626	1
404056339	1
404266809	1
404368744	1
404422077	1
404789840	1
404913752	1
405289917	2
405820375	2
40586737	1
406289145	18
406483755	1
406519985	1
406658908	1
406881878	1
407018662	1
40709375	1
407279675	1
407308739	7
407407474	1
40743096	1
407600515	1
407617438	1
40811479	2
40850738	1
40854687	1
408677509	41
40869877	2
409536137	1
409843965	1
40985199	1
410203106	1
410374683	1
41042919	1
41061537	1
41072154	1
41093053	1
410939605	1
41124850	2
41140413	3
411586401	1
411740391	6
411786151	3
4120961	11
41215235	1
412378465	1
412579325	1
412611622	5
413107327	1
413391241	2
413615555	1
413642905	1
413704957	1
413855918	1
41406847	1
414206745	1
41445656	1
414600500	15
41468715	1
414904961	2
414909904	1
415070183	3
41521512	1
415250334	1
415266044	4
41537564	4
415670617	1
41567141	1
415826305	1
415891337	1
415904555	1
415932537	3
41601337	1
416433733	1
41649196	1
41649494	1
41652749	1
416634207	1
416647547	1
416810728	2
417172272	1
41753918	5
417632113	1
41789551	1
418036639	2
41810568	1
418191627	1
418324555	1
41847427	2
41855699	1
418676607	1
418696838	1
419215571	2
419433473	1
41947301	3
419951447	1
42018126	1
420369966	1
420854752	1
42091991	5
42095336	1
420981123	1
421291659	1
42135331	1
421532582	1
421682651	1
421736473	1
422134443	1
422293154	1
4224271	1
42273634	1
422738094	1
42285144	1
423110801	1
42311227	1
423166547	1
423368489	1
42338426	1
42374232	1
423888869	1
423985204	2
42440768	2
424481268	3
42457698	1
424831065	1
424926262	1
424968528	1
42521341	1
425286807	2
425490223	4
425870454	1
425881490	1
42589787	1
425917134	1
425921042	1
425935315	3
425938933	3
42595011	2
426304485	1
426441965	9
42648051	1
426582786	1
426589771	1
42684729	3
42703075	1
427247226	1
42735772	1
427465564	4
427529204	1
427921506	1
428169478	2
428225985	1
428477232	1
428971031	6
429065890	1
429276163	1
42946469	1
429625402	1
429660167	1
429706193	1
429707718	1
42979115	1
430056231	1
430325421	1
430738001	5
430780202	4
430841130	4
430841781	1
430926586	1
430949694	1
431063688	2
43151849	3
431700776	2
43222757	3
432650534	2
432726108	2
43283471	1
433016537	1
433246854	1
433589125	1
433812053	1
433881517	1
434174425	1
43423144	1
434459446	1
434649810	1
434776153	1
434965953	1
435036602	1
435197144	1
435324476	1
43549084	4
435753283	1
435777803	3
435848095	1
43590761	1
436248154	1
436375148	1
436707351	1
43693	1
43718300	1
437389860	2
437407245	2
437603468	2
43778700	1
437899860	1
438258205	1
43878033	1
43882881	2
43887564	1
439016986	1
439203623	1
43926552	1
43927080	1
439365811	1
439622829	3
439629496	2
43980806	1
43981992	1
43995936	1
440307943	2
44060322	67
440805535	1
440910908	1
44135635	1
44171091	1
442103249	1
442211514	2
44227593	1
44236765	1
44385626	2
443969022	10
44418666	1
444443925	2
444714440	1
44491596	1
445291350	5
445406535	1
445833922	6
445976402	4
446079127	1
44653187	1
446924338	1
44695601	3
447061276	5
447129562	3
44726326	3
447289978	1
44773468	4
44782357	13
447968114	1
44802280	1
448152722	2
448158819	2
448337194	1
448689268	12
44889746	1
449188177	1
44951665	1
449679412	4
449931456	1
449989054	1
450067470	4
450314295	1
450381355	1
45055902	1
450577898	1
450610574	11
450739739	1
450761751	16
450854850	1
45088970	1
451109960	1
451466991	1
45192612	1
453171962	18
453315788	1
453352323	1
453607606	1
45360799	1
45369946	1
454054756	1
45411746	1
45420272	1
454336234	1
454694693	1
455366870	2
45547886	1
455578285	5
45562811	1
455673828	12
455824771	43
455854711	1
45597766	1
456024890	1
456107944	1
456140834	1
45640092	2
456455148	2
456465809	1
456637619	5
45683950	1
457121220	1
45848797	1
45862383	1
45871087	1
458716389	1
45882859	1
459000960	1
45920759	1
459407782	1
459539718	1
459648116	1
45967198	2
459708890	1
459779185	1
46120313	1
46145792	3
461734125	3
461777869	1
461803364	1
462424973	2
462710481	5
462814825	1
463138192	1
463177571	1
463861175	2
464124434	2
464237781	1
46484358	2
464861617	1
46498124	1
465158270	1
465420303	1
465521255	1
465716866	1
46587924	1
465897557	1
46594805	1
466333756	9
466501406	1
46666492	1
466821972	15
46691958	1
467561183	1
467594742	2
46778324	1
467790249	1
467854846	1
468703129	3
468758663	1
469081878	1
46997669	1
470443622	1
470469395	1
47047946	2
470506640	5
47054240	1
470576561	1
47087332	2
470919829	1
471080375	1
471121755	33
471219948	1
471558338	1
471641126	1
471705502	2
472192584	1
472244552	1
47247213	2
47248902	1
47249151	1
472607721	1
472632756	1
472659133	1
472759099	1
47292154	1
473287510	1
473385747	2
473463895	10
473501808	10
473540549	2
47371372	1
474115739	2
474304890	1
474306504	1
474568139	2
474570649	1
47476168	1
475524030	51
475614488	1
476068989	1
47612970	3
47671682	5
47682486	1
47702338	3
477032831	1
477718410	1
477803311	1
478050993	3
478146019	2
478211772	1
478432637	1
478498926	1
478776290	1
478908867	1
478979106	1
479263733	1
47934276	1
479613752	2
480002469	1
480040590	1
480763269	54
481340563	1
481352356	1
481429204	1
481621617	1
48212895	1
48227953	1
482279557	1
482524635	1
482892934	1
4828981	1
4833981	1
48339984	1
48431093	1
484408012	1
48476699	2
484773756	2
484863355	1
485113941	1
48520983	1
485608474	1
48564052	2
485796863	1
486044893	1
486056843	1
486064418	1
486072725	1
486112997	1
486121867	3
486425965	1
486468358	1
486476991	1
486494732	1
486508901	1
48654466	1
486705361	1
486840302	1
486843550	1
487230968	1
48753654	1
487800363	3
487818318	6
48794996	1
487996053	1
48839691	1
48850962	1
488578718	1
488672763	1
48875413	3
489022370	13
489044823	1
48916072	1
489369509	1
489647200	1
489904940	1
490808118	1
490808869	1
490914337	1
49091558	3
49105771	1
49111246	1
49138823	1
491460981	1
491895214	1
49216749	1
49221688	1
49255986	5
492613179	2
492648022	17
493610014	1
493965941	1
493988146	1
49412961	1
494259870	1
49428313	2
494329620	1
49519788	1
49533260	17
49537735	1
49575159	2
495955985	1
496300571	1
49640078	1
49663664	15
496641659	1
49665600	2
49670611	1
497129954	2
497226427	1
497600704	1
49764584	1
497722147	1
498166332	2
498835221	1
498922117	4
49901020	1
49905937	1
49908362	1
499411395	2
499516967	1
499710332	1
500148323	1
500964742	1
501358969	1
50206233	2
502178335	1
50228468	2
50279441	1
50361069	1
503796058	1
503823410	1
504298237	1
504625445	1
505070325	2
505116245	2
50544897	1
50565741	1
505685183	2
506411052	1
50700978	2
50719446	1
50733505	2
507416651	1
507494850	1
507778236	1
50788866	1
50800056	1
508028610	2
508168526	1
508504084	1
509521040	2
509697325	1
50981303	1
510301970	1
51063436	1
510812041	1
51160074	1
511970896	4
51235250	1
512403075	1
512525774	3
512559471	1
512655331	1
51272159	1
512909616	1
51296305	1
51300644	1
513251572	2
514099301	1
514443206	1
51467112	1
514728379	1
51517472	1
51574569	1
515780586	1
516096222	2
516314783	2
51667942	1
51686413	1
51703919	14
517168840	2
51720557	1
517392967	4
51760225	1
517959475	1
51841732	1
518597119	1
518728149	1
518775692	1
519151321	8
51932290	3
51945370	1
519615434	1
519772808	1
51978293	2
519930044	1
520104860	5
520146336	1
52027695	1
52073784	1
52077351	1
521002764	1
52126417	3
52130223	4
52141764	1
52144546	2
521448001	1
52166809	5
521737922	17
521889857	2
521942106	1
521970859	1
52222427	1
52247328	3
52251770	1
52273	1
522740741	1
52288216	1
52331669	1
523462279	1
524659763	1
524732173	4
52514094	1
52516236	1
52650059	1
526567185	1
527323895	1
52749962	1
52816716	1
528431753	2
528770977	7
52889007	1
52891634	1
529012701	1
529167074	1
529410901	2
53005862	1
53134219	1
531347187	1
531384436	8
53165099	1
53215424	16
53215729	4
532252341	1
532562324	1
53278612	1
53315237	1
53317067	1
533293244	1
533741125	2
533743271	1
533888326	1
534290835	1
534546544	1
534563976	1
534861597	1
53526017	2
53530419	1
53584956	1
53591165	3
535913183	348
536502523	2
53654464	9
537018713	7
537128946	2
53724796	1
537692981	2
537847072	2
537891592	2
53805301	1
538208209	1
53834047	3
538854196	1
53911187	1
539233430	1
539391777	1
539426021	1
53970139	2
539839489	1
540062157	1
540226188	1
540346883	8
54191679	1
542686347	1
542696839	1
542882615	2
543266587	1
54328376	1
543296049	1
543538757	1
543715474	1
544098232	1
54446662	1
544698147	1
54481103	1
54501212	1
54535496	1
545618159	14
54594436	2
546313843	2
54664941	1
546728609	1
54675700	1
546808702	1
546941313	1
546996522	1
54711914	1
54776795	1
54776941	1
548112921	2
548476299	2
54851934	2
54856859	1
54865576	1
548791763	2
548800947	1
548855553	1
54931385	1
54939402	1
549657836	1
549676104	1
54974411	1
550105694	1
55026273	3
550654620	1
550769290	1
550804011	1
55109329	1
551303014	1
551316487	1
551462946	2
551520549	1
551629377	1
55267763	1
553461233	1
553461703	1
553465429	1
553548480	1
55358893	1
553658449	5
553662517	2
554008156	1
554355812	1
554357729	4
554639394	1
554641119	1
554793838	1
5548862	1
555186610	4
555296885	8
555300811	1
555499583	1
555517911	1
55554555	3
55561590	26
555892703	1
555918043	1
556202795	5
556369891	1
556535672	1
55668231	2
557311842	1
55777238	1
557945102	1
55801465	1
558051427	1
5580862	1
558323165	2
55896064	1
559118898	6
55965157	1
559675462	1
559969838	1
56026648	1
560294989	1
560362455	1
560425670	1
560705655	1
56092841	1
561052942	1
561361240	1
561542408	1
561705015	1
561742581	15
56250500	1
56268181	1
56275679	2
56281348	1
562817303	2
562982487	1
562995991	13
56315782	1
563401291	1
564265870	1
56469651	4
56475513	1
565059874	1
565437008	1
565623412	1
56585069	1
565933413	1
565969885	19
56606564	1
566129998	1
56679856	1
56686755	2
567220738	2
567416367	1
567452784	72
567591641	1
568178203	11
568599658	1
568633159	5
56896918	2
569542024	1
570154956	22
570251761	1
57068463	1
571461410	1
572077039	1
572334136	2
5725012	1
5725652	1
572869972	1
572961420	1
573032238	1
57303648	1
57343654	1
573458570	1
57350997	1
57355521	1
5736862	1
573831343	1
57433307	1
57435052	2
574470290	1
574752656	1
575199558	1
57527000	1
575576964	10
575887522	1
575920875	2
576232390	2
576367925	1
576429171	1
576485686	1
576533446	1
576612810	1
576705604	1
57675435	1
576801455	1
5768622	1
577187858	1
5776022	1
578081311	1
57828467	1
57834409	1
578383794	9
57847009	1
57849762	1
578605668	1
578809625	1
57903417	1
57936659	1
57946419	2
57951904	1
579962917	2
57997370	1
581221150	1
581821518	1
58186196	2
58195816	1
582689833	2
582868501	1
58290199	3
584175273	1
58429125	1
584498027	149
5848722	2
585740079	2
58652546	1
5865942	1
586650775	3
587701649	1
587778237	8
58808528	4
5882802	1
58834486	4
588360535	1
588406265	1
588416944	1
588460632	16
588775819	5
588865517	1
589594895	1
589723115	1
58991582	1
590250849	3
59035579	1
590433730	1
590443616	6
590503076	2
59095772	1
59116079	1
591270307	2
59127089	2
591331840	1
591335059	2
591380208	1
591390306	1
59140369	1
591558535	1
591563878	2
591664909	1
592165397	1
592972707	1
593058144	1
593235137	1
59357565	1
593620370	2
594069992	1
594080668	2
594086618	1
594096575	3
594105875	1
594149589	1
594183579	1
594191703	1
594325700	1
5943622	1
594412564	1
594486174	1
594887216	1
59491438	1
595762659	1
59597727	1
59606920	4
596347053	1
596573706	1
596805219	1
596827208	1
59696106	2
597414684	1
59750339	1
597517321	1
598254519	1
5983882	2
59853587	1
601234062	1
60139630	16
601478133	1
601492130	1
60150406	7
601671750	1
60194341	1
602074770	1
602288530	12
6022912	1
602355833	3
60241347	2
602449513	4
602499898	1
603141461	11
603325088	1
603404196	1
60350585	2
603660185	8
60435651	1
604701612	1
604780557	1
605186679	1
605490451	2
605711447	1
605859322	1
60622883	1
606236783	1
606340754	2
606444385	2
606615769	1
60693789	1
607013952	1
60705191	4
607062521	1
60710764	1
607617514	1
60800463	1
60850022	1
60857134	1
609121956	1
609236346	1
609252021	1
60927389	9
609304305	2
609315052	1
609963757	1
610069784	1
61011432	1
610200550	1
6107302	1
61081513	3
611147774	1
61115629	1
61127928	9
611795732	1
611798627	2
61209045	2
612135517	1
61216389	33
61229715	1
612454685	1
61245861	1
61268826	1
61292961	1
612963059	1
61315599	1
613301306	2
61342056	4
61343098	1
613515240	3
613623369	1
613858801	6
6141132	1
6144332	2
614729169	1
614908991	1
61500593	1
61501509	5
615329833	1
616110173	1
616476422	1
616546922	2
61661638	21
616880962	1
617530770	1
61758214	1
617617177	2
618075241	1
618228289	3
61842234	1
618587448	1
61859000	1
619123865	1
61914822	1
6193182	2
61932015	1
6199382	1
619948244	1
620340494	1
620663198	1
621052709	1
62110679	2
621197284	2
62135215	11
62155958	1
622070107	1
62241277	1
62309372	1
623211195	1
62342602	1
62372609	1
624122677	1
624332125	1
624413	4
624927669	1
62515543	1
625491891	1
625549947	1
62562916	2
62597423	2
62633125	1
626345722	4
626398281	1
626840066	1
62714972	1
627580581	1
627637663	1
627695874	2
627726591	3
628608712	1
6287342	2
62886110	3
628888093	1
62889705	1
63061242	9
63065364	1
630928277	4
631718296	1
63197369	2
632296843	3
632956955	6
632961585	1
633119066	1
633156440	1
633313501	1
633342521	1
633362990	2
63337120	1
634020001	2
634202435	11
634328034	1
634339547	1
63479722	1
63497552	12
635106053	1
635383	1
63544166	1
635658223	1
635716581	1
63591175	1
636453747	1
636545451	1
63679910	1
63690736	1
637158056	1
63716200	2
63772180	1
63815571	1
63850308	1
63862142	1
64036344	1
64058978	1
6408	1
64109894	11
64236244	1
64242521	2
64391036	1
64446488	2
64661207	1
64708637	1
64730375	4
64789469	1
6484302	1
64888916	1
649713	1
65037164	1
65164391	1
6517732	2
65403367	1
65593092	1
65617648	2
65681636	20
65734178	1
65785845	1
6578852	1
65887711	1
65904682	1
66103873	2
66172538	1
66219194	1
6629912	1
66365946	1
66385097	1
6641292	1
66539871	1
66584310	1
66739237	1
66975479	1
66985306	1
67103995	1
67272363	1
67287672	1
67361997	1
67683728	4
67835673	1
67840547	1
6793222	1
67933542	1
67975628	1
68023	1
68132942	1
68553586	1
68559732	13
68639706	1
6865392	1
69009254	2
69123976	1
69160356	1
69187710	1
69220631	1
69357729	1
69363236	1
69451719	1
69476342	4
69568147	1
69580439	3
69605340	1
69605961	3
69627447	10
69629612	1
6968182	10
69933730	2
69984210	1
700217426	1
70064170	1
700982960	1
701411095	3
701464597	2
701725963	3
701865272	1
701930991	1
70251654	1
70307821	2
70309636	1
70325079	1
703510387	1
703627689	2
703836373	5
70403452	1
704583792	1
704897486	196
704970766	2
70498392	7
70499348	1
705392676	1
70544375	1
705540042	4
70558021	1
70564640	3
70571843	1
705977416	1
706119139	15
70641005	1
70667264	1
706793562	1
7068802	1
70696337	1
707333362	1
70733898	1
70755249	5
70825170	1
709189104	1
70922757	1
711571544	1
71163037	1
7119562	1
7120822	2
712533955	2
712636856	1
713218818	3
71340377	1
713680091	1
7137132	1
713766486	1
71388440	2
71470092	1
71485153	1
715484572	2
715664313	1
71571339	1
716510299	1
716552396	2
71680880	10
71700308	1
717276515	1
7184612	4
718626564	1
718797397	1
718799630	3
71885806	11
71909090	2
72024529	1
720348049	1
7204172	1
72105856	1
72151559	1
721949064	1
72247040	1
72258382	2
72261425	1
722615250	1
72305470	1
72440081	1
72551465	1
725577499	7
725748770	3
726393	24
72697426	6
72699258	1
728700470	6
72893769	1
72907355	11
72928001	9
73027895	1
73030576	1
731056454	1
73194395	7
732429464	1
732759260	1
73298797	1
733061653	1
733086954	2
733533786	5
734021762	1
73420177	1
734289750	1
735021824	1
735241885	1
73546163	1
735643934	5
736299464	1
736310059	1
737001290	1
737660588	1
7380362	1
7383302	1
74104397	5
741147679	1
741803	1
74245145	1
743163510	1
74336234	1
74411862	1
74426272	1
745697342	1
747994214	3
748284313	1
74905565	1
749059344	2
74909571	1
7492172	1
7494122	1
74976151	1
75002150	1
7517052	16
751778623	1
752262180	1
75327299	2
753296532	1
753350808	1
753358988	1
75402563	1
75430011	1
755426353	1
75576664	1
756949772	1
757033212	1
757365218	1
758559312	1
759812774	1
760195754	3
760869378	1
760883833	17
76132385	1
76133	1
761609510	2
761989784	1
762294055	1
762380863	1
76277067	3
762917023	5
762932191	1
76305179	1
76317590	1
76352805	2
76357201	2
7636792	1
76369001	4
76384556	1
7640782	1
7643092	1
76451026	1
764567449	2
76511168	2
76529396	2
76554388	1
76607138	4
766233319	2
766403370	1
767658752	7
767675732	1
76770226	1
76778435	1
768741824	1
76894317	1
76919835	1
76921999	9
769294123	1
769702230	1
770089374	1
770122814	1
770550	1
770904320	1
77104779	1
771488048	1
771629515	12
771888026	1
77206927	1
772329553	1
774599383	4
774864242	1
776473878	1
777255126	2
778014138	1
778655809	1
778952472	2
779098418	7
779451	1
77947301	1
7798152	1
7802422	1
780517974	1
781014	1
78166923	1
78174871	4
782030712	2
7836182	4
78383733	1
784079742	1
784845470	1
78541168	2
785515992	4
78563470	3
785935140	1
78601051	1
78644968	2
78690504	3
78710376	1
78733	1
787945866	1
78830113	1
788333744	1
78837703	1
789162	1
78925997	3
78926262	1
78933118	1
78959991	3
789608102	2
789970874	1
790062926	8
790309974	3
79056597	1
791109253	1
79174022	1
79201672	1
79219027	1
79283429	1
793456104	1
793728973	2
793841160	1
794037804	1
794108792	2
79516745	1
795408560	6
795967831	2
79607415	2
797166	1
79718392	1
797317141	1
7977592	1
79854324	1
798922219	1
7993232	2
799499328	1
7998392	1
800551740	2
801698222	2
802243129	1
802577467	2
802864981	1
80335962	1
803764663	1
803785105	1
803977459	1
804376	1
804542719	1
80481760	1
804995882	6
80554933	4
80556807	1
8057012	2
806062868	2
806247	1
80660848	3
806807	1
8071902	1
808650354	1
808669694	1
809072486	1
809122560	11
80913903	1
81013264	1
81139858	5
811716426	2
811734925	12
81229871	1
812483575	1
812552845	1
81276313	1
814084440	1
815636605	1
81585141	1
81715790	1
818071	7
818081647	9
818166570	1
818248710	3
81855115	1
818798281	1
818910476	1
819758784	2
81991982	1
820031509	2
820110584	8
820123664	2
82098293	1
82116139	1
82142636	5
82143051	3
821464674	1
821618390	1
82234816	1
822825	1
82303188	1
823293919	1
82330132	3
8241232	1
825286027	8
82541893	1
82548584	2
825744584	4
825920851	1
82660006	2
826603674	1
82673598	1
82681866	1
827118715	1
827545158	1
82797119	1
830020351	2
830997128	1
831082747	5
831258415	9
83151172	1
8317872	1
83180939	2
834201427	1
8348782	2
83518253	1
83562262	1
83626320	1
837063992	1
83816037	5
838847929	2
840210818	1
84201828	1
842447412	2
84350896	1
84402174	7
844144368	1
84444981	2
84456176	1
84467656	1
84572822	1
846393199	1
847114928	1
847289647	1
847768752	1
84778182	1
84866674	1
84965158	2
849652896	1
84989659	1
849923298	3
849974144	1
85013897	1
85092004	37
85107422	1
851672292	1
8524892	3
85253884	6
853076791	1
854231696	1
85450717	1
854910984	6
854997060	1
85557277	1
855628410	1
856257518	1
856492350	2
85700767	1
85723504	1
8574252	1
857462130	8
858051	1
85854396	1
858743142	1
85879140	4
85941136	1
86019289	1
861083004	1
86164252	1
862105645	1
862110601	2
86241025	1
86292366	1
863145667	2
86331517	1
86363553	1
864879361	5
865539566	1
865866092	1
866118042	1
86700938	1
86711322	1
867148020	2
868590294	1
86882187	1
868842409	1
86888909	1
869918281	4
869923074	1
869939479	3
870269215	1
87030557	1
87119587	1
87133189	2
871377288	1
871918832	1
87258499	1
872963551	1
874195280	1
87426171	1
874278126	3
874430036	1
874438663	2
874529923	1
87591850	3
876473922	1
876515024	1
87798748	1
87808505	1
878100774	1
8787912	1
87886501	1
879376561	9
879711720	4
880093278	1
880172912	1
880451970	1
88053063	1
88055463	3
881608580	1
882117229	3
882243475	1
88265498	5
882906812	1
88332584	1
8834882	1
88390451	1
8841372	2
88709053	1
887259241	1
887266260	1
88753267	1
887743975	15
8880632	1
88861803	4
88913700	1
890031644	1
891616633	3
891637291	1
891869581	1
891899040	1
892712078	1
893846334	1
894562614	1
89482087	1
89491245	5
89514438	2
895774200	1
8962882	1
896638418	1
89670922	1
89698348	1
897771985	1
89793918	1
898301664	1
89901149	1
900605659	1
90063771	1
9013382	1
90190985	2
902101824	6
90218842	1
902470080	1
903073560	1
903390708	1
903755858	1
904039608	1
90439860	2
904595473	1
90468085	2
905373210	1
90560776	1
90567538	2
90582376	1
906249536	3
90653560	1
9071062	20
90715655	1
908405826	1
90857607	1
90915624	2
90956638	1
9096572	1
90992943	5
91156995	1
91180198	1
9130522	1
913175707	1
91321449	4
91355016	1
91478624	1
91642050	1
916881504	1
91787094	1
91794389	2
91801003	1
920487564	1
920703782	2
921155750	1
921464372	9
92157633	1
921585962	2
922202305	1
92236235	1
92258293	1
923448403	1
923675156	1
924239384	1
92462159	1
92500905	1
92521129	1
92545775	1
9286272	1
929670552	1
930901243	1
932652001	5
93279637	1
932806561	3
93331449	1
93417622	1
935242836	21
9357962	1
93687723	2
93688789	3
93804942	1
93913891	1
93960358	1
941118115	1
94118268	2
94172546	6
941871536	2
94196519	1
94274445	1
942773174	1
943126189	1
94342002	1
94372915	1
94376561	1
944074490	1
944075622	1
9446502	1
945540668	1
946313485	104
94653842	1
946957866	1
947043115	1
948098094	1
94897198	2
949606819	1
95037522	3
950517078	3
95083293	2
952188354	1
95219370	1
95267009	1
9538332	1
9547482	1
95502314	1
95519303	1
956645150	1
95707794	1
957990235	1
95806939	1
95863011	3
958635031	1
9587452	1
958874982	1
95917532	1
95924769	1
9595722	1
960834355	24
961200300	1
96230769	1
9626082	1
962744707	3
9627972	1
96481712	1
96521898	1
96554449	1
96601128	2
96635140	1
966393570	1
966505482	1
966582482	1
966726223	2
96682182	2
966882984	1
96697176	2
9672222	1
96765664	1
96767322	1
9681572	1
96901988	1
96937895	1
9696462	2
969833426	2
97019544	1
970197908	1
97090304	1
970979024	1
97194047	1
972188786	2
97228233	2
972296504	1
97237364	1
97237627	1
972429852	1
973150950	5
97334517	7
97382065	9
973882722	1
974097816	1
97421849	1
974480149	4
974745510	1
975116011	1
97530284	1
975383059	1
97580824	1
97637872	1
976482234	2
976628431	1
97663633	1
977308820	1
97739625	1
977492323	1
977532660	1
977984095	1
978671796	4
97913396	2
97927889	1
98024588	1
980454624	3
98110096	1
9811342	1
981360961	1
982177165	1
98230642	1
983143297	1
983655260	4
984279223	1
9855332	1
9856552	1
985658726	1
98593419	1
987175020	1
987415812	1
987502316	1
987771205	1
987787243	1
988940606	1
98926033	5
989646270	2
989690640	1
99010300	1
9909452	1
992182100	14
99305198	1
993282182	4
994278265	2
99449135	1
995172852	1
995576238	1
995879624	1
996051864	3
999018421	1
99943024	1
