100024370	39
1001192245	43
100150463	2
100258014	6
1003088551	1
1003101349	1
1004053002	1
10045112	1
100516996	1
1006016660	1
1006769048	1
1006905289	1
1007915173	9
100989270	1
101013623	1
101080675	1
1011339350	13
101168602	1
101252851	1
101268558	1
1014037063	1
101580109	1
1016023266	1
101605899	1
101690346	1
1017152750	1
1017944468	1
1018083266	1
1018254805	1
101970219	1
1020104557	1
1020171044	1
1020650262	1
102325185	195
102429449	3
102463004	1
102475599	1
102481836	2
102527566	1
102581710	1
1026314035	1
1026862898	1
102691088	1
1027358748	5
102754598	1
102816266	1
1029083857	2
102991077	1
103017877	1
103024624	1
103057619	4
1031188562	1
103321386	1
10334352	1
1036721035	1
103795290	1
1039081430	2
103984617	1
104034095	3
1040551766	5
1040640698	12
104073108	1
1040841978	1
104159277	1
104166083	1
104257356	2
1042814112	1
1043744070	3
104533286	1
1046312670	2
104712815	1
1047812304	1
1048291658	16
104847926	10
104952689	6
1050552247	6
1050597344	3
1051113254	1
1051427624	1
105203602	1
1053484388	4
1054431	1
105534480	17
105812929	1
1058851730	1
1059290383	1
1059530150	1
1060090044	1
106074063	1
1061468390	1
106181394	1
106206358	1
1062176846	1
1062181058	1
106295925	1
1064015220	1
106491684	1
106498703	2
106504911	5
1067061	1
10704902	1
107087487	2
107233319	1
107236680	2
1074571213	1
1074705000	1
107471719	1
107613063	1
1077079634	1
1077087198	1
107735200	1
1077850658	2
107833265	2
107872686	1
108021761	13
1080306914	3
108069462	1
108418833	1
108432404	2
10844682	1
1084728966	1
108511039	2
1085339568	1
108556027	1
1085780826	1
108660721	2
1086948366	1
108729650	1
108744394	1
1088164062	2
108823618	1
10883952	1
108938404	3
108996217	1
1090206325	1
109091356	1
109098511	1
109106035	1
109140217	2
1091581356	1
109200080	1
1092326809	1
1092348054	2
1092564138	1
109294690	1
109307019	1
109323518	2
1093416458	1
109350515	1
10935622	1
109413442	1
10953972	1
1095543396	1
109617683	1
1097054636	1
109731224	1
109738769	1
109840265	1
1099043826	1
109912265	1
109968678	2
109995803	18
11006932	1
1101409862	1
110147594	5
1102757372	1
110277416	1
110297709	1
110365785	1
1104122851	1
110463712	1
1104966517	1
110504071	1
1105292672	1
11053752	1
110539278	2
110553774	1
110581612	1
110724952	2
110734865	1
110740480	1
1107484633	1
110864704	1
1109604170	1
110961286	1
111036530	1
1110406502	1
111122062	1
111128871	1
1111899582	2
111221831	1
1112225545	4
11129822	1
111356889	1
111362231	1
111403130	1
111408685	1
111511440	1
111537138	1
1115959136	1
1116008696	1
1116049580	1
111673720	1
111677995	1
111708777	1
1117770745	2
111838410	1
1119589878	1
111983100	1
1121028973	3
1122634170	1
11230502	2
112335236	1
112444373	1
112508739	1
112548634	1
1126017198	1
112606600	1
112705523	1
112750297	1
112758237	2
1128504752	2
112866086	1
1129206217	2
112944399	1
1129619839	1
1130092898	1
1130097055	3
1130837402	1
1132377396	1
113280990	9
113390942	3
113404910	1
113410319	4
1134484321	3
1134874560	1
1134937836	1
113504430	1
1135299488	190
1136027455	1
113718817	1
113726458	2
1137292440	1
113753423	1
113761676	1
1137633156	4
1138549746	1
113897359	1
113995493	1
1141627460	7
1142236946	1
114320203	1
114602310	1
114632460	1
114646096	1
1147491	1
11481032	1
114845234	1
1149266544	1
1149568189	5
115158718	1
115264548	1
115272365	1
1153595334	1
1154148853	1
115432612	1
115452867	1
1155776527	1
115577707	1
115847113	1
1161725924	1
11628952	1
1163696714	1
116418731	1
116431218	1
116536565	1
116542828	1
116553891	2
116705429	1
1167632820	13
1167684440	1
1167742656	9
1168156938	3
1168393712	1
117131799	1
117198841	1
117205225	1
1172549509	1
1172868624	1
117372093	1
1175124468	1
11756772	1
117632715	1
11764992	1
1177050499	1
117839245	1
117966729	1
1180622503	3
118177584	1
11833002	1
1183310281	6
1183523258	1
118581630	1
118794845	1
1188054740	1
118850791	1
119009254	1
119244838	1
119434726	2
119452598	1
1194749744	1
119475889	2
119553648	1
1196960906	1
119781337	1
1197880838	1
119920353	1
1199658468	1
120168820	2
120190615	1
120242824	1
120291754	1
120325121	3
120421293	1
120531745	1
12057032	5
1208538492	1
1209164856	1
120920505	1
1209242977	1
1209303486	1
1209595398	7
120965481	11
1210621002	1
12114462	8
121158213	66
121273013	2
12133692	11
1214253602	1
1215908636	1
1216794007	1
121684992	2
1219875134	1
121989430	1
122132710	1
122134262	6
122152316	1
1222018058	1
122221777	1
12234352	1
12250332	1
1225690004	1
1226362814	4
122682975	1
122704362	2
1227807662	1
122790472	1
1228058827	1
122819180	1
1228195520	1
1228561447	1
1228713564	1
1228758266	1
122896031	1
122940944	1
1230678960	1
1230994147	1
123125462	34
123136593	1
123137244	19
123147423	17
123174284	10
1232263512	3
1232704470	1
12346842	1
1234941	1
123602546	2
1236044750	1
123674886	2
123752501	1
123844674	1
1239650928	1
123997989	1
124066140	1
124179451	1
1241843221	1
124334148	1
1245395222	3
1245520459	1
1245579715	4
124585235	5
124586554	1
1246096020	29
12468462	1
1248002600	1
1250643056	102
125091976	1
125240090	1
125419549	1
125445231	15
125449133	1
125457958	1
1255023650	1
125632956	1
1256722561	1
1256941783	1
125726741	1
125773890	1
12582472	1
1260460398	1
126067662	1
1262258454	3
1262654858	1
126416038	1
12643712	1
12648682	3
126494089	1
1265773064	1
126640430	14
126841380	1
1269559484	2
127094795	1
1271096810	1
127176713	1
12721972	1
1272751392	1
1273612646	1
1274737250	1
127513939	1
1275995714	1
127637596	1
1277178181	58
1277399984	1
127782922	1
127871544	1
1278852289	1
1278974864	1
12794362	3
12796532	1
12797382	1
1279746739	2
1280712284	145
1281072037	6
128177017	2
128348833	1
1283795942	1
1283959572	2
1284745723	1
1286058860	2
1286073350	1
1287280946	1
1287414692	1
1287510536	2
1287690780	1
1289057364	1
1289403626	1
1289779824	1
12910082	14
129219738	1
1292305116	1
1293051	1
129420968	1
129481550	1
12955412	1
129594404	1
129661862	1
1297151796	2
1299405073	1
1299622676	1
1300794678	1
1301244769	1
1301964631	1
1302133536	1
130362318	1
1304634055	1
1304641663	1
130507676	1
1306200696	1
130673445	1
13074442	2
1307660832	1
130775668	1
130859209	1
1308667074	1
130995911	1
1310354202	38
1310746040	3
131116719	1
13128922	3
131355565	3
1315225639	3
13160652	1
131609773	6
1317108294	2
1317681762	1
13184372	1
1318914206	2
131957516	1
1319615112	1
131979670	1
132072053	1
1320738314	2
1320772410	1
1320968377	8
132109763	1
1321342440	1
132155424	2
132173493	1
132288724	18
132339220	1
132380872	1
132418208	1
1325089771	1
1325832924	1
1327241353	1
1327354514	1
1327510580	1
132991545	1
133005951	1
133056605	1
133316482	2
133360019	1
133425913	1
1336231	2
13363682	4
1336445929	1
13364642	1
133962721	1
1339912453	1
134012382	1
134095600	1
1341621522	1
134233015	2
13423622	2
134250956	1
1344541868	1
134503182	3
1345672002	1
13458062	1
1345862960	5
1345998098	1
13471032	9
134861429	1
1349856667	2
1352760836	1
1354252658	25
135505847	1
135527544	1
1355510426	4
135601649	1
13565472	1
1357126620	27
13575602	1
135842103	1
135864208	1
1359746220	2
1361768822	1
1362960290	1
136393773	1
1366850106	1
1366882884	1
136771107	1
1367765233	1
136842204	1
136863923	1
136938329	1
1369739395	1
137003479	1
1370362818	1
137061901	6
1370906497	2
137096273	1
1372231302	1
1372592071	15
1373083340	2
1373368518	1
1373402480	2
1373505554	4
1373568355	1
1374059611	2
137571707	1
137597001	1
1376953676	1
1377472224	4
1378	1
1379121086	1
1379216077	1
137955452	16
1381166982	1
138134689	1
13818882	1
138328996	1
1383620035	1
1384798622	1
13849472	1
1385347147	1
138559817	1
1387445905	1
1387533103	1
138766162	1
138798291	2
1389493454	1
13895242	1
1389895872	2
1390693447	4034
1390802444	1
139229024	1
1392416906	1
1392989358	1
139331458	1
1393603976	28
1394937649	1
139628316	3
1397297502	1
139774225	1
1398262381	1
13982672	1
13986572	1
1402824210	2
1403574307	1
14057492	1
14065015	1
1407559375	4
14078468	2
1408233085	1
14084352	1
14096763	1
14097951	1
14104848	2
141096322	1
1411402069	7
14115408	1
14123181	2
14126376	2
14129793	1
14138486	1
1414161222	1
14146896	9
1415574950	1
141580858	1
1416007532	10
1416078199	12
14165481	1
14173032	2
1417577946	4
1417681	1
1418264336	1
14183902	1
141881365	1
14190009	1
1419025297	2
141935925	5
14194989	1
14195513	1
14196467	1
141977593	1
1420284973	1
14204663	1
142130142	1
14216123	4
14217862	1
14223434	1
142333812	2
1423715634	23
1424154043	1
142470578	1
14247096	1
142490601	1
142687183	1
1427082060	1
142754319	1
142816837	2
14285650	2
1429303652	1
143007356	1
14303901	96
14304475	1
1430670998	1
1430951624	1
143161014	1
14318277	7
14320187	1
143235905	1
14328278	1
1433927304	1
14346219	1
143467347	1
14350282	1
14351010	2
143631692	1
1436715474	1
14370402	1
14371239	1
14371398	1
1437141865	1
14375111	1
143771098	1
143772190	1
143773571	1
14380496	1
14385947	1
14387400	1
1439067241	5
14396074	1
1439741	1
14399552	1
14441207	1
14455237	1
14460284	1
1447007702	1
14478614	1
1447990086	1
1449251635	11
14492722	1
14499073	1
1450167168	1
14511820	1
1451205841	1
14518395	1
145216041	1
14522779	1
145262540	1
1452702914	18
14531223	1
14539324	1
145399813	1
1454441418	1
145496161	1
1455152108	10
145598179	1
145621986	3
14562685	2
145703415	1
14571012	3
1457207868	1
1457403067	1
145753556	1
1458237528	1
14585689	1
146221326	1
14622223	1
14622654	1
14624190	1
14626496	3
14627655	1
14629055	1
14630872	1
14633485	17
14638843	1
146451331	3
146600232	1
146716774	1
1467412392	2
14677751	1
1468187089	1
1469603575	2
14698488	1
1469977963	5
147007134	1
14701598	1
1472588323	2
14731559	1
14739266	1
147398836	2
1474235113	1
14747961	1
1475988331	1
1476010452	5
1476085543	1
14777083	1
14781188	1
14781971	2
1478526984	1
14785663	1
14791358	1
1479351606	1
148102362	1
14814120	1
1481473958	2
14823306	1
1482490092	1
148361422	2
1483933890	1
14840638	1
14842392	1
1484919960	1
148573029	1
14870599	1
14886375	5
14887632	1
1488838998	3
148912873	1
14895284	1
1489803378	1
14902429	1
1490576629	1
1490980105	12
149162807	1
149222428	1
14922536	1
14923738	3
149248764	1
149291886	1
14933262	14
1493877439	1
1494363079	1
14948120	2
14950313	1
149560373	3
14972191	1
149742502	1
1498536354	1
14993885	1
149941754	1
1499852552	10
1500075060	1
15001676	1
150094848	12
15030133	1
1503276012	2
15040988	3
15044202	1
15048943	1
150547943	1
15065145	1
15074369	1
15077013	1
15079601	2
150823066	1
150846732	1
150850598	1
1508595090	1
15086327	1
1510153513	1
1510570345	2
151090823	1
1511018348	3
15113607	4
15132938	1
15143065	5
15158441	1
151592956	1
1516320493	1
15163346	1
151643087	1
151990273	1
1520072330	1
1520876966	1
152330431	1
15240491	3
152423527	1
15246650	1
1526032632	1
1526288869	1
1526345371	1
15269677	1
15281391	15
1528561590	1
15288018	1
1529380254	1
15296897	10
1530761096	1
153179029	1
153282873	1
15330239	1
15332026	1
15335975	1
15340813	1
153553233	1
15356654	3
15357143	1
153630738	1
1536399169	1
1536803749	1
15370019	1
1537373112	1
1537838155	1
1538718654	2
1538903558	3
154033117	7
154056519	1
154130614	1
15424245	1
1542854286	1
1543212792	1
15435203	1
154370973	2
1543742827	1
1544227476	2
1544270486	2
154469710	1
1544701488	1
154512953	1
154535828	5
15459455	1
1546182769	1
1547177328	1
154726606	2
154738342	1
15481363	1
15481850	1
15485461	8
1549209524	2
15497893	1
15499833	1
1551242581	1
155197848	2
15526523	1
15533100	1
1553871637	8
1553916848	1
155394013	1
1554457646	1
1555507520	1
15563814	1
15571265	1
1557502416	3
15576975	1
155893106	1
15599095	5
1560174734	2
1560440960	3
15610326	1
15618009	1
156233179	1
1562679368	1
156284196	1
156304968	1
15645483	1
156509505	1
1565684575	2
1565751108	20
15660901	1
156653431	1
1567086931	1
156777191	1
1567778071	1
1567804213	1
1567804495	1
1568727745	1
156889125	1
1571165700	1
15711884	1
1571728261	1
157237032	1
15731895	3
1573473840	1
157350383	2
15751437	1
15761351	1
15764136	1
15769287	1
15783627	1
1579371308	52
15812482	2
15814096	1
15817191	1
1581782214	2
1582089290	1
15823893	5
1582537548	1
15833123	1
15841958	1
15844512	1
158513814	1
15871628	1
1589217626	2
15896829	2
15899990	1
15909478	1
1594088791	1
159439701	1
15953207	1
1596234775	2
1596911077	1
1597660010	1
15983172	1
1598416536	1
15985098	1
159881713	1
159972801	1
15999548	1
16001397	1
1601683238	2
16018967	2
160298969	2
16033537	2
160411644	1
1604205546	1
16052373	2
160625399	1
16063093	1
160720531	1
16082873	1
1608797496	2
1609138124	1
160996473	1
161063168	1
1610934914	3
16118433	1
1612724000	1
16138831	1
16147657	1
16148514	1
16153467	1
16154947	1
1616185404	1
161662833	1
16170802	1
1617089666	1
161785790	1
16184358	1
16194705	1
162060435	1
1620724819	1
16209365	1
1621271	1
1622050075	1
162363693	1
162419093	2
16244218	1
16246929	1
16252218	1
16252960	1
1625296296	2
16254500	1
16256417	1
16259934	1
16262391	1
16272212	1
162925002	3
16301098	1
1630561722	1
1631815051	1
16322635	1
16326490	1
1633428576	1
16336095	1
163365304	1
1634662104	1
163525990	1
163537857	3
163543246	1
1635511891	1
163566509	2
1636759074	1
16380737	1
16382144	1
1638493381	3
163972792	1
16399198	8
16400258	1
164041594	1
1640488326	2
16407746	2
1641028950	1
1642085826	1
16429977	1
16432251	1
16432926	1
16437499	3
16437643	1
164444607	5
16444726	1
1645664816	1
164711361	1
16479889	1
1648349564	10
1648904448	1
16494284	1
16498641	1
1651926086	1
165211899	1
1652584400	1
165380027	1
1654035020	5
1654665031	1
16549684	2
165606471	1
16561108	1
1657052875	1
1657808011	1
1658534072	1
165860889	2
1658678785	1
166131787	1
1662319010	1
1662593401	1
1664059166	1
1664138053	1
16643099	2
16645452	1
166505377	2
1665125166	1
166542905	1
1665531258	1
1665737941	1
1665838692	1
1665936846	1
166597717	22
16661097	1
16670072	1
1667308466	1
1669250269	2
1670179592	1
1670354324	1
1670839033	1
1671560821	1
16715895	1
16717239	1
16720788	1
1672120591	9
167225737	1
16727846	1
1673094114	1
16732770	1
16733	1
1673524118	1
1673759539	1
1673766146	1
1674206448	1
167444302	1
16751488	1
167543626	2
1675670611	1
167589549	1
1676473459	1
167693815	1
167787743	1
16789555	1
1679697326	1
167984744	1
1681390633	1
1681757131	1
168263590	1
16827489	2
16831353	1
16833637	1
16835187	1
1683770364	1
1684471004	1
16847370	1
16854594	1
1685825136	8
1686389167	1
168744961	2
16875808	1
16888514	1
16888592	1
16890265	1
16905874	1
1690994840	1
16910198	1
16915759	1
1691951420	2
1692174140	5
169218849	1
1692633906	1
1692939516	1
169406388	1
1694170675	168
1694447893	2
1694766895	1
16951703	1
1699416156	1
16995129	17
170141017	1
170165713	1
17017393	1
17028992	1
1704488618	1
170492152	1
17049899	2
17056391	2
1705758318	1
17067017	1
1706882431	1
170757344	1
17099990	1
1710120552	1
1711146512	1
1711424268	3
17124991	1
17127246	1
1713849307	1
17156635	1
1717579410	1
17178161	1
171792377	1
17190403	1
171919007	9
1720153410	1
172105978	2
17212941	2
17221422	4
172236247	1
172292841	1
1722978956	1
17239947	1
172514509	1
17262905	5
172836249	1
172878164	1
1728826458	1
1730878622	1
17316885	1
1733577882	2
1735015016	1
1735241	1
173591614	2
173646235	1
17374599	1
17374916	1
17376429	1
17383566	3
17393059	1
1739945534	2
17400044	1
174080802	2
174091710	1
174118459	1
1741720022	1
17429254	1
174467933	1
174493601	1
17453976	1
17465654	1
174663645	1
1747150453	1
17497628	2
17500537	1
175116860	1
17512915	1
17540673	2
17544456	1
175570623	1
17574702	1
175921402	1
17614702	7
176168308	18
176184142	1
17620373	1
17640002	1
1764503544	1
17663168	1
176644153	3
17674178	1
17674604	1
17676510	2
176881494	1
1769796433	1
177032033	1
17712324	2
17718832	1
17719414	1
17721544	1
17722477	1
17739081	1
17751376	5
177585732	1
17780244	1
17790265	1
17797838	1
17821518	1
17823045	1
1783481	1
17841130	1
17858074	1
178652437	1
1786566690	2
178778803	1
178865227	1
17893073	1
17899859	1
179054279	1
179118747	1
17913	8
17931543	1
179327909	1
179416879	1
17944171	1
17944896	1
17945997	1
17947634	1
17964502	1
17964779	1
1797991	3
17982141	1
17991579	6
179932277	2
18004416	1
180090916	1
18021517	2
180274551	6
18031655	1
180317088	1
18035520	1
18038429	1
180473434	5
180615901	3
180963477	1
18105391	1
18121293	2
181264319	6
181343262	1
18164662	1
18165383	1
18168544	1
181792900	1
18186060	1
18189134	1
18203306	1
18216128	6
182198749	3
18223590	2
18225195	1
18225368	1
182284285	2
182302809	1
182322785	1
182362873	1
182440063	5
18255702	1
18272643	1
18297948	1
18308026	1
18320745	1
183294525	1
1833020461	169
18337283	2
183628010	1
183695038	1
18370721	1
18372794	1
1837530126	1
18378349	4
1838451102	1
183853112	3
18387911	1
183879602	1
18392798	1
183972338	35
183974161	1
1842216931	1
18422904	1
184345490	2
184385983	1
184599763	1
184649744	1
1846671614	1
18472833	1
1847302273	1
184754553	10
184881902	1
1849602494	1
1850041968	151
18503214	2
18504643	1
18511736	1
1852403088	1
18539995	1
185454902	1
1854900966	159
1855561154	1
18557189	1
185699727	1
18571000	1
18574762	9
1858669386	1
18586789	5
18587683	1
18590697	4
185929020	1
186003086	1
1860258331	1
186031595	5
18605138	1
18608431	1
18617717	1
18623405	2
18645855	1
186533014	1
186557997	1
18658565	1
18660401	1
18662353	1
18663561	1
186700511	2
1868520031	1
186917369	1
1869471378	4
186950688	1
1870072729	1
18703437	2
1871450522	2
1871555485	1
187223662	1
18736852	3
1874672064	1
18769696	1
1877286343	1
18774342	1
18782755	1
18793603	1
187951691	1
188021203	1
188033360	1
1881168794	1
18817566	1
18824245	1
1882793930	11
18830203	2
1883246202	1
1884601171	1
18850267	1
18858395	1
1887299238	2
18873609	1
188752562	1
18889852	1
188994776	1
18899842	2
1890299826	1
1891144105	1
189242422	1
189244171	1
189333010	1
1893858302	3
189397006	1
18944615	7
189788477	1
18983688	1
18991439	1
1900582555	1
190065208	1
190248555	1
19035917	1
190398957	1
19040976	1
19043661	2
19046138	1
1904821021	1
19056798	1
19059966	1
19064401	1
19079480	1
19087621	1
1908871634	1
19089922	1
190929139	1
19092972	1
1909774926	1
191005840	1
19100952	1
1912426530	1
1912519352	3
19127576	2
1914315432	1
191461872	1
1915735932	1
191607589	1
1916659826	1
19174630	1
191863511	1
1919041363	2
19191086	2
1921730372	3
19219421	2
19220698	491
1922534137	1
1923159170	2
1923879936	26
1923890856	1
1923902360	2
1923926642	1
1923938851	1
1923947209	4
1924310023	10
1924312855	152
1924316509	1
1925569555	1
192579948	1
192589455	1
19273872	1
19276572	1
192780736	1
1927879872	1
192800609	1
1928698472	1
1929773191	1
1931321792	5
19331681	1
193323937	4
1933278577	1
1933990206	2
19358428	4
193687333	1
1937672820	1
19381827	1
193897245	1
1939004900	1
19393766	1
19394190	1
1939561824	1
19398213	1
194119290	1
194137231	19
194210007	1
194283013	1
1944448274	5
1944646057	2
19455101	1
19464543	2
1946807360	7
19478383	2
19485664	6
1949701902	12
1951888880	1
195368080	11
19546277	1
1954730264	9
1955058259	1
19552414	2
195532210	1
19560393	1
19571813	1
195755923	1
1957689138	1
195797843	1
1958752610	14
1959033548	7
1961041356	1
1961291935	1
19619569	1
1962132428	170
196214194	1
1962290364	1
19627971	24
19634351	1
19634639	1
196413060	1
19651231	1
1966248702	3
19664650	1
19664951	1
19687931	1
1969225446	1
1969269098	1
1969284560	1
1969320138	1
1969327748	1
1969346244	1
1969380512	1
1969388790	1
1969391821	1
1969413661	1
1969414026	1
1969422638	1
1969423128	1
1969442940	1
1969443481	1
1969454352	1
1969457936	1
1969472353	1
1969476379	1
1969479445	1
1969483777	1
1969501046	1
1969502581	1
1969504382	1
1969506649	1
1969507615	1
1969521258	1
1969563919	1
1969603262	1
1969608205	1
1969613695	1
1969617794	1
1969640629	1
1969645494	1
1969657116	1
1969678730	1
1969688820	1
1969698176	1
1969718929	1
1969725062	1
1969726098	1
1969740319	1
1969740852	1
1969746367	1
1969755355	1
1969772161	1
1969782709	1
1969784395	1
1969801820	1
1969847047	1
1969874707	1
1969876873	1
1969877118	1
1969887775	1
1969911900	1
1969923181	1
1969925227	1
1969945308	2
1969951350	1
1969958118	1
1969966663	1
1969967432	1
1969970330	1
1970000460	1
1970001150	1
1970009329	1
1970027977	1
1970035592	1
1970051268	1
1970061906	1
1970079072	1
1970089856	1
1970105269	1
1970107525	1
1970109091	1
1970120244	1
1970167195	1
1970168503	1
1970181030	1
1970187266	1
1970190704	1
1970194520	1
1970226391	1
1970228834	1
1970269903	1
1970315587	1
19726938	1
1973316967	1
1973611015	2
197398224	1
1974106172	1
19747132	1
197485346	3
1974868874	1
1974890444	1
1975701212	1
1976370139	1
197656171	1
1976820770	1
1976890536	9
1977228416	1
19772589	1
197729131	1
1977325800	1
19774238	1
19776110	3
19778610	2
1977991003	1
19785281	1
197864468	1
19790872	1
1979190776	3
19806139	1
198128593	1
198314216	1
198318997	1
19864150	1
19869336	1
19872467	1
19878175	1
198872588	1
19888497	1
19897450	4
19898016	1
19918524	1
19928570	1
19953043	21
199620260	1
19962813	3
19983499	1
19992655	2
20012053	1
200216961	1
20052156	1
20060120	1
200641413	1
200701971	1
20083313	1
200836539	1
20095393	2
20097362	2
20106796	2
20109018	1
20119344	1
201221109	1
20122229	1
201281675	1
201296379	88
201487929	1
20149508	8
20159497	3
201802498	1
201891203	4
201980111	1
20199173	1
20205289	2
202100189	1
20230811	1
202433102	1
2024601	1
202507952	1
20259450	1
20264511	3
202651839	1
20270463	2
202773444	1
202915788	1
202956407	1
20331665	479
20351876	1
20352722	1
20353621	1
203652149	2
203812581	1
20381606	1
204010235	4
20404217	1
20404884	2
204061607	1
204247826	2
204366811	2
20449296	1
20455382	1
20458407	813
20461206	82
204616970	1
20466133	1
204803220	9
204819148	1
20484889	1
20495796	1
204974279	1
205140280	1
20523223	5
20525971	2
20530398	503
205310555	1
205445475	1
20557393	1
2056341	1
20588734	2
206008144	1
20608444	1
20617622	1
20635497	1
20642473	1
20654759	1
20659911	1
20663502	1
20682649	1
20704612	1
20704858	1
20707966	1
20715279	1
207242083	2
20725932	1
20742461	1
20742921	1
207435193	4
207617302	2
20769766	1
20774691	1
207778978	1
207859759	1
208023820	1
208139326	1
20822613	1
20825522	1
20825783	1
20844476	1
20857537	1
20857912	18
209229777	1
20944292	8
20947270	1
20954907	1
209907837	1
21043723	1
21045893	4
21055568	1
21084137	2
210914028	2
21124351	1
21136614	1
21150871	3
211595149	1
211777234	1
211835836	1
211890426	1
21195761	1
21211253	1
21217761	1
212299918	1
21248250	1
21251378	2
21269694	1
213118052	2
21315994	1
21328656	2
21329777	4
213358539	2
213541602	1
21363177	1
213643138	1
21368849	1
213936621	1
213956990	1
214103248	1
21419424	1
21426492	1
21434299	1
214472128	1
214577856	1
21460496	1
2147836159	1
214882759	1
2150087408	1
215068830	1
2150696418	6
2150927341	1
215145067	1
2151508243	2
2152251834	1
2153467878	1
2153739613	1
2153916871	1
2154018721	1
2154174864	2
21542051	1
215470808	1
2155185577	8
2155648891	2
2155995426	1
215606676	1
21567957	1
2156815310	1
21570308	1
21570526	1
21574487	1
2157627860	1
2157811778	1
215782766	1
21585978	1
21599965	2
2160341612	2
2160369655	1
2160972710	1
216171977	1
216244010	1
2162938044	1
21633752	1
2164067153	1
21661809	1
2166195704	1
2166302076	1
216639137	1
21679494	2
216798259	7
216843116	1
216865166	2
21690164	1
2169254353	1
21699500	1
217011425	13
21704514	1
217057475	1
217159658	1
21726856	1
2172946147	1
217300302	1
2173999435	43
2174290195	1
2174552635	1
2174991068	1
217501864	1
2175055010	2
2175082100	1
217612422	1
2176351197	1
2176637216	1
21767570	1
2177043126	1
21771952	2
2177586166	1
2177764470	18
2178734696	2
2179183456	1
21793154	1
217953698	1
218013625	18
218022222	1
21805264	1
2181281054	22
2181314366	6
2181326676	13
2181334776	23
2181346825	15
2181357950	1
2181390564	8
21827572	1
2182793322	1
2183601300	5
2184871242	1
218503228	2
2185769276	3
2186187503	1
21862796	2
2186300442	2
2186800184	2
21871130	1
2187220087	1
2188615207	1
2188983879	1
2189652750	1
2190145224	1
219135797	1
21927881	1
219329534	3
2194729068	3
2194845328	1
2194995535	2
2195055925	1
2195446502	1
2195543761	1
2195689850	1
21958792	1
2196161828	1
2196284140	1
2196900553	5
2197054086	113
2197078218	3
2197099980	4
2197132710	6
219726206	1
219915210	1
219917124	2
2199491555	1
21996211	1
2199676916	129
2200537142	1
2200605978	1
22019150	1
2202195566	1
22022865	1
220235040	2
2202415938	1
2203279610	1
22040937	1
2204135624	23
2204839174	1
22052792	1
2206002804	1
22064251	2
2206472570	1
2206772727	1
22078711	145
2207885690	1
2207931702	1
220833125	1
22083548	1
22094553	1
2209523333	1
221057424	17
22107694	1
2210915965	1
22115097	1
2212454553	1
221265552	2
2212891281	1
22134617	1
2214051736	1
221407001	1
2214387757	1
2214510864	3
22152079	1
2215937899	12
2216500542	1
2216792106	2
2217235134	1
221800307	1
221861667	1
221904417	1
2220469316	1
2221521043	1
222164515	1
2221665696	1
2221772324	1
2221802479	2
222187111	2
2223571	1
222507714	1
2225300413	2
2225352511	5
222561091	1
222625575	1
22270809	1
222820233	1
2228396934	1
2228404944	1
2228925433	2
222895085	1
2229434286	4
22298549	2
22302444	1
2230529634	1
2231167736	3
2231488412	1
2231502417	5
2231685218	1
22320655	3
223257327	1
2232691961	1
223329689	1
22333382	1
2233924628	6
2234758370	1
2235374570	1
2236289286	1
223692135	1
2237072323	1
22373938	1
22377430	1
223811419	1
2238293066	1
22386932	1
2238814035	1
223976395	1
2239992254	1
2241308316	1
22414068	1
224166710	1
224221331	1
224240358	1
2242676323	1
224273373	1
2243075472	12
224468572	1
22452356	1
2245611332	1
2246390691	1
2249186018	3
224922234	1
2249339168	1
22504990	1
2251233938	1
2251297360	1
2251673672	1
22522178	1
2252576138	1
2252627300	1
2253477378	1
225381056	3
225476586	1
225499406	1
2255030017	1
225651240	1
225656644	1
2256662406	1
2256809628	1
2257114475	1
22590511	1
2259177605	1
226019699	4
226026638	1
226046274	1
2260954471	5
2260956925	1
2261405917	1
226192116	4
22623542	1
226244121	1
2263033549	1
2263437272	15
2263452746	40
2263457048	1
2263467936	4
2263492682	1
22645255	1
2264634042	1
2267177856	1
2267964218	1
2268205458	1
226828258	4
2269331456	1
22696470	1
2270087731	2
227012629	3
2270416014	1
2270644075	1
22717923	1
2271967489	1
2272207286	5
227307600	1
2273128976	1
22736244	25
2273664823	7
227367090	2
2273778997	1
2273862972	1
2274875012	15
227488178	2
2275658568	54
2276427600	1
227682918	6
22768356	4
22774516	2
22782543	6
2280154123	1
228049372	1
2280923840	1
2280955443	1
22810429	1
228108332	1
2281188906	4
228160907	1
228211937	1
2282347955	1
228272359	1
2282815632	3
22828837	1
2282985871	2
2283469135	3
22836731	1
2283725580	1
2283770768	1
22848976	1
2285182808	1
2285639558	1
228596812	2
2286145784	1
22868996	1
228767911	2
228788108	1
22882552	1
2289163922	1
228942211	1
228977783	18
2290013805	1
2290053787	1
2290157628	3
22905734	2
229141520	1
2291474058	1
229203872	1
2292101702	1
229226539	15
2292281108	1
229289720	1
2292981510	1
2293002474	1
2293004749	1
22930185	1
22936237	1
2293840980	1
2294809898	1
2294968513	19
229505928	1
22954602	1
2295655801	1
2295833726	5
22960783	1
2296242457	1
229667254	1
2297717444	2
2298608738	1
2299216254	3
230030074	1
230058672	1
23006271	16
2302111766	1
2302332660	2
230292140	1
2303262378	1
230333557	2
2304222866	1
2304907856	1
2305466028	3
230560242	26
23058567	1
23059499	72
2306403086	1
2306848236	1
2306868572	2
2307296066	1
2307419720	1
23086855	1
2308867254	2
23090576	1
2309645168	1
2309957907	1
2310394014	1
2310915368	1
2311748282	1
23121787	2
2312348029	1
2312596872	1
2312892463	1
2312910098	1
23131068	1
231334203	1
231354997	1
2314283817	1
2314904653	1
23151004	1
231535046	1
231536389	1
231556657	2
23160812	1
2316426331	1
2316640382	1
2317174229	1
2317245252	1
2317833127	1
2317918990	1
23185104	1
231916274	1
2319225180	1
2319599660	2
2319600132	4
232049684	1
232070957	1
2321048278	1
2321522203	1
2322201321	1
2322252434	1
23224326	1
2322972175	1
2324142967	1
23249152	1
2325191647	3
2325880069	1
2325963542	5
232603676	6
2326370445	1
2326375554	1
232793668	1
23282565	1
232851047	1
2329656589	1
2329967508	1
2330576996	2
2330851365	1
2330922355	2
2333547493	3
233417023	2
2334316700	1
2334343752	2
2334410965	9
2334522390	1
2334614718	11
2335119450	22
2335266150	1
2335651058	1
233603015	1
2336574838	1
2336824080	1
2336835337	1
233719140	43
233798778	1
23389620	1
2339525124	1
2339591153	1
234015722	3
234065046	1
2340751033	1
23409323	2
2341281566	116
2341445778	110
2341446434	2
23420231	2
2342215530	109
2342226478	1
2342591485	6
2342763212	115
2343018775	1
23434774	2
23438678	1
2343869647	1
2343953910	16
23440039	1
234419508	1
2344363668	1
2344420430	10
2344531388	5
2344619544	109
23450320	1
2345522113	1
23469093	1
2347049569	8
234816254	1
2348716116	16
234891884	1
234956680	12
234970070	1
2349707424	1
2349917270	1
2350614757	1
2350728631	4
235103073	1
2351828280	1
235206687	1
2352562980	1
235281198	2
2353552285	1
2353852416	3
2353958539	1
2353975496	8
23539817	3
2354418975	1
2355225980	3
2355258919	5
235648313	4
2356524462	13
2356631918	1
2356922395	1
235696027	1
23587187	1
2359008361	1
2359276710	2
2359918926	1
2360477612	1
2360551621	1
236093569	1
2361133573	7
2361631088	2
236218644	2
2362277231	1
2362527343	2
23626240	1
2362651369	1
236287900	1
2362929943	1
23633168	1
2363914387	10
2364495792	8
2365324728	1
2365373972	3
23656286	1
236621887	1
236675517	1
236710233	1
2368238768	18
2368306657	1
236853270	1
2369259613	2
2370232028	2
2370520826	1
2371766959	3
2371826184	2
2371931365	1
2372162220	1
2372254448	1
2373813025	238
2373819572	2
2374225405	2
2374986309	2
2375246508	1
2375740380	1
237591901	1
2376153702	1
2377129178	1
2377540536	9
237782880	1
2377889882	1
2378009360	2
2378021762	2
2378094846	1
23783609	2
237871265	2
23792255	3
23799829	49
2380550576	1
2381303568	1
238143755	1
23822194	1
2382244682	1
238245495	1
238256168	1
2382996816	1
23831679	1
2383634756	1
2383717754	4
2383944156	1
238411032	4
23853647	1
2385476905	1
2385812455	3
2385851994	4
2385944899	17
2386264987	1
2386361	1
23871787	1
2387980848	2
2388496231	2
23892061	1
2389811291	1
23898700	1
239080208	2
2391736411	1
2392077660	1
2392142848	1
23928626	1
2392884301	1
2393522197	3
2394909266	1
23949603	1
239503825	2
23954327	13
23960081	1
239637900	1
2396697895	1
2396868726	2
239690107	1
2396922733	70
2396926872	1
2396946128	3
2397226940	1
2397383786	1
23974038	1
2397975692	2
2398137084	16
2398339812	1
2398651100	1
239889310	3
2399167872	1
2399264778	1
239927143	1
239988206	4
2400182023	1
2400205158	1
240033834	1
2400601442	1
2400623552	2
2400637748	2
2400653160	2
2400655621	1
2400659725	10
2400669308	2
2400680798	2
2400689389	1
240078196	1
24009518	1
2401307624	1
2401860379	1
2401925442	1
240199983	1
2402296459	1
2402296848	1
2403327234	1
2403686443	1
2403787108	1
240426365	1
240432428	1
24043734	1
2405169193	1
2405341116	2
24061217	1
24065947	4
2407047744	1
240909573	1
2409280952	1
2409554736	1
2410182475	2
241018848	1
24103137	1
2411431322	1
2411715482	1
2411724396	1
2411747682	1
2411760223	1
2411764952	1
241244353	1
2412639362	1
2412860226	1
2413013419	1
2413022749	1
24131342	1
2413186344	1
2414665495	1
2414877108	1
2414978430	1
2415320924	1
241588187	1
2417602993	1
2417993377	1
2418136903	1
241818970	1
241877473	1
2419758338	1
24199132	1
24207094	1
2420758488	1
2420775481	1
242079030	10
2420887820	1
2421030156	2
242153194	1
2421974832	1
2422104482	1
2422185829	1
24229126	1
242322148	3
2423447677	1
242359437	1
242425621	1
242469235	184
242492826	1
2425133287	1
2425210567	1
242615383	1
2426360954	1
242795424	1
2428104500	1
2428169226	1
2428916787	7
2429060390	1
242909945	2
242912563	2
242954869	4
2431107457	1
2431112274	1
2431384808	1
2431675020	1
2431894393	1
243194569	2
2431961048	1
2432028553	1
2432351047	1
2433237991	2
2434065266	1
243461612	1
243550319	1
243552314	1
2435752574	1
2435931235	4
2435966467	1
2436007350	1
243618345	3
243645538	1
2436484735	1
2437337588	1
2437357723	1
2437370604	1
2439000217	4
24396049	1
2439883734	1
24403493	1
2440644747	1
2440894303	44
24421464	1
24422823	1
2442633026	1
2442972955	4
2443052960	1
2443456903	1
2444022224	1
2444432954	1
2445064535	1
2445820094	3
244593448	3
24459544	1
2446101301	6
2446369843	1
2446605680	1
2447547871	1
2447793986	3
2447825592	1
2447847852	1
2447878603	1
2447901655	222
2447928920	167
2447967798	227
2448670674	1
2449427197	1
2450150143	3
2450517181	1
245060966	1
2450910608	1
2451621096	1
245225812	1
2452949028	1
245299744	1
2453586834	1
24537541	1
245475764	1
2456850254	2
245723776	1
2459430642	5
2459844858	1
2460034981	1
2460552805	1
246090718	1
24609836	1
246134345	32
246138191	1
2461556142	9
2462119818	1
2462213766	2
246248928	10
2462628794	1
2463334585	2
246342807	1
2463641448	1
2464284763	2
246506285	1
24660199	1
2466130705	9
2466331808	1
2466392516	1
2466429746	1
2467049833	1
24670697	1
2467914348	2
2467929157	1
2468124151	1
246934481	1
2469622596	1
247134267	1
2471368838	4
2472564500	1
247279442	1
2473021844	1
2473037628	1
2473117776	1
2473885021	1
247391816	1
2475510223	1
2475924769	1
2476952886	1
247744426	1
247901684	1
2480032986	2
2480034380	2
24820841	35
2482157629	1
2482621818	1
2482710715	14
2482721760	4
248341611	2
24836750	1
248467487	1
248756647	1
2487791838	1
2488171399	1
248836670	1
24884999	1
24888324	1
2489558197	1
2490127614	1
24912044	1
249143408	1
2491854278	1
249210112	1
2492117311	1
2492318004	1
2492821771	1
2494330219	2
2495679914	1
2496843342	2
2497045194	5
2498812080	1
24992984	1
2499304536	1
250005520	2
25015916	2
250233843	2
250237360	1
2502970082	1
250340751	3
2504132246	1
2504304596	5
2505075768	1
2506329199	1
2507423850	1
2507760356	1
250776493	3
250802801	1
2508206575	1
2508603037	1
2508720270	1
2511039841	1
2511088742	1
2512758919	1
251277277	1
2513943258	1
2514282521	1
2514489757	1
251458882	1
251467804	1
2515233745	7
25163231	2
2516920201	1
251720914	1
251753393	1
251798248	1
25191678	1
2520719083	11
2520888308	1
2521160826	1
252333437	1
2523375564	212
252370778	1
2524684585	5
2525155513	2
2525579803	2
25258017	1
2525892205	7
2525906341	1
2526809965	1
252729431	1
2527494464	10
252801194	1
2528196054	1
25289082	1
25290145	1
2529099825	1
2529766465	1
2530510038	2
253079875	1
253190786	1
25331628	1
25333353	1
2534761663	1
253483915	1
2534936455	1
253648668	4
2536788791	4
253787823	1
2539030627	1
2539288782	1
2539908208	1
25399535	1
2540665153	6
254136706	1
2541798088	1
2541836847	1
2542036928	1
2542222231	1
254228322	10
254232727	7
2543304654	1
2543428369	1
25449897	1
25458267	1
2546418334	1
2546508666	1
254748598	1
254757305	2
254775607	1
2548034736	1
25482878	1
2548395966	1
2548497230	1
2548536121	1
2548541899	1
2548716175	1
2548871035	1
2548949780	1
2549307464	1
25500598	1
2551184467	1
25514292	1
2552215742	1
2552620560	1
25539652	1
2554107798	170
2555922139	1
2556149110	1
255694316	1
2558410147	1
255879714	136
2559031353	1
2561036511	1
2561384380	1
2561581986	1
2561724956	8
2564014766	12
2564975289	1
2565763686	1
256595810	1
256621738	1
2566748131	4
2567396185	1
2567518027	5
256768970	1
256849102	1
256920043	1
2569229846	4
2570233256	3
25704389	1
2570479190	2
257064504	1
257065074	1
257124020	1
257192885	1
257354839	1
25735574	1
2573631895	1
257385592	1
2574021638	1
257452661	1
2574860244	1
257492276	1
2575101426	3
2575278446	1
2576194494	1
257642282	1
257654076	1
257667137	1
2577142261	1
2577151220	1
2577440540	1
2577536322	1
2578770188	1
2579374674	1
2579477766	40
2579855916	1
258028535	1
2580713054	26
258079573	6
258097592	1
2582385469	1
25827743	5
25829215	1
258374854	1
2584594087	1
258463282	1
2585824092	1
2585826031	1
2587756243	1
2588123407	1
2590325786	1
2590679485	1
2594552383	1
2594930994	1
259503793	1
25959084	1
2596172282	1
2596288916	1
2596729729	1
2597179009	266
259725229	1
25974703	1
259790447	1
2597920868	2
259828039	1
259837145	1
2598520766	3
259856497	2
2598570470	1
25987359	1
259881932	1
25995731	1
260021715	1
260023073	1
2600389056	2
260040795	1
260067255	1
26009167	1
260140483	1
2601408504	1
2601441584	7
2601838376	1
2602190772	1
260230547	2
2603480221	1
2603563022	1
260515872	1
2605430342	1
260559365	2
260613249	1
26067145	1
2606940668	1
26086120	1
260894067	1
2610056470	1
2610865814	1
2611575588	1
261202564	1
26129317	2
2614361611	1
2614832791	1
2614833720	1
26149546	1
2615738922	3
26162072	1
2616657841	1
261749735	1
2617836996	1
2618235181	1
261914704	1
26198243	1
26199963	1
262055891	1
26230766	1
2623605970	2
26261987	1
262763182	7
262805133	2
26283307	1
262840817	1
26288502	1
262921277	1
263027428	1
26310092	1
263197731	2
26331139	1
263322168	1
263360810	1
263374939	1
263588145	11
2637404078	1
263780292	1
263860145	9
263873737	1
26404888	1
26414764	1
264151928	1
264153788	1
26427490	1
2643714854	60
2644709868	1
26447407	1
26452221	1
264624088	1
2646363731	1
2646419491	3
2646506552	1
26468371	5
264719837	1
264834791	1
264879133	1
2649921242	50
265001713	1
26500986	1
265031841	1
265066062	1
26508840	1
2651086028	1
26519657	1
26523456	2
265504231	1
2655415370	1
26574283	1
2657436853	1
2657519410	1
265830237	1
26583295	1
2658932842	1
2659687158	1
266227773	1
2662972867	1
2663642089	1
2663701608	1
2663928435	13
26644466	1
266453149	1
2666696816	2
2667085321	1
266724401	1
2667681682	1
2667731597	1
266780644	1
2668669855	1
2669342527	2
2669495114	1
2669654874	1
2669943158	4
2670078218	1
26705006	2
267149304	6
26714962	1
267395430	1
26748235	1
2676307559	1
2677377912	1
2677452439	1
2678090893	2
2678407442	1
267894360	1
2679252953	1
2679262836	1
2679396874	1
2679796612	1
268006481	4
2682318842	1
268277597	1
2683443233	1
2686062110	1
2686999627	2
2687953034	1
268844094	21
2688470512	13
2689900513	1
2690439629	1
2690573503	1
2690819250	1
26915887	1
2692630290	1
2692801200	8
2693398212	1
269343598	2
2694384794	1
2694624362	3
2694667118	8
2695130088	1
2695762976	1
2695900904	1
2697172464	1
2697982753	1
269870449	1
2700172255	1
2700180698	1
2701535426	1
2701854714	1
27019481	1
27030279	1
27039640	2
2703974397	1
270430076	1
2704360459	1
2704548373	10
2704581690	1
2704722055	1
2704885326	1
270583374	1
270658168	1
27072159	1
2707246902	1
2709733038	1
271002958	1
271044012	1
2710449174	1
2711092040	4
271121416	1
2712935377	5
2715475950	1
2716803696	2
2717297562	6
2717551425	1
2717929029	1
2718047459	1
27185960	2
271981293	1
2720144785	2
2720373876	5
272125054	3
2722167346	1
2722349631	4
2722660553	3
272325899	2
272344579	1
272357654	1
272528885	1
2726943239	1
272713117	1
2727437358	1
2729276751	2
2729784254	1
2730855593	7
2731620821	1
2732425088	3
2732498090	2
2732703079	1
27328911	2
2734575489	1
2736692525	1
2737313056	1
2737365409	1
2737519909	2
2737674672	1
2737932518	1
2738636769	1
2738963387	1
273898300	1
274082878	1
274217373	1
2742682237	1
27433154	1
2743641378	21
2744313368	1
2746030077	1
2747018249	1
2747466927	1
2747588848	1
2747703147	1
2747842755	1
2748093345	1
274833856	1
2748656824	1
2748944294	6
2749335470	125
27497781	1
2749939935	1
2750393735	1
275091187	1
275147760	1
2751750642	1
2752735533	1
2752838548	1
27530923	1
275325888	1
2753470001	45
2753736623	1
2753769126	2
2754345013	2
2754384606	1
2754540798	2
275483015	1
2754948161	1
2755352916	1
275676002	1
2756853801	1
275701047	1
2757042696	5
2758595883	1
2759310935	2
2760160524	1
27605087	1
2761041436	1
2761343002	1
27618790	1
276334529	3
2763848950	1
2764305358	1
2764739508	7
2765588951	1
2765627414	1
276744293	1
2768448924	1
276865604	1
2768876664	1
27701617	1
2771688201	1
2771793543	1
2772010364	1
2772256344	1
27722914	1
277232939	1
277239808	1
2772428497	2
27734496	1
27756202	1
2775901655	1
277593602	2
277618799	1
2776939101	2
2776973567	1
2776980665	1
2776993474	2
2777010028	2
2777126336	1
2778664614	1
2778758769	3
2778761727	2
2778784751	1
2778785075	2
2778785081	2
2778785483	1
2778786677	1
2778809762	1
2778811228	2
2778812500	2
277907777	1
2779276283	1
2779919381	1
277993952	2
2780873904	1
2781050528	2
2781365071	1
27828974	2
2783118875	1
2783233109	1
2783293714	1
27834147	1
278356624	1
2783994442	3
2783995036	4
2784082299	1
2784086369	1
2784240744	423
2784354913	1
2784421887	1
278462596	1
2784835558	1
2785111906	1
2785328266	7
2785945148	1
2786020011	1
2786159164	1
2786480174	1
2786803385	1
2786884394	1
2787048476	1
2787938268	1
2788047050	3
2788246704	2
2788588083	1
2788877270	1
2789038902	1
2789427755	1
2789808318	1
2790363503	1
2790369209	2
2790390946	2
2790392596	1
2790393664	1
2790408925	1
2790545412	1
2790954237	1
2791449453	1
27914530	3
2792041422	3
2792108069	1
2792164738	2
27922928	1
2792802479	13
2793918427	1
2794493565	1
2794771616	1
2794804156	1
2795789015	16
2796025001	1
2796373635	1
2796906977	1
2796909288	1
2796938558	132
2797226778	1
27975408	1
2797977023	1
27980718	2
2798645744	1
2798649914	1
27990259	4
27993631	1
2799535174	2
2799547293	2
2799831586	1
2799908841	58
2799940980	5
2801065215	1
2801218231	1
2801334731	333
2801986336	1
280233449	1
2803455392	1
2803822165	1
280385318	1
2804870168	20
280571157	1
28073763	1
2808592141	1
2808956630	2
28092321	1
28093810	1
2809498821	1
2809535957	1
2810017692	242
2811165967	1
2812158797	1
281270317	1
2813295237	1
2813321537	3
2813345704	2
2813346430	1
2813347654	1
2813657052	1
2813754506	1
281387863	1
28139873	2
28140646	5
2814556046	2
2814668126	2
2815034223	1
281520370	1
2815420262	1
2815968117	1
281610530	1
2816170303	2
28164923	1
28167086	2
281689466	1
28172188	1
28172926	1
281741252	1
281763585	1
2817966517	1
2817976161	1
2818012008	9
2818198537	3
2818243225	3
2818512960	1
2818985232	1
2819036114	1
2819049914	1
28191270	1
2819256792	2
2819345568	3
2820450228	2
2820517135	2
2820521167	2
282089767	1
282110907	1
2821217758	1
282195067	1
28221389	1
2822938479	1
2823147779	4
2823188604	2
2823212972	1
2823763911	1
2824413743	1
28247742	1
2825270328	58
28255416	1
2825720822	5
2825810342	443
2826358751	1
2826416593	4
2826935161	1
2827442674	17
2828456851	4
2829110161	1
2829667655	1
2830003524	1
283006648	1
283006957	1
2830072939	2
283015611	1
2830209289	1
2830318542	3
2830484683	1
2830648423	1
2831724764	1
28317385	1
2832389414	1
283241032	1
2832981087	1
28340329	1
2834562238	1
2835088744	1
2835569081	5
2837606474	1
2837841	5
28390951	1
2839499103	1
283969398	1
2839975129	1
2840032449	1
28402887	1
2840319232	1
2841194833	1
284174585	1
28420503	1
2842243485	1
284235749	1
284241195	1
284244908	1
28425090	1
28441539	1
2846116745	1
28463976	1
284694458	1
2847020799	10
2848072954	1
2848191845	1
2848277432	1
2848822577	1
2849030764	1
2849303171	1
2849303743	1
284961454	1
2849641417	2
2849645240	2
2849670044	2
2849733066	1
2850149964	1
2850356549	1
28507114	1
2852290302	1
28524489	1
285323487	1
285328829	1
2853560426	1
2853642262	1
2853697065	2
2853896058	1
2855221033	1
2855225480	1
28552516	1
28557210	1
285594128	3
2856317737	1
28563472	1
2857103458	1
285738285	1
2857426909	3
2857623385	1
28580721	1
2858155822	4
2858171394	4
285880539	1
2859400425	1
28598762	1
28600400	1
2860263182	1
28604441	1
28607152	1
286074326	1
2860806191	1
2861342881	1
2861509837	1
28618520	1
2863079524	1
2863338475	4
2863515280	1
286398833	2
2864193298	3
2864267228	4
286427074	3
2864841	2
2866133071	1
2866143467	1
2866318364	1
2866560790	1
2866714180	1
2867186502	1
2867531362	1
286774989	2
2867896161	1
2868205074	3
2869797959	1
2869897174	1
2870621282	1
2871263249	1
2871374072	1
2871573916	1
28726939	1
2872791845	1
287287318	1
2873540239	1
287441095	2
2874615120	1
2874965387	1
2875029922	1
2875356517	1
2875589745	1
2875645263	1
2875778984	1
2875807383	3
2875909930	3
2876011897	1
2876876863	1
28769199	6
2877383385	1
2877539236	1
2878057769	1
2878464545	3
2878465445	1
287873495	1
287879956	1
2878852441	1
2879022646	1
287910843	1
287931482	1
287966215	2
2879696643	1
2880080790	1
2880143019	6
2880175250	1
28803148	9
28806690	2
28808824	1
2881085115	2
2881138366	1
2881139788	2
2881595931	119
2881702114	1
2882124578	1
2882296660	1
288236378	5
2882487301	1
288286101	1
288332713	1
28838306	2
2883907999	2
2885298328	1
2885411591	1
28858121	1
2888583159	22
2888729354	19
2888882327	9
2889319793	1
2889400523	5
288999742	1
2890121678	1
2890828923	1
2890855413	1
2890855647	2
2890916560	1
2890916938	3
28909251	1
289104912	3
2891234702	4
2891375054	5
2891432198	1
28918980	117
2892124390	1
2892447758	1
2892626499	1
2892739733	1
2893032161	1
2893115784	13
2894527147	1
2894637808	1
2894647757	1
2894786116	1
28948757	2
2895101452	1
2895180417	1
2895321765	1
2895363221	1
289548924	1
289556231	1
2895978157	6
2896552577	1
2896686750	1
2897498647	3
28979383	1
2899761846	1
289983566	1
28999113	1
290020929	1
2900246939	1
2900337700	2
2900363608	1
290074489	1
2901071204	1
29012171	1
2901688068	1
29017307	2
2901978448	1
2902424509	4
2902774861	1
2902804706	1
2903021728	1
2903110151	2
290356297	1
2903730731	1
2903732417	3
2903761786	1
2903846321	1
2904292852	2
2904324205	1
2904641538	1
2905570895	1
290592831	1
290592853	1
2906388592	2
2907456721	1
29074693	1
2908358644	1
2908494810	6
2908551864	1
2909176641	2
2909445154	1
2911086755	1
2912125939	1
291268891	2
2912967347	1
2913023527	1
2913792015	1
2913988242	1
2914480824	2
2915391	3
291546336	1
2916901280	1
2917211798	1
2917262590	1
291738224	2
2917797668	1
2917972925	2
29181480	2
29192663	1
2919443312	1
2920257085	2
2920258887	2
2920448947	1
29209753	1
2920988927	1
2921337141	2
2921337225	1
2921368997	1
2921403496	2
2921811167	1
2922609218	1
292286168	2
2923104005	1
2923161125	1
29231725	1
2923205548	2
2923500113	1
2924234608	1
2924442355	1
2924841969	1
2924850350	2
2925733264	1
2928995946	13
29290940	1
29300726	1
2930426159	1
29304732	1
2930702608	1
293123468	2
2931312159	1
2931656797	2
2931839077	1
2932226030	1
2932483942	1
2932590867	1
2932907558	1
2933043536	1
2933381055	1
2933447393	1
29341123	1
293424177	1
2934841552	1
293550313	1
2935539577	1
2935642492	1
2936223325	2
2936372021	1
29364692	1
29378272	1
29379934	1
2938586969	1
294099751	1
294117344	3
294176860	9
2942221865	1
2942356560	1
294238599	1
2942675535	1
2944977364	1
2945111705	1
2946088539	2
2946527257	1
2946675466	1
294779948	1
2947838270	2
2948939596	1
294909683	2
2949204993	1
29501977	2
2950525649	1
2950905753	1
2951489139	1
29527639	1
2952994833	1
295378743	1
295417164	2
2954173453	1
2954905915	2
2955665246	2
2956096507	1
2957541854	1
2957900122	1
2958663010	1
2959516385	1
2959654959	1
2959953213	1
2960231085	1
296070902	1
2961437163	1
2961565574	2
2961932931	1
2961995470	1
2961995764	1
2962001680	1
2962002490	1
2962002538	2
29623057	1
2962634187	1
2962676963	14
296344078	1
2963643124	1
2963927937	1
2964287876	3
2964779513	1
2964825093	1
296504381	1
29655018	1
2965713622	1
2965713688	1
2966126181	1
2966251421	1
2966334616	2
2966336068	1
2966420161	1
2966532928	1
296683923	1
2966871064	1
2968210600	1
2968256134	3
2968774931	1
2968815778	2
296924721	1
2969365909	1
297020728	1
297073869	1
2970829894	1
2972029678	2
2972089007	1
2972708349	1
297327503	1
29748372	3
2976286540	1
29768099	1
2977074605	1
29771284	1
297799143	1
297817296	1
2979800649	1
2980106770	1
29807233	1
2981038229	1
2981182130	1
298146735	1
2982013384	7
2982120538	1
2982753611	1
2983092681	2
2983182948	1
2984516985	1
2985075456	1
2985147995	2
29854129	1
2985986987	1
2987008626	1
298740643	1
2987464929	1
2987537122	4
2987611813	1
2988319425	1
298870134	1
2988838710	2
2988958213	2
298913220	1
2989209665	1
2990011953	4
2990132825	1
2990398171	1
2990581845	1
2990706009	2
2990791373	2
2991045508	1
299126098	1
2991665893	1
299169915	1
2991811304	1
2992068901	1
2992745492	1
2993169672	2
2993840223	1
2993865607	1
2993933638	1
299413616	25
2994383308	1
2994703007	1
2994758380	1
299494252	1
2996215967	29
2996411286	1
2996448888	1
299654345	1
2997013028	10
299719194	1
2997341832	1
2997813266	1
2998130605	2
2998159793	1
299891017	23
299943599	16
2999596983	1
2999632161	1
2999658401	5
2999680401	1
2999689781	3
2999752275	43
2999804950	8
3000093281	1
3000667992	1
3001066492	1
3001224159	1
30012714	8
3001519846	2
3001793089	1
3002425607	1
3003301311	2
3003333773	2
3003956215	1
3004033155	1
30043148	1
30047883	1
3005559517	352
3007717426	1
3007759991	1
300803547	1
3009169449	1
3009315884	1
3009737592	1
301073375	1
3011436775	1
3012187388	1
3012340439	1
3012904330	1
3013611869	1
3013702747	4
30139070	1
30149549	1
3015239855	1
3015273485	1
3015860842	2
3015949003	1
3016367800	1
3016425532	1
3016441887	2
3016461016	15
3016858651	7
30172459	1
3017626887	1
3017654325	140
301766334	1
3018038076	1
301828099	1
3018513503	1
3018582674	4
3018821163	1
3018836009	8
301886330	2
3019218960	1
3019236176	1
3019343434	1
3019411992	1
3019434960	1
3019532173	1
301954928	1
3019709081	1
3019773642	2
3019790520	1
3020225603	1
3020365347	1
30207256	1
30208288	1
3021630311	1
3021886152	1
3022343638	1
3022533471	1
3022605750	1
3022631144	1
3022647376	1
3022668393	3
3022827193	1
302391356	1
3024207885	1
302427757	2
3024350688	1
3024705938	1
3025388277	1
3025587754	1
3025944749	1
3026051717	1
3026074612	1
3026427197	1
3026464607	1
3026673164	1
3026913021	1
3026920238	1
3026933991	1
3028353932	1
3028373332	1
30290778	2
3029090631	1
3029227982	1
3029326019	1
302988287	1
3029920486	2
3031735640	1
3031952784	1
3032050417	1
30320605	1
3032133872	1
3032800960	1
3033262775	2
3033399095	1
3034103357	1
3035288282	1
3035328349	1
3035951984	1
303696464	1
3037061194	2
3037222492	3
3037641536	1
3038256952	2
3038711892	1
3039351170	1
3039395211	37
3039919975	1
30401188	1
3040251549	1
3040832363	2
3041006426	1
3041358687	1
3041800178	1
3041932195	1
30422978	2
3042813910	2
304304565	1
3043099492	1
3043333253	1
3043495127	2
3044133262	1
3044159284	320
3044194316	1
3044198697	1
3044281735	1
3044490672	1
3044644607	1
3045033325	1
304644240	1
3046572604	1
3046791594	2
3047162282	1
3047299908	1
30477563	1
3047757007	1
3048688810	2
3048877642	1
3049639986	1
3049700027	1
3049755106	1
3050179983	1
3050498972	1
305186687	1
305224217	1
3052474975	1
305262076	1
3052942102	1
3053233471	1
3053398328	1
3053577856	1
3053673462	1
3053777534	1
3054180954	1
3054237409	1
305518813	21
3055399460	1
305556134	1
3055721528	1
305580442	1
3055939285	1
3056133125	1
305654438	1
3056656498	3
3057442217	1
305795152	1
3058714313	1
305877754	1
3058970304	1
3059654592	2
3059698433	1
3059703112	2
3060638122	1
3060980592	2
306193299	1
3062071730	3
3062926500	4
306293682	1
3062949434	1
30634149	1
306352406	1
3063568704	1
3063747169	1
3063843713	1
3063869663	6
3063880571	1
3064308401	2
3064317746	1
3064388656	10
3064869676	1
3065074336	4
3065170585	1
3065504426	1
3065551236	4
3065962036	1
3065985377	1
3066071951	3
3066198028	1
3066321086	1
3066322006	1
3066380613	1
3066885221	1
3067358270	1
3067750574	1
306801151	1
3068704222	1
3069051065	1
3069222590	1
3070702344	1
3071058501	1
3071287774	2
3071881336	1
3072307395	1
307268752	1
3073241957	4
30739896	1
3074528609	1
3074865280	1
3075212357	4
3078012185	1
3078352834	1
3078552029	1
3079050417	2
3079478038	1
307986396	1
3080878647	1
3081588802	1
3082024021	1
3082216233	1
3083269819	11
3084800422	2
3084920019	1
3085278459	1
3085423985	1
3085548212	1
308574348	1
308611724	1
3086138948	6
3087577448	1
3087680928	1
3088025604	9
3088640603	1
3089742517	1
30902686	1
3090615130	1
3091307657	1
309132596	1
3091880403	83
3091884801	81
3092351545	4
30927389	1
3094300440	1
30955321	1
3096093891	1
309652045	2
3098030766	1
3098353628	1
3099171197	1
3099247336	1
3099979471	2
3100104021	1
31001654	11
3100250551	5
3101457266	1
3101996487	4
3102089024	1
3102288957	1
310312316	1
310351303	2
3103803095	1
310418698	2
3104375367	1
3105275778	1
31064165	5
310643025	2
3107228051	1
3108351	13
31099936	1
311119739	1
31113269	1
311329373	1
311480750	1
311488336	1
311535208	1
312093651	1
31210634	1
312171443	2
312551423	1
312765727	1
312967248	1
313045934	1
313091701	1
31345261	1
313525664	1
313732949	1
313809387	1
314005753	4
314295655	1
314385813	1
314411435	1
31446691	1
314468797	1
314480274	1
31464331	1
31473466	1
314995372	1
315520146	2
315572577	2
315671241	2
315977587	1
316006002	1
316316085	1
316319018	19
316326972	1
3168031	1
3168141	1
316918068	1
317985920	1
31820187	1
318245053	1
318393064	1
318516836	1
318630104	1
31892617	2
31921605	1
319727721	2
32017619	1
32023084	1
321039165	1
321137921	1
321661256	1
32174824	1
32190246	1
321974363	1
322054650	1
322109001	1
322171564	1
322172147	2
32227044	1
32248259	1
322711605	1
322721630	1
322827408	2
32283453	1
32290293	1
322910032	1
322963627	1
323089008	1
323370744	1
323466906	1
32362720	1
323638636	1
323808915	2
32389968	4
323991085	1
324026390	7
324043252	1
324095750	1
324459246	1
324489515	1
32463136	2
325087123	6
325212134	1
32527206	1
325460307	1
32555799	2
325723215	1
325897055	1
326244641	1
326339180	1
326404886	1
326417723	1
326629646	2
326747134	2
32697635	1
327148143	1
327410782	1
327450028	1
327484803	2
327659422	1
32778531	1
32879813	1
32887194	1
32922549	1
329285632	1
329521258	1
32969914	2
329838136	5
329889198	2
329918308	1
330502872	1
33079407	2
330882635	1
331040518	1
331058822	1
331079164	1
331180126	2
3312671	1
331581433	1
331602767	1
331677065	4
33172049	1
331794636	1
332077100	1
33231545	1
332677045	1
33268930	1
33275038	2
33286321	1
33328619	17
333501996	1
333934038	1
33399647	1
33408516	2
33410752	1
33429714	1
334456257	1
33447166	1
33453611	1
33458896	1
33498479	1
335063347	2
33509478	1
33509490	1
33539659	1
335728670	1
335856525	1
33621469	1
336675442	1
336747804	1
337347467	1
33747430	2
33766522	1
337734671	1
337761893	1
337904992	1
33824716	1
33858748	1
338923441	1
339069406	1
33927725	1
33980532	1
340037225	2
340091454	1
340152510	1
34039065	1
34045488	1
340552372	1
340620842	1
34076530	1
341124802	1
34115471	1
34130405	1
34156299	1
34166266	1
34185439	1
342081130	1
34213670	1
342556578	1
34272483	1
343400619	1
343649433	5
34372069	2
343754772	2
34382777	2
34461542	1
34484814	1
345187414	1
34521445	1
345217288	1
34555415	1
34603013	1
346144728	3
347647739	1
348193096	1
34852731	1
348537687	1
348642818	13
348813275	1
34889285	2
34911469	1
349220769	1
349249475	1
349274025	1
349574943	1
349751080	1
349993930	1
35005041	1
350606367	4
35098577	1
35122094	1
35128651	2
35161905	1
351659729	1
35195120	1
35203319	1
352595592	1
35266549	1
35271687	1
35306920	1
353088489	1
353166551	1
35411199	6
354147839	1
35420682	5
355259220	1
355271539	1
355727441	1
35583244	1
356254039	1
356887129	1
357086747	1
35743374	1
35789155	1
357936859	1
35830615	1
35842814	2
35867252	1
35935843	1
35963971	1
360331710	1
360435937	1
360643785	1
360737813	1
360815424	1
360884605	1
36089392	1
36102165	6
361128999	1
361196291	1
361255638	1
361259643	2
36148700	1
361647356	2
362694376	1
36283043	1
363120683	1
363199891	1
36356438	1
364280480	2
36442614	3
364514620	3
36455823	1
364752979	1
364857348	1
36497342	1
365213367	1
36574343	1
365743542	1
36619363	1
366271399	1
36628932	1
36668942	1
366710055	1
367337523	2
36761914	2
367842499	1
368055938	1
368395972	1
36851121	1
368738425	1
368768129	3
36887727	3
368972695	1
36897335	1
368981875	1
368988176	1
368997919	1
369470007	1
369553510	1
369993082	1
37011010	1
370238655	1
37028466	1
3702901	1
37040459	3
370662547	1
370881838	1
37092528	1
37096070	1
37102864	1
37139784	1
371398125	1
371539341	1
372020500	1
37216443	1
37238868	1
372464571	1
372866179	1
373072438	1
373192860	1
373457750	3
373638396	1
373650769	1
373888362	1
374047963	1
374191243	2
374211443	1
374270858	1
37433526	1
374395761	2
374399109	1
374510641	1
37453791	1
374538632	2
37469211	13
374784784	1
374845889	1
37486190	1
37496932	1
37537286	4
375749811	1
375780255	1
375980238	4
37623930	1
37627568	1
376296935	1
376367767	2
376416022	2
376499998	1
376753833	1
37697903	1
37716108	2
37717439	1
37718217	5
37732815	1
377371132	1
37766063	1
37766579	1
377671948	1
37769368	1
377904401	2
37799081	2
378203020	1
378208943	3
378215053	1
378292328	1
378715806	2
37907210	1
37941633	4
37965042	2
379821773	1
37982404	16
380011602	1
380046442	1
38009327	1
38019774	1
38053161	1
38068626	1
381180084	1
381186485	2
381194635	1
381207187	1
381207498	1
381212639	1
381224685	1
38123880	1
381696140	5
38180588	1
381872892	2
381946958	1
38204207	1
382301115	3
382466278	1
383077253	1
383568514	1
38365159	1
383927121	7
383951841	3
38446815	1
38448277	9
384520820	1
38469445	1
38469666	1
384717221	1
38484408	1
385015938	5
38502647	11
385113243	1
385147351	1
385159394	1
385159492	2
385245375	19
385249901	11
385338646	2
385392579	1
385424999	3
38549586	1
385543699	1
385779209	3
38601486	1
386169875	1
38625929	2
386668440	1
386787305	37
386808013	1
38693910	1
38782103	1
388030023	1
38837865	1
38848419	1
388511114	1
388521433	1
388532586	1
388539564	2
388742285	1
388933078	1
389060072	2
389101851	1
389393487	1
389490083	1
38950009	1
39021649	1
390258597	1
390381898	14
390399332	6
390403535	1
39050395	1
390655734	1
390864712	1
39099783	2
391053025	1
39120233	1
391367157	1
391464226	1
391815569	1
391831796	1
39219356	1
392511496	1
392678967	1
39273424	1
392878042	1
39310714	2
393125588	9
39371002	1
393797909	10
393910585	4
394063917	1
394385786	1
39439392	16
395295796	1
395335393	1
395418726	1
39546678	63
39572320	10
396187152	1
39646763	1
396695709	1
396834863	1
396977069	3
39707999	1
397230151	6
397319009	1
397483582	1
39769891	1
397976264	2
398075067	1
398235109	1
398384242	1
398618873	1
398632220	1
398878112	12
399524259	1
399665589	1
39979990	2
40012474	1
40045763	1
400689248	1
400784846	1
400964348	1
401137819	1
401424381	1
40149174	2
401570359	1
40187858	1
402154483	31
402353316	6
402489347	1
40260310	1
40279709	1
402876893	1
402892143	1
4029531	6
403076729	1
403156662	1
403411420	4
403682984	3
403829374	1
403855355	1
4044361	1
404853456	1
404913752	1
40523026	1
405502686	1
405820375	1
40632926	1
406519985	1
407279675	1
407308739	2
407343524	1
40746485	1
40769584	1
40793307	1
408002340	1
40811479	2
408136428	2
40814695	1
40838676	1
408664755	1
408677509	26
40869877	1
40877721	2
409340006	1
410699580	1
41093053	2
411259340	1
41139889	1
41140413	1
411673222	1
411740391	1
411786151	3
411888307	1
41205522	1
41207154	1
4120961	15
41215235	1
412560746	1
412565100	1
412579325	1
412611622	2
412643294	1
41281327	1
413578650	1
41368680	1
41370626	1
41383510	1
414011948	1
414189286	1
414250897	2
414527508	1
414600500	24
414968298	1
415038804	4
415266044	3
41537564	9
41542026	1
415794343	1
41584456	1
415846767	1
41641856	1
41656804	1
416810728	1
417486828	1
41753918	6
417632113	2
418036639	1
418299880	2
418509252	1
41855699	1
418605082	1
418791707	1
419215571	1
420255836	1
420363	1
420649483	1
42091991	1
421129757	1
421284724	1
421417889	1
421725730	1
421938080	1
422134443	1
42243742	1
422781591	2
423667877	2
423888869	1
423985204	3
42440768	2
424481268	2
424968528	1
42529037	1
42550002	1
42585398	1
42589787	1
425935315	1
425942351	1
425976792	1
42614141	1
426441965	6
42666120	1
426763494	1
42684729	2
426917520	1
42712662	1
42723399	1
42725415	1
42751544	1
427997117	1
42799888	2
428169478	1
428207041	1
42841240	1
428730261	1
428971031	2
429065890	1
42996079	1
430012807	1
43020892	1
430325421	1
43053925	1
43057756	1
430738001	1
430841130	9
430949694	2
431604337	1
43222757	1
433158220	1
43348407	1
433543251	2
433579861	1
433664446	2
433881517	1
43395327	1
43423144	5
434408534	1
434649810	1
43509869	1
43566423	1
43600002	1
436120655	1
436375148	1
436707351	1
436946117	1
437085205	1
437407245	23
437603468	1
43882881	1
439016986	1
43911998	1
439365811	1
439825740	1
43997853	1
44020159	1
440228392	2
44060322	65
440805535	1
440850809	4
440954441	1
441130438	1
44124221	1
44135635	1
441492968	1
441642720	1
442067302	1
44227593	2
44418666	2
4443501	6
444372068	2
445014026	1
44503856	1
445310730	1
44584314	3
446079127	1
446674553	2
44695601	4
44773468	1
44782357	4
447983357	3
448461258	1
448689268	1
44889746	1
449066717	1
44960528	1
450067470	1
4502171	1
450223825	1
45040686	1
450610574	13
450761751	5
45145483	1
45174107	1
452200413	2
452397095	1
452431635	1
45253155	1
45272202	4
45276270	1
453171962	3
453558944	1
45369946	1
454107571	1
454267288	1
455017947	2
455366870	1
45547886	1
45560271	2
455673828	4
455683675	1
455824771	1
455956652	1
456140834	8
456741823	1
456887147	1
45745017	2
457984467	1
45808079	1
45862383	1
458672048	1
45867904	6
459708890	1
45997766	1
46046512	3
46103095	1
461064975	1
46165612	1
461777869	2
462274812	1
46227914	1
462636604	1
463281968	1
4642951	1
46475276	1
46498124	1
465420303	1
46542967	1
465708045	1
46587924	1
465897557	1
46608985	1
466333756	1
466483330	1
466514146	1
46666492	2
466745919	1
46677502	1
466821972	1
467685112	1
467844832	1
468117545	1
468523252	1
468666370	1
468703129	1
468758663	11
468796650	1
469022539	1
469291265	1
470196395	1
47021683	2
470326536	2
470373325	1
47047946	1
470506640	6
470618137	1
471121755	8
471818006	2
47247213	1
472600930	1
473013080	2
473341106	1
473451684	1
473540549	2
473759777	1
474097315	1
474124762	1
474304890	2
474924459	1
47516829	1
475524030	3
476012019	1
47618407	1
47635585	1
476588950	2
47664908	1
476662287	2
47671682	2
47678782	1
47685869	1
47702338	3
47726356	1
47791203	1
478050993	2
478908867	1
478953460	1
47902515	1
47973	1
47993676	3
480002469	1
480071600	1
480763269	14
480850910	1
481348832	1
481352356	1
481695746	2
482524635	1
48254006	1
48301653	1
483350000	1
483360837	1
483388509	1
48385478	1
483989298	1
48431093	1
484380777	2
484408012	1
48500855	1
485033511	1
485451918	3
485613466	1
48564052	2
485844722	1
486044589	1
486056843	2
486106100	1
486112997	2
486121867	1
486468358	1
486494732	1
486503046	1
48654466	1
48663164	1
486840302	1
486968060	1
487075376	1
487089617	1
48734921	3
48753654	1
487651091	1
48766737	1
487818318	3
48807123	1
488545109	1
489022370	2
48957795	1
49025419	1
490808118	3
490914337	1
49099638	1
49111246	4
491125381	1
49146355	1
491511810	1
49174849	1
492300217	1
492334714	4
492447729	1
49247581	1
49255986	2
493146067	1
49321890	7
49330382	1
493423721	1
493704766	1
49384122	1
494060325	1
49420040	1
49427174	1
49443940	1
49492059	1
49533260	2
49542761	1
495780682	1
496549415	1
49663205	1
497596166	1
49765404	1
49770785	1
49781768	2
498631199	2
498653723	1
49891240	1
498922117	1
498926643	1
49905937	1
49921442	1
499245904	1
50011708	1
500148323	1
50022021	1
50078858	6
500880711	1
50182230	1
50228468	3
502837856	85
50373433	1
50434856	1
50675746	2
50700978	1
50739457	1
50788866	1
507972021	1
50800056	1
508028610	1
50807638	1
508180490	1
508993989	1
509160396	2
50917206	1
50924551	1
509309488	1
50981303	1
51030356	1
51035930	1
51063436	1
510812041	1
51109281	1
51160074	1
511751613	1
51179508	1
51188200	1
511970896	2
51294756	1
51378819	1
514806103	1
515007497	1
515426717	1
51543886	1
515687706	2
515722717	2
515780586	3
516096222	1
516584199	3
51760225	1
517688173	1
51872740	1
518921096	1
51909225	2
519615434	1
520104860	2
520146336	1
520390426	1
520713620	1
52094698	1
52126417	1
52130223	3
52144546	2
521889857	1
521942106	1
521970859	1
52247328	1
52263	1
52305669	1
523462279	1
524761286	2
525008566	1
52560647	1
525839377	1
526369595	1
52712123	1
52746656	1
527685824	1
527943238	1
52811891	1
528431753	1
528486217	1
528770977	2
52891634	9
529012701	1
529167074	6
529700870	1
53024968	1
530862118	1
531321149	1
53215424	9
53215729	3
53315237	1
53334143	1
533396445	1
533972176	2
533973545	1
53447766	1
53448406	1
534934690	1
53559655	1
53563332	1
53567779	2
535833210	1
535913183	3
535977623	1
536385994	1
536574741	1
537018713	2
537051884	1
537924542	1
5379862	1
53805301	1
53834047	1
539178100	1
539234779	1
539426021	1
53987594	1
540108610	1
540226188	1
540346883	1
54038912	1
540683244	1
540865767	1
541596445	1
54184734	1
54191679	1
542721693	1
54325904	1
544354062	1
544698147	1
54481103	2
54535496	1
54542691	1
545479587	1
545618159	7
545801629	1
54594436	6
546370234	1
54669222	1
54675700	1
54711914	1
54785677	1
547977548	1
548476299	3
54856859	1
548737728	1
54879118	5
548791763	3
549273923	1
54931385	18
549657836	1
54993362	1
550066003	1
550416474	1
550687458	2
551303014	2
551639821	1
551716055	1
551738180	1
553000443	1
554284609	1
55510260	1
555117501	1
555342588	1
55561590	24
5558552	1
555918043	1
556600077	1
55668231	5
557042952	1
55801465	1
5580862	2
55849124	1
558793567	10
55896064	1
559118898	5
560294989	5
560425670	1
560936607	1
561052942	1
561383592	1
561742581	18
56268181	1
562982487	1
562995991	2
5632272	1
563618691	1
563691118	2
56386527	1
564112261	1
56413858	1
56423486	1
564265870	1
564678676	1
565059874	2
565437008	1
56567090	1
565953228	1
56606564	1
56640837	1
566576685	6
566805186	1
567220738	10
567452784	53
56748262	1
567725081	1
56789832	1
568633159	8
56867950	1
56946066	1
570102517	1
570119522	1
570154956	7
570325652	1
57068463	1
570789542	2
570789962	1
57085159	1
57166340	1
571811241	1
572077039	1
572957156	1
572961420	2
57303648	1
574165421	1
57433307	1
574964713	1
575127562	1
575576964	35
57564538	1
575887522	1
575920875	1
576527485	1
576533446	3
57661784	1
576801455	1
5768622	1
576976168	1
57715740	1
57718963	1
577249207	1
577492343	1
57749952	2
5776022	1
577647786	1
578265505	1
578284084	2
578383794	9
57849762	4
57882881	1
578997016	1
57936659	1
579379735	1
579962917	2
58012746	1
580410198	1
5805962	2
58097205	1
581221150	1
581917584	1
58212435	1
582689833	8
58290199	3
583147648	1
583626789	1
58409901	1
5848722	1
5852592	1
58593888	1
585956834	1
58619100	1
586650775	1
586911476	1
587563290	19
58785431	2
588306025	1
58834486	2
588460632	3
589194148	1
589254918	1
589286587	2
589404124	1
589464429	1
590443616	2
590633717	1
591181065	1
591314252	1
59335664	1
593620197	1
59393368	2
594069992	2
594105875	1
594149825	1
5943622	1
594439114	1
594755496	1
59485000	1
594887216	1
5954282	1
595819399	1
596348504	1
596450900	1
596817194	1
596872866	2
59696106	1
597905589	1
59797617	1
599491231	1
600505692	1
60060256	1
600754575	1
6011782	1
601305639	1
60150406	1
602288530	6
602449513	5
602813536	1
603450857	1
60350585	2
603512756	1
603660185	2
604160529	3
60471268	1
606340754	1
606615769	1
607299151	1
607332685	2
60763047	1
60823212	1
60837978	1
60857134	1
609252021	1
60927389	1
609304305	1
609373057	1
60946971	1
6096882	1
60979251	1
610198266	1
610250722	1
611798627	1
61209045	2
61256365	1
612771437	1
61292961	1
6131012	1
61342056	1
613515240	6
613698737	1
61422913	1
614245375	1
6145712	1
61515749	1
615327247	1
615965380	2
616282125	1
61661638	18
6172452	1
617434038	1
61778026	1
61900925	1
619026070	1
6193182	1
61963008	1
62003514	2
620809736	1
621053575	1
621254093	1
62135215	1
62155958	1
622158049	1
62309372	1
623440333	1
62359786	1
624122677	1
624413	1
62480229	1
624832648	1
624920658	1
624927669	2
624935877	3
62566252	2
62597423	1
625993288	1
626840066	1
627345713	1
62786647	1
628433	1
6287342	1
62886110	2
63011977	1
63014149	1
630428077	1
63061242	1
63065364	1
630928277	1
630960217	1
631396062	1
63163176	1
632064409	1
632104194	2
632296843	3
633342521	1
633580141	1
633693097	1
63389898	1
634035634	1
634202435	1
634328034	1
634735245	6
634855013	1
635580208	2
635690732	1
636545451	4
63690736	1
63838137	1
63958748	1
63989012	1
64009959	1
64107706	1
64109894	6
64188310	1
64341848	1
64365664	1
64470233	1
64474915	1
64730375	1
64750978	1
65135674	1
65165233	1
65208304	1
65248590	1
65617648	1
65681636	8
6585222	1
65925766	1
65959761	23
6611482	1
66172538	2
66227111	1
66390205	1
6641292	1
66520843	1
66547913	1
66620008	1
6664	1
66695966	1
66735292	1
66785414	1
66861826	1
66913156	1
67037936	1
67066114	1
67272363	1
67416649	1
67683728	2
67899097	1
67941296	1
67963658	1
67988298	1
68137058	1
68144782	1
68405416	1
68559732	8
6862722	3
6865392	2
6874252	1
69053130	1
69107391	1
69299347	1
69421704	1
69476342	1
69627447	195
6968182	7
69682411	1
69903898	1
69984210	1
70004331	1
700217426	3
70025109	1
700574877	1
700975728	1
701274117	1
701411095	3
701464597	2
70174720	1
702585281	1
703285112	2
70349441	1
703627689	2
704258202	1
70438825	1
704897486	191
70498392	1
705540042	1
705746750	1
706568696	1
706728812	1
70696337	1
70725642	1
70778344	1
70910156	1
709189104	2
709571125	1
710045814	1
710868008	1
711024151	1
7120822	2
712196882	1
71278394	1
713218818	2
71332782	1
71388440	1
71470092	1
715238213	1
7155092	1
71680880	1
71692260	1
717791498	1
7184612	1
71885806	4
719088608	1
71962193	1
719920424	1
72105856	1
72258382	2
72261425	1
72300050	1
72437611	1
725577499	1
72621480	1
72697426	1
7271572	1
72727547	1
72798486	1
72867730	1
728700470	3
72928001	8
72987385	1
729908984	1
731710176	2
73194395	3
732076741	1
732429464	4
732759260	1
73286418	1
733009146	86
733061653	1
733086954	1
733533786	2
733661322	1
734021762	1
73545832	2
735536305	1
735643934	1
7385622	2
74035797	1
74104397	1
741147679	2
741803	1
741814320	1
74182918	1
742184443	1
74271850	1
743163510	1
74378738	1
743840377	1
745132850	1
74654564	1
747994214	1
74905565	1
749059344	1
7497882	1
7506892	1
751180962	1
7517052	12
75206067	1
752836645	1
754334988	1
75789090	1
75809097	1
758239266	3
758493	1
76081640	1
760869378	1
76132385	1
76190675	1
762326510	1
762398000	1
762440340	1
762917023	4
763339184	1
763533278	1
76357201	1
763641144	1
763659474	1
763661827	1
763662570	1
763666430	1
76369001	2
763695816	1
763697593	1
763705386	1
76414556	1
764567449	1
76529396	3
76554388	2
766003172	2
76606729	1
76625025	1
7670732	1
76710355	1
76757961	1
767658752	4
76921999	7
770454349	1
770550	2
770904320	1
771629515	11
77190386	1
77439771	1
774599383	3
77548094	1
77569325	1
776030970	1
776540	1
77664629	1
776821484	1
77707387	1
777255126	1
77790243	1
77846920	1
77858269	1
779098418	1
78100510	1
781755	1
782030712	2
785515992	4
78653727	1
78735819	1
787544658	1
788059556	1
7883542	1
7889582	1
78959991	1
789969122	1
7901202	1
790401866	1
790546093	3
79201672	1
79283429	1
794108792	1
79563975	2
79618630	1
79713025	1
799499328	1
800337680	1
801646418	1
801698222	5
80221250	1
802225	1
802577467	2
803875194	1
80410299	1
80554933	3
80660848	1
806718475	2
806934734	1
80813955	1
808669524	1
808669694	1
808717442	1
809122560	1
809430236	1
80954413	1
810053322	1
810133644	1
81151963	1
811716426	1
81210232	2
812483575	1
813110935	1
813402	1
814071170	1
815588190	1
816189404	1
816388	1
81761054	1
81793803	1
818071	2
818081647	5
81824518	1
820031509	1
820110584	16
820384010	1
82142636	2
82151036	1
82162291	1
82213852	1
822234342	5
82240719	1
82246857	1
822825	1
82312985	1
823607461	1
82548584	3
82724369	1
8274132	1
827545158	1
828355669	1
82887446	1
82908461	1
82917971	1
829472515	1
829902180	1
830324280	1
831258415	146
83213071	1
834201427	1
8348782	2
83559073	1
83598188	2
838351910	1
83922444	1
83989783	1
840621122	1
84104211	1
84235436	1
84402174	8
844865059	2
845903804	1
84659355	1
84684955	1
847768752	1
8486712	1
849561554	1
849617886	1
84964880	2
84989659	1
850282987	1
851359326	3
8524892	1
85413569	3
85450717	1
85625056	1
857462130	5
858051	1
858438991	1
858526418	4
85879140	1
8592732	1
85928734	1
85934220	2
85941136	3
861083004	2
861738242	1
86235242	1
862679882	1
86292366	1
863145667	3
86331938	1
864879361	3
865803762	1
865866092	1
867148020	1
8695932	1
869923074	1
870818204	1
87123457	1
87133189	1
87174487	1
872122615	2
87378654	1
874278126	1
874763028	1
87591850	2
876515024	1
87772848	1
877933404	1
877987688	1
87811243	1
8788742	1
879711720	11
88016317	1
88035633	1
88055463	1
881608580	1
882117229	1
8834412	3
884651732	1
887944573	1
88913700	2
88925850	1
88928809	1
890031644	2
89155216	1
891616633	1
89351628	1
89438015	1
894442988	11
89491245	4
89571091	2
896145582	1
89681252	1
898113638	1
89901149	1
8996182	1
9005362	1
900605659	1
90090829	1
901052887	1
9013382	2
902101824	6
902419718	2
902428952	1
903841417	3
903946567	1
90399509	1
904039608	1
904098974	2
90439860	8
904622438	2
904968246	2
905373210	1
9071062	20
90839864	1
910351718	1
911780719	1
91286120	2
91478624	1
915691363	1
91642050	1
919084280	1
91988792	1
92001490	1
92157633	1
921585962	1
921723372	1
922202305	4
92239190	1
922780855	1
923822040	1
92641376	1
92712682	1
927818520	1
928523238	1
928859400	1
929681300	1
929746417	1
93066373	1
9324442	1
932502344	1
932552454	1
932806561	2
93331449	1
933681500	1
934095842	2
934646760	1
935242836	56
935877042	1
93687723	2
93688789	16
93734610	1
937678952	1
93775042	1
93903491	1
93998276	1
94098194	1
9412562	2
94345657	1
943777801	1
9446502	3
944896627	1
945540668	44
946555122	4
946814084	2
946965367	1
948070074	1
948361897	1
949606819	1
95037522	18
950517078	3
95066271	1
95083293	1
95145479	1
952279789	1
952328491	2
95260988	1
95356199	1
95468330	1
95483024	1
95858843	1
95924769	1
959426120	1
960036864	1
960374983	1
96037566	1
960484783	1
960834355	25
961200300	1
961797541	1
96230769	1
962543156	1
96259146	1
962744707	1
96481712	1
96640040	2
9672222	1
967880647	1
9681052	1
9681572	2
96958425	79
97000193	1
970740986	1
972704750	1
97334517	1
97401946	1
97402474	1
974480149	6
975015672	1
97503267	1
975116011	1
975535279	1
97580824	3
976166899	1
976191870	1
97663633	1
9767702	1
978671796	4
979302302	2
979837076	1
980006282	1
98032764	1
98139050	1
98213098	1
982177165	1
98230642	1
98242930	1
983094241	1
983143297	1
983649158	1
983655260	2
984279223	2
98480529	1
985348537	1
985406924	2
9857052	1
9864482	6
987247165	1
987300060	1
987502316	1
988478947	1
989	1
98926033	3
989657845	1
989677742	1
989690640	1
990048198	1
990519492	3
99122519	1
991977150	2
992075498	2
992182100	9
9939002	1
994338500	1
9952152	1
996051864	1
996069888	1
996335270	2
998549226	1
