100048063	1
100051020	1
100094073	1
1001192245	14
1001641908	3
1005789907	2
1010653280	2
1011480438	1
1011490554	2
101448108	1
1019256254	2
102110719	1
102325185	24
102504895	1
1027358748	34
1027796359	1
1029383642	1
1030135994	13
1031173693	1
103344855	1
103362948	1
1037080806	1
103795290	13
1038066661	1
103929320	1
1041064236	3
1041977966	1
104278885	1
1043262204	2
104534730	10
1048879194	2
10491312	1
1049191057	1
1049321	1
104952689	3
105185016	1
105251590	1
1052579924	1
1056517717	1
1058486713	2
105878636	1
1060592071	1
106255504	1
1063071710	1
1067621778	1
106820363	1
106855680	1
1071700615	1
1072940342	1
107409628	2
1076610932	1
1076918660	1
1080010496	1
1080306914	6
10829842	1
1084678801	2
108908350	1
1092685123	1
109350515	2
1093888058	1
109413442	1
109995803	2
1102239144	2
110273384	1
110277416	1
110352644	1
110438924	1
11045122	1
110529945	1
110639578	1
1107783409	2
1108126932	9
1108444442	1
1108625665	1
1109077452	2
1109250438	1
1109769355	1
1110097358	1
1111981442	1
1112443196	2
1112479376	2
1112566008	1
111350923	1
1114229978	1
111610533	1
1116740180	1
1117190029	1
1117768670	1
1120176974	1
1121028973	17
1121081233	1
1125652429	5
1126982708	26
112904922	1
11308402	1
1131932318	2
1132921874	1
1133561696	1
1134484321	4
1135299488	5
113950052	3
114422552	1
114601183	1
1146751916	2
1147008936	1
114800378	1
1149568189	1
1150151088	1
115049093	1
115087156	1
115132292	1
1154770386	1
115513081	1
1155479088	18
116033724	1
116077368	1
116622475	1
1167562014	1
1167715410	1
1168393712	1
117255068	1
117267639	1
1174027387	1
1176155419	5
1176407047	1
1176954493	3
1177321136	6
117839245	1
1179576566	1
1179598783	2
1181472344	5
118278429	1
1183984044	1
118573963	1
1186356325	1
1187127126	1
118862431	1
119060937	1
119456029	2
120038108	1
1201107619	1
1201287032	1
1202389375	1
1205438846	1
120817338	1
121158213	27
121229970	1
121321885	1
1213293126	1
12133692	1
121457472	1
121602651	1
121772655	1
1219567759	1
122119435	1
122136045	1
12234352	1
122619435	1
1226362814	2
1226556204	1
1227245276	2
1227265260	1
123125462	3
123137244	2
123147423	2
123346295	1
1234567434	1
1235202230	2
123889525	1
1239550081	1
1240378932	1
1240834453	1
12413892	1
1243897069	1
124579238	1
1246096020	3
124625631	1
124722329	6
124779106	2
1247796918	1
1250699767	1
1250790204	1
1250792557	1
1250862068	1
1250881658	1
1251169382	1
1251188466	1
1251476983	19
1252376239	1
12531012	1
125319989	1
125819399	1
1258291927	1
1258735104	1
1259260670	1
1259506333	1
1259600450	1
1259618010	1
1259715079	1
1261465074	1
1262089458	1
1262214858	2
1262450942	1
1262829996	1
1263815700	1
1264008908	1
1264077355	1
1264242192	1
1265601	1
126583671	1
1265994366	1
1266231577	1
1266376038	2
126717954	1
1267633260	4
1268756504	1
1271333311	1
1271939070	1
127260100	1
127380013	1
1274478134	1
127572372	1
1275884652	1
1277178181	322
1277504906	1
1277919638	1
1279864916	1
128033273	1
1280578195	1
128077852	1
128183726	1
1283870906	2
128426912	1
1289477905	1
1289738107	1
128987539	19
129096662	1
1291398650	1
1291850300	1
1292196727	1
1292563332	7
1292638610	1
1294776162	2
129481550	3
1297336626	160
129935623	1
1299622676	16
130021667	1
1300258776	1
1300794678	2
1302829507	1
130315132	1
1305088009	1
1305451382	2
1305730303	1
1305796237	2
1306200696	3
130804226	1
130922768	1
13097672	2
131018989	1
131043626	3
1310821225	1
1316079955	1
131609773	1
1316502757	3
1316784643	1
1317792486	3
1318427017	1
131853036	196
1318914206	1
131895033	1
131922167	1
131971803	1
131995760	1
132016606	1
1320968377	1
1321008216	1
1321355756	1
1322420269	1
1324800860	1
132499851	3
132898675	1
1329058705	1
133316482	1
133346621	1
1337547217	1
133824981	1
1338301664	11
1338558793	1
1338602268	1
1338849030	1
1339462435	1
1340979006	1
1341327932	1
1342195603	1
134222813	1
134233015	3
1343222947	1
13452612	4
1346902465	1
134707175	1
1347107876	1
1347362516	1
134740403	14
134778498	1
134805315	1
1349223626	1
1350069967	3
1351541984	1
1354661412	7
1356885824	1
1357609256	22
1358013998	1
1358581064	34
136219101	2
1364476028	1
1364685914	1
136479748	1
1364856793	1
1365088825	1
1365354079	1
1365535056	1
1365812287	1
136648287	1
1368749462	1
1369861812	1
1370922858	1
1371403890	1
1372592071	3
137261980	2
1373083340	1
1373283811	1
137448804	1
1376392219	7
1376444120	1
1376720149	2
137772646	1
1377927978	10
1379066066	1
13792612	1
1379998892	2
1383196368	11
1384003952	1
138458523	1
1384710446	3
138518141	1
1388071068	2
138815078	1
1389824700	2
13933172	1
13950832	3
1395134281	1
139797812	2
1398277686	1
1398685674	10
1398973746	1
1399113342	8
1402824210	5
140315318	6
140356010	1
1403574307	23
140651880	1
1406780046	1
140710787	1
1410400310	1
1414582549	2
1414672046	1
14158133	1
1416071010	2
1416078199	2
14175873	2
14185814	1
1420795609	1
14218219	3
1425540103	4
142614158	1
1427082060	4
14292717	1
14305706	1
14307228	1
14329238	1
14333781	1
143361082	1
1433850530	14
143446906	1
1434614137	1
1435700311	1
1435817954	1
1435958852	1
1435964532	1
14378628	1
14397570	1
14429647	1
14445920	1
1444977241	1
14457885	1
1448152554	2
1448280630	1
1449052304	6
1449170696	1
1449748327	1
1449774690	3
1449995809	1
1452100482	1
1452702914	2
14549601	1
1455152108	38
1456545516	1
1456918988	1
14572831	1
1460051365	42
14607830	1
1461347160	2
1462888135	1
14633485	1
146343017	3
1463939642	5
14647456	1
1465036188	5
1465900284	1
14662354	1
1466830381	1
14717558	1
14719617	1
1473219745	1
14739511	1
1474408801	2
1475291383	1
147562101	1
1475745116	1
14781188	1
147951588	1
1479788280	1
14810263	1
14817998	1
1482896581	1
1483418840	2
148374688	1
1485369025	2
1485809432	1
1487193846	1
14875458	1
14876847	1
14892228	1
1489766923	2
14902429	1
1490707860	9
149130005	1
149288363	9
14933262	1
14951467	1
149543566	1
14963280	1
14971909	1
149954544	1
15021148	1
1503276012	2
15034882	1
1503698011	1
1504405752	1
150523159	2
15059131	1
150754332	1
15077755	1
150823519	1
1509879727	1
1510236913	1
1512223045	1
1513453687	2
15135691	1
1513965258	1
1514323399	1
15169907	1
151896482	1
1519509524	1
1521402558	5
152234480	1
15237645	1
15267777	1
1529271854	1
1531020804	1
1531227380	1
1532028578	2
1532051227	8
1533712345	11
153536396	1
15355439	3
153876973	5
1538903558	17
1539126318	3
154024736	1
154038100	1
154209001	1
15448149	1
1545515078	1
154707141	1
1547161322	1
1547177328	1
1547456244	1
1547776220	1
15500079	1
1550345246	1
15510373	1
155175954	7
1552550426	1
155355808	1
1553604230	1
1554889094	2
155753840	4
15599339	1
15609317	1
1561143752	1
15641979	1
1564750009	1
1568676391	1
15701110	2
1570409707	1
1571165700	1
15716296	1
1571728261	1
15721628	1
15754281	1
15764136	1
15771297	1
15774741	1
1578828506	1
1578959700	1
15802519	1
1580580162	1
15824356	1
15824386	2
158477852	1
1585004527	1
1585333764	1
1585676959	2
1585923716	1
15873689	1
1587669835	1
15876961	2
1588335404	1
1589391517	54
1590072978	4
1591762152	1
15935561	1
159383082	1
1594697232	1
1596115603	1
159614443	1
1597002361	2
1597879418	1
15980620	1
159889423	1
1600082918	2
16004376	2
1601654462	1
1601822058	1
16018805	1
1602854334	22
1603589396	2
1603957266	1
160396442	1
160577312	1
16065352	1
1608110616	1
1608169368	1
1611418970	1
1613721014	1
16137765	1
16145086	2
16146142	1
161539093	2
1616041566	3
16170729	1
161769014	1
1617811680	1
1617828313	5
161838771	1
16184358	3
1618515998	1
161855898	3
1619086339	1
1619746135	1
1620018457	6
16200625	1
1620798942	5
1621576718	7
1623700098	1
16247383	1
16252903	1
1625358085	1
1627080877	1
1628509932	1
1628545502	8
162917748	1
1629311881	2
16299754	1
16301908	1
163068388	2
1631014866	1
163213940	2
163243464	4
1634033654	2
1634552636	1
16350567	3
1635905982	1
16364647	1
1636945213	2
1638341677	1
163882458	1
163897694	3
163907037	1
1639709598	7
1640660616	1
164067840	2
1640681918	1
1640892848	2
1641649837	2
16446761	1
1646076914	6
1646124073	1
1646395754	6
1646988134	5
16472218	1
1647382418	3
1647856992	12
1648036231	5
1649652152	6
1650126318	3
16502041	1
16515274	2
1651537652	1
1651696411	3
16528229	1
1653682176	1
16542798	2
16543505	1
1654588694	6
1654932650	5
1655548734	5
1655962526	1
1656006072	1
1656195463	1
1656315872	2
1656509761	1
1656619129	4
1657130258	4
1657506558	1
1657611139	3
1657813484	3
1659617485	1
1660088556	6
1660254428	1
1662112423	8
1662146708	7
1663366950	5
1663463335	9
1663897260	7
1664097871	8
1664296644	9
1664624665	1
1664634624	6
1664658373	7
1665160436	9
1665423242	2
1665555698	4
166569708	2
166638859	1
1666723736	5
1666805916	8
1666834861	1
1666864645	5
1666941908	2
16688092	1
1669497474	1
1669563361	7
1669940520	2
1670210484	3
1670239003	4
1670247126	7
1671133790	3
167140194	1
1671988278	7
1672386103	1
1672564536	4
1672748480	1
1672811023	4
1673759461	5
1673786814	4
167506094	1
1675355330	7
1675720033	8
1676154985	1
1676488050	6
167688372	1
1677018379	4
1677139914	8
1677181022	8
1677574640	1
1677630140	4
1677693716	1
1678086230	6
167830476	1
1678456651	1
1678634995	6
1678749734	6
16790655	1
1679251069	7
168027459	1
1680937651	4
1681332764	1
1681487054	9
1682283420	3
1682439264	7
168254224	1
168299425	1
16837993	2
16841829	1
168462673	1
1684930165	8
1685234112	8
1685488970	9
1685519311	5
1685563812	9
1685785800	1
1685856973	2
1686149204	1
168744961	4
1687491391	7
168775611	1
1689505694	1
1690262612	4
1690491390	3
1690712810	1
1691086742	2
169115069	3
1691230141	4
1691241530	1
1692226934	1
1692267960	6
1692436075	4
1693875422	4
1693981129	20
1694170675	1
1695919902	5
1696015141	6
16995129	1
1699619516	6
1700879791	1
1701459516	1
1702348848	6
17033995	1
1704213270	7
170511395	1
1705645010	2
1706166488	4
17066131	1
1706695820	2
17067017	1
1707243288	11
1707563024	3
1707988872	7
17084305	5
17095506	1
171022053	1
1710345565	1
1710707899	6
1710758653	2
1711222579	2
17115595	2
171191577	1
17129271	2
171367721	1
1713723918	7
1715598672	3
1716573739	4
171919007	11
1720326084	4
17221422	1
1722356724	7
17236658	1
1724284470	1
1725785912	5
17259137	1
1726756050	5
1728780583	5
173062628	1
1730649206	1
17306865	1
173156072	11
173167923	1
1732218500	5
17336871	1
17377690	1
173803661	1
173904147	3
17391733	1
17396865	1
174036728	1
174507924	1
1747338542	2
1747736232	1
17487795	1
174906332	1
17496874	1
175002619	1
17503472	1
17525510	1
17536486	1
17549739	2
175754840	1
175781443	1
175877173	1
176108852	1
1764503544	1
176720826	1
17679030	1
177022390	1
177475572	1
17750752	1
177799154	1
1778785626	2
17818373	1
17848070	1
17854610	1
17965337	1
17973402	1
179900048	1
17996546	1
17997132	1
18010488	1
180106610	1
18022320	1
180464396	1
18077308	2
180979935	1
181018069	1
181057711	1
18122052	4
18122229	1
18149465	2
181552095	1
18159198	1
18175636	1
18214949	1
182473471	1
18253092	4
18275268	1
182821543	1
1828653848	1
182895935	1
18296983	4
183289696	14
183294525	2
183307932	1
18343801	1
18351430	1
183519050	1
18359131	1
18390922	1
183937779	1
18395484	1
18400026	1
18425569	1
184391585	1
18455693	6
18511402	2
1852511455	1
185287953	1
1853824369	1
1855159724	1
1855437708	1
1856681726	1
1857016550	1
1857026814	1
18571616	1
1857359125	5
18574633	2
18574762	3
1857985849	1
1858614476	1
1858836282	1
18590697	1
1859904504	5
1860619592	1
18616722	1
186168535	1
1862095550	1
1862432078	1
1862776104	1
1862886380	1
1863029208	1
1863333776	8
18634687	1
1863611587	6
18639734	22
1864429747	4
186492395	1
18655993	1
1865887440	6
18659707	1
186700511	3
1868380964	1
1868603940	6
1869471378	9
1870406988	1
1870502388	1
18722205	1
1874267256	1
1875896778	1
1876779715	1
1876908386	1
1878006493	1
1878150769	1
18790049	1
188191969	2
1882793930	1
1883980464	7
1884235344	5
1884338640	9
1885464816	1
188778697	1
1888514334	1
1888769006	1
188892812	1
1890121813	1
18907297	1
189159732	1
18951658	1
18952948	1
18953163	1
1896558030	1
18968160	1
1897272840	1
1897630717	1
18981691	1
1898397061	29
18986537	2
18991321	1
18993395	1
1900708207	1
190127961	1
19023922	1
19038934	1
19050000	1
19052043	1
1905631490	2
190575903	1
1907274283	9
1907771382	1
1908320388	1
190882075	1
1909400192	2
191005840	1
1911518353	1
191201126	1
1912261238	1
1912284368	1
1912522274	1
1912789398	1
1913078498	1
1913518596	1
1913854464	1
1913897305	1
1913915971	1
1914492373	1
1914668113	1
191528670	1
1915398908	1
191578887	1
19173202	1
1917600852	3
191800881	1
19184457	2
19186645	1
1919170645	1
1919373924	1
19215170	1
1921916900	1
192201403	1
1922165119	1
1923159170	4
19254501	1
1927214191	1
1931613973	1
19318159	2
19318562	1
193387184	1
1933921196	4
1935530054	1
19357082	2
1936130576	540
194056749	1
19409588	1
19423560	3
19434747	1
194355896	1
1944727015	1
19449253	1
1945904293	1
1945910352	2
1945935708	1
19464543	2
19512791	1
1952074310	1
195224575	1
19541185	1
1954730264	5
195602508	1
19581894	1
19583763	1
1959082837	1
196035613	1
1960403330	1
1961386376	1
1963711158	3
1963714914	3
1963751024	3
1963751846	3
1963775977	2
1963777039	3
196411885	3
1965130080	1
19653659	1
196601157	1
1968324738	1
1968617996	1
1969001904	1
196900797	1
1969138242	1
197043830	19
1970518729	1
1970563944	1
197091680	1
1970965392	1
1971015720	1
1971221216	1
1971245491	1
19724157	1
197367030	1
1973833256	1
197529558	1
1975766658	1
1976239602	1
1977483828	1
1978374362	1
197976724	1
19830342	1
19835812	1
198447588	2
19864150	1
19875899	1
19898168	1
199028034	4
19908773	1
19915329	1
199260311	1
19932651	1
19952633	1
199616385	1
199924232	1
20014189	1
200290146	1
200656300	1
20068941	1
20071211	1
20079668	2
20106796	5
20152152	1
201872823	1
202201906	1
20229378	3
20243744	2
202470549	1
202490744	1
202554341	1
20258816	1
20274912	1
202864920	3
202996114	6
203025512	1
203086054	1
203404420	1
20345218	1
20347845	1
203652149	2
20423695	1
204366811	1
204483236	1
204560056	1
20466133	1
20467037	1
20492885	1
20518694	1
20562843	3
205822782	1
20617622	2
206375438	1
206785794	1
206788086	1
20689367	1
20694685	1
207242083	2
207271383	1
207272299	2
207286206	1
207311062	1
207413446	1
20782318	1
208155240	1
20826772	1
208551760	4
20857912	2
208608776	1
20954043	1
209575740	1
209681820	1
20996484	2
210205453	1
21048766	1
210506986	6
21110732	3
211181482	1
211445666	1
211590257	7
211829791	1
21212299	1
21216453	3
21238095	1
212381174	1
212610965	2
21264335	2
21276189	31
21303710	1
213118052	1
213222099	3
21325731	1
21332594	1
213423246	1
213775597	2
21431342	1
21434557	6
2148488095	1
2149511340	1
2149719834	10
215068830	10
21512070	2
21513279	2
2151852108	1
2152141268	1
21542051	3
2154753215	1
2155185577	2
2155881	1
21570308	1
215821062	1
215896904	1
2159322464	12
2159749700	1
2160847152	7
21612965	1
2161942124	1
216237520	1
2163019655	1
2163246932	1
21658034	4
2166302425	1
2167776855	3
216793268	2
21681777	1
2168229925	1
2168230988	1
2168234509	1
21690164	2
217037672	1
2170879088	1
2171541320	1
2172003933	1
2172667340	1
217304598	1
217453357	2
2174871266	1
2176447807	1
2176637216	2
2176654682	9
2176827145	1
2177142714	1
2177764470	4
21778391	1
217836437	1
2178611209	1
218013625	2
2180303240	1
21809467	1
21810329	1
2181034328	1
2181681685	1
2182746672	1
2182939896	1
21832807	1
21841229	1
2184630119	2
2185041662	3
218612353	1
2186813068	11
218813430	3
2188701901	1
2189012184	3
2190743918	1
2191031939	1
2191113235	1
2191592691	1
21922107	4
21924974	1
219365840	1
2194320998	1
2194899020	1
2195194914	1
219622638	1
219793312	1
2198440218	1
219902497	1
219914192	1
21996023	1
219968468	1
2200230558	1
2200515272	1
220203225	1
220574058	13
2206472570	1
2207129125	1
2207371004	1
220751956	1
2207750809	1
2207975719	1
2208089503	2
2208539346	6
2209071721	1
2209072322	1
2209073407	1
2209074168	1
2209075398	1
2209075418	1
2209076587	1
2209077445	1
2209077486	1
2209077828	1
2209078183	1
2209078698	1
2209078794	1
2209078892	1
2209078952	1
2209079640	1
2209081801	1
2209082202	1
2209083314	1
2209084406	1
2209084772	1
2209086974	1
2209088004	1
2209088245	1
2209088546	1
2209088766	1
2209088845	1
2209089229	1
2209089276	1
2209089319	1
2209089571	1
2209089992	1
2209090472	1
2209091100	1
2209091340	1
2209091342	1
2209092001	1
2209092692	1
2209093202	1
2209093344	1
2209093766	1
2209094028	1
2209094682	1
2209095535	1
2209098037	1
2209098638	1
2209098800	1
2209098865	1
2209099364	1
2209100221	1
2209100305	1
2209100431	1
2209100851	1
2209101145	1
2209101181	1
2209101272	1
2209102675	1
2209104848	3
2209107913	1
2209110066	3
2209113252	4
2209114256	4
2209119079	3
2209120254	4
2209122944	4
2209125914	4
2209131294	4
2209132658	3
2209135482	4
2209141730	3
2209144170	4
2209149270	4
2209149769	4
2209159968	4
2209160444	2
2209162988	4
2209165075	3
2209166395	4
2209170872	4
2209175450	4
2209178616	3
2209179704	3
2209181588	4
2209182818	3
2209186297	4
2209196570	4
2209199328	4
2209207369	4
2209209055	4
2209209818	4
2209216280	4
2209219992	4
2209221026	4
2209222560	4
2209226329	4
2209230074	4
2209236330	4
2209237148	4
2209249279	4
2209249940	2
2209251752	3
2209252578	4
2209253936	4
2209259750	3
2209261422	4
2209262491	4
2209264753	4
2209265034	4
2209267826	4
2209267957	3
2209269504	4
2209271052	4
2209271366	4
2209276670	4
2209281919	3
2209284253	4
2209284787	3
2209292432	3
2209292755	3
2209294453	4
2209298071	4
2209298696	3
2209302127	3
2209309926	3
2209313460	4
2209317656	4
2209319371	3
2209322640	4
2209323678	3
2209323872	4
2209325707	4
2209336075	4
2209337592	4
2209337778	3
2209343252	3
2209348976	4
2209356236	4
2209359235	3
2209361335	4
2209366310	4
2209366976	4
2209368888	4
2209374552	4
2209377752	4
2209381946	4
2209382071	4
2209385191	3
2209387249	4
2209387812	4
2209387957	3
2209391083	3
2209400018	4
2209400762	4
2209408117	3
2209408496	4
2209412742	4
2209416572	4
2209418743	4
2209420495	3
2209422074	4
2209427401	4
2209429034	4
2209429238	4
2209433240	4
2209437482	4
2209441034	4
2209441345	2
2209444201	4
2209444674	3
2209446018	4
2209451767	4
2209452878	1
2209454832	1
2209456327	1
2209464596	1
2209465765	1
2209470116	1
2209470522	1
2209476566	1
2209478640	1
2209485384	1
2209486962	1
2209496486	1
2209497626	1
2209505916	1
2209508240	1
2209511658	1
2209521181	1
2209523916	1
2209533421	1
2209545252	1
2209547125	1
2209547196	1
2209550174	1
2209555488	1
2209557691	1
2209558051	1
2209559868	1
2209560494	1
2209561518	1
2209561555	1
2209574990	1
2209579314	1
2209581535	1
2209585327	1
2209587120	1
2209589545	1
2209590840	1
220991973	1
2210004498	4
2210016392	4
2210057990	4
221057424	2
2210594991	1
2211752996	1
2211757640	1
2211762684	1
2211764323	1
2211771092	1
2211771128	1
2211773120	1
2211773726	1
2211773768	1
2211775200	2
2211776276	1
2211778068	1
2211780151	1
2211781628	1
2211787484	1
2211789343	1
2211793579	3
2211797281	1
2211801776	1
2211802650	1
2211802850	1
2211807750	1
2211808591	1
2211810348	1
2211813517	1
2211815316	1
2211823398	1
2211830388	1
2211831530	1
2211831552	1
2211833167	1
2211834662	2
2211834872	1
2211841716	1
2211841856	1
2211846780	1
2211847232	1
2211847742	1
2211848473	1
2211851034	1
2211852811	1
2211856536	1
2211870156	1
2211870404	1
2211872534	1
2211979916	1
2213166451	1
22134961	1
22138134	1
221404857	1
2214510864	1
2214927750	1
2216334824	1
2216572952	1
2218114836	2
2218159064	1
2218883376	1
2218883646	1
2218883862	1
2218883922	1
2218884264	1
2218884420	1
2218884510	1
2218884744	1
2218884840	1
2218884938	1
2218885020	1
2218885638	1
2218885700	1
2218886064	1
2218886550	1
2218886594	1
2218886822	1
2218886928	1
2218887596	1
2218887660	1
2218887986	1
2218888008	1
2218888256	1
2218888526	1
2218889785	1
2218889917	1
2218889928	1
2218890056	1
2218890223	1
2218890254	1
2218890541	1
2218890546	1
2218890793	1
2218890883	1
2218890986	1
2218891321	1
2218891477	1
2218891766	1
2218892155	1
2218892268	1
2218892575	1
2218892821	1
2218893234	1
2218893272	1
2218893938	1
2218894021	1
2218894152	1
2218894422	1
2218894448	1
2218894842	1
2218894998	1
2218895048	1
2218895065	1
2218895522	1
2218896110	1
2218896158	1
2218896222	1
2218896336	1
2218896338	1
2218896505	1
2218896548	1
2218896824	1
2218897170	1
2218897183	1
2218897226	1
2218897692	1
2218897832	1
2218897903	1
2218897927	1
2218897999	1
2218898035	1
2218898054	1
2218898058	1
2218898120	1
2218898563	1
2218898749	1
2218899158	1
2218899217	1
2218899829	1
2218900477	1
2218901413	1
2218902487	1
2218903675	1
2218903765	1
2218903819	1
2218903837	1
2218904137	1
221919439	1
22197058	1
2220116796	1
2220117685	9
2220248983	1
2221975782	1
22230837	4
22234293	1
22236730	1
2224109166	1
2224170056	1
222471144	1
2225300413	4
22265745	1
222721984	1
22279004	2
222796320	5
2230713030	1
2231167736	1
2231325937	1
2231502417	8
2232790629	1
2232927504	1
223301075	1
2233218902	1
22332990	1
2233657861	1
2234734812	1
2235134816	2
223630412	2
2237974386	2
22382549	1
22388574	1
2239885111	1
2240496025	1
2242596074	1
2243787523	1
2246411064	1
2247280382	1
22480314	1
2249186018	1
224987009	1
2251074735	1
2251164769	1
2251588540	1
2252227142	1
2252852442	1
2253531697	2
225423130	2
2254871191	2
2255069527	4
2255955607	2
22574878	1
2258082122	34
22583534	2
225849116	1
2261759419	1
2262671243	1
22630973	1
2266982910	1
226828258	24
2268543434	1
2269536694	1
22696182	1
2270950898	1
2272219099	1
2272978051	2
2273216286	1
227371529	1
2273868780	1
227418209	1
22768356	3
2278319856	1
2279701020	1
2279898438	1
2280633122	2
228071782	1
2280955388	2
2280983368	3
2281188906	1
2281314234	1
22815781	1
2282580709	1
2282699820	1
2282945443	1
2284171447	1
228574185	1
2285896423	2
2286545720	1
2286933728	1
2287692786	1
2288067601	2
2288532150	1
228977783	2
2290157628	6
229107894	1
2291186664	1
2291573438	1
2291626741	1
2291698777	1
2292493140	1
2293377156	1
2294393130	1
2295073171	1
229597766	1
22972870	3
2297454151	1
2298500958	1
2298961040	1
2299653149	1
2299898941	1
2300573095	1
2301302630	1
2301371449	1
230254138	2
2305140048	2
2305626512	4
2305628744	1
23065897	1
2307296534	2
2307408912	1
23074277	5
2307730064	3
2307736190	3
2307749773	2
2307750260	4
2307782852	10
2307794016	3
2307806035	2
2307823147	4
2307831636	10
2307833648	4
2307853597	3
2307876338	4
2307905366	3
2307923226	3
2307936265	4
2307953923	3
2307963738	2
2307974444	2
2307977996	3
2308003086	3
2308018081	2
2308115611	3
2308143806	3
2308152680	8
2308159891	3
2308173414	7
2308216760	4
2308230422	3
2308245931	12
2308273549	2
2308304880	15
2308318610	3
2308323595	3
2308331047	2
2308361142	2
2308381922	2
2308387784	10
2308418714	5
2308421767	3
2308444909	7
2308486555	7
2308538983	3
2308541780	7
2308567878	3
2308576518	5
2308588014	8
2308600699	3
2308618784	3
2308634353	3
2308667227	3
2308671330	2
2308678488	5
2308686361	11
2308738963	3
2308741862	7
2308751683	3
2308752865	7
2308758618	10
2308761794	6
2308821001	5
2308831974	4
2308833786	3
2308838005	2
2308876964	7
2308887486	1
2308907610	6
2308922456	2
2308928288	3
2308931647	13
2308937348	3
2308975825	2
2309005392	4
2309016937	5
2309017471	7
2309021893	5
2309024185	4
2309025342	10
2309028432	3
2309089897	12
2309095512	3
2309114234	9
2309115145	2
2309119213	5
2309144120	12
2309154978	2
2309170674	3
2309170712	7
2309180797	10
2309205650	3
2309225970	3
2309226486	2
2309243653	4
2309255412	4
2309261598	12
2309271661	11
2309276760	9
2309329717	4
2309385018	2
2309406812	8
2309426348	9
2309426612	2
2309433510	5
2309460666	4
2309524729	6
2309567444	5
2309593464	7
2309596062	3
2309599598	2
2309612389	2
2309619475	4
2309634456	2
2309642023	3
2309643048	4
2309643170	5
2309645168	57
2309647112	3
2309662604	4
2309669797	2
2309670188	4
2309715860	2
2309719010	4
2309741929	6
2309743627	3
2309781476	3
2309799768	2
2309863789	3
2309884680	2
2309889085	9
2309903348	8
2309913661	9
2309920580	5
2309921222	4
2310023263	3
2310077864	2
2310080454	2
2310093571	5
2310108002	4
2310114222	4
2310153877	4
2310162666	7
2310196700	2
2310210806	3
2310227264	3
2310237852	10
2310242329	4
2310250172	2
2310255252	6
2310278317	2
2310284418	3
2310315632	3
2310346027	3
2310379026	2
2310383323	4
2310428534	2
2310448429	6
2310476623	3
2310486692	3
2310489696	9
2310493520	11
2310523436	3
2310557084	3
2310566197	2
2310585061	2
2310593864	2
2310598352	2
2310598561	7
2310635941	3
2310644234	11
2310669871	3
2310679639	5
2310735727	1
2310981391	2
2311036856	5
2311042243	4
2311065444	2
2311076630	2
2311076990	7
2311136328	6
2311175365	2
2311410734	4
2311415088	3
2311446733	4
2311449338	2
2311469642	8
231149558	1
2311510604	5
2311535682	3
2311545794	4
2311549279	3
2311570962	3
2311581864	3
2311583918	3
2311583966	5
2311584528	2
2311596110	13
2311633272	3
2311698092	2
2311713534	3
2311721886	7
2311727256	8
2311729464	2
2311732334	2
2311742634	3
2311744273	10
2311747944	2
2311756429	3
2311807716	2
231183309	1
2311847838	2
2311849988	4
2311894651	2
2311901407	2
2311924975	2
2311928035	10
2311929132	4
2311975206	6
2311997035	10
2312052872	4
2312064828	9
2312065686	2
2312077849	3
2312078244	3
2312080194	5
2312081478	2
2312086932	6
2312088397	3
2312205438	6
2312207695	2
2312246144	3
2312251776	3
2312334464	6
2312350062	1
2312378232	2
2312411556	3
2312415955	10
2312418798	9
2312422728	7
2312425020	5
2312433224	2
2312496720	10
2312552792	8
2312555186	3
2312571138	5
2312579593	5
2312629526	9
2312636562	3
2312648858	5
2312679500	3
2312689556	9
2312712140	4
2312713093	4
2312724108	2
2312731435	10
2312772788	6
2312780527	10
2312842134	7
2312870730	7
2312962286	2
2312976128	4
2312981214	2
2313009602	2
2313343278	1
2314112417	1
2315198816	1
2315898026	1
23172309	1
2317801904	13
23180169	1
2319017467	1
231936497	1
2319625592	1
2321168600	43
23217881	1
2322975235	1
2323189020	1
2323396574	1
232395452	1
2323955785	5
2324186654	1
23243606	1
232489093	12
23259606	1
232666904	1
2327503711	1
2328273998	1
2329382563	2
2329397898	2
2329731074	1
2329732092	1
2329754462	4
2329762556	1
2329813045	2
2330667716	1
2330796444	1
2330970757	1
2331040694	1
2331088200	1
2331287263	1
2331531102	1
2331553957	1
2331573698	1
2331644948	1
2331704214	1
2331720434	1
2331828920	1
2331900480	4
2331914678	1
2332032218	1
2332287205	1
2332364863	1
2332413678	1
2332539703	1
2332565575	1
2332595136	1
2333026681	1
2333080428	1
2333318922	1
2333408605	1
2333508420	1
2333547493	1
2333699804	1
2333719932	1
2334069595	1
2334119484	1
2334135590	1
2334168456	1
2334225048	56
2334294608	1
2334331398	1
23344490	1
2334450265	1
233452421	4
2334693290	1
2334699746	1
2335762302	1
233628694	1
2336832276	1
2336908730	1
233704756	1
2337886340	4
2338605894	1
2339874805	6
2340053299	1
2340104431	1
2340139315	1
2340148106	1
2341054530	1
234107458	2
2341085546	1
2341090326	1
2341281566	1
234141029	1
2341652862	1
23420231	1
2342096843	1
2342192654	1
2342220205	1
2342231432	1
2342243737	4
2342315617	1
2342377508	1
2342381718	1
2342383987	1
2342416520	2
2342421338	1
2342434813	1
2342452748	1
2342586312	1
2342994152	1
234306352	1
2343282320	1
2343314136	1
234351213	1
2343625057	1
2343696360	1
2343892034	1
2344070006	1
2344204028	1
2344221163	1
2344226786	1
2344433628	1
2344612268	1
2344729712	1
2344772834	1
2344779336	1
2344796072	1
2344816016	3
2344825212	1
2344835990	1
2344838706	1
2344849453	1
2344896602	1
2344916216	1
2344930830	1
2344931642	4
2344936356	1
2344971216	1
2344971523	1
2345012978	1
2345027786	1
2345037589	4
2345039058	4
2345042430	1
2345046204	1
2345052259	1
2345057322	1
2345060568	1
2345067138	3
2345081539	1
2345081802	4
2345086158	1
2345089476	1
2345091056	4
2345093449	4
2345098328	1
2345156454	3
2345172542	1
2345182982	1
2345216378	3
2345224110	1
2345235919	1
2345262812	1
2345270004	1
2345271458	1
2345338501	4
2345360382	1
2345360636	3
2345364776	1
2345368196	1
2345386663	1
2345389406	1
2345390540	1
2345407104	1
2345427494	1
2345479040	1
2345494280	2
2345495744	1
2345504162	3
2345548928	1
2345558988	1
2345575254	1
2345577410	3
2345582833	1
2345586475	1
2345587176	3
2345628126	1
2345635010	1
2345644644	1
2345648305	3
2345655914	3
2345659008	1
2345661320	1
2345684052	4
2345688638	1
2345689002	1
2345696376	2
2345703943	1
2345705808	1
2345715542	1
2345720581	1
2345722567	1
2345750426	1
2345754096	1
2345759713	1
2345760138	3
2345779874	1
2345786293	1
2345791357	1
2345809057	3
2345812952	1
2345825678	1
2345830868	1
2345842063	1
2345856067	3
2345877078	3
2345877703	1
2345899310	1
2345901090	3
2345909197	4
2345922578	1
2345935729	4
2345954970	1
2345988834	1
2345995058	3
2345998782	1
2346002666	3
2346003324	1
2346019220	1
2346022070	4
2346039188	3
2346137575	3
2346151346	1
2346177894	1
2346188352	1
2346188888	3
2346232938	1
2346237618	3
2346243162	1
2346252480	1
2346269844	1
2346278558	1
2346296095	1
2346354650	1
2346357847	3
2346365492	1
2346366404	1
2346373034	1
2346378938	4
2346379224	1
2346382910	1
2346415952	1
2346421603	1
2346421998	1
2346425568	1
2346428778	1
2346432558	1
2346442117	1
2346475824	1
2346483566	1
2346484488	3
2346484806	1
2346497521	1
2346499224	4
2346499794	1
2346505256	1
2346523075	4
2346576860	1
2346610068	1
2346611900	1
2346617594	3
2346626557	4
2346640814	3
2346644869	1
2346645176	1
2346647797	1
2346664100	1
2346688766	3
2346691465	1
2346740647	4
2346741930	1
2346758562	1
2346787422	1
2346795961	2
2346798236	1
2346798458	1
2346808741	4
2346811849	1
2346812474	1
2346822048	1
2346839976	1
2346870068	1
2346877405	3
2346909463	1
2346931992	1
2346934160	3
2346936938	1
2346952062	4
2346979765	1
2347002830	4
2347015862	1
2347018963	4
2347028743	1
2347522321	1
2347528862	3
2347534033	1
2347542331	1
2347547004	1
2347553149	3
2347564548	2
2347638990	3
2347655136	4
2347658978	1
2347660946	1
2347662408	4
2347779614	4
2347784036	4
2347785529	1
2347875301	1
2347954568	1
2348116196	1
23484042	1
2349120092	2
2349219031	2
2349221664	1
234956680	1
2350233150	2
235032303	1
2350346738	2
2350367216	2
2350448586	1
2350710949	1
2350794473	2
2350889000	1
2351791430	1
2353103737	1
23532365	1
2353552285	1
2353608961	1
2353789074	4
2353791686	1
2353797013	3
2353832694	4
2353833864	1
2353836450	3
2353837885	1
2353841395	1
2353876796	1
2353878672	1
2353916394	1
2353920350	1
2353923218	1
2353925982	1
2353928911	1
2353929079	1
2353934101	1
2353934995	1
2353961064	1
2353964076	1
2353965600	4
2353966910	1
2353967118	4
2353968138	1
2354018972	1
2354027486	1
2354029903	3
2354032753	1
2354074447	1
2354074724	1
2354085157	1
2354087353	1
2354121638	1
2354121978	1
2354132046	1
2354133067	4
2354176764	4
2354176986	1
2354180912	1
2354183545	1
2354184546	4
2354197021	1
2354242716	1
2354244020	4
2354249659	1
2354284590	3
2354294052	1
2354294239	2
2354337018	4
2354348004	1
2354352751	1
2354393227	1
2354438838	4
2354440532	1
2354489366	1
2354490228	1
2354507113	2
2354538522	1
2354539146	1
2354542380	4
2354551441	1
2354554117	2
2354588814	3
2354591796	1
2354593428	1
2354596782	3
2355258919	1
2355374790	1
2355785412	1
2356078987	1
235648313	2
2356793214	1
2356964790	3
2357321635	2
2357812656	3
2357996060	3
235808421	2
23592011	1
2359277666	1
2359363477	3
2359367756	3
2359606129	3
2359764708	1
2360005550	3
2360019162	4
2360084664	1
2360124529	3
2360284316	3
2360564870	3
2360590782	2
2360708249	1
2362212132	1
2362249868	3
2362563902	1
2362713806	3
2362833060	4
2363061156	1
2363185393	3
2363434638	1
2363487434	1
2363640720	3
2363706847	4
2363800651	3
2363914387	1
2363974410	3
2364007466	4
2364139765	3
2364165516	2
2364176718	1
2364251654	1
2364290912	3
2364347138	3
2364515166	4
2364608138	3
2364951079	3
2365095092	2
2365162298	4
23652254	1
2365339502	3
2365373972	1
2365379581	3
2365668834	3
2365875473	1
2366008850	2
2366030168	1
2366063436	2
2366227778	3
2366281159	2
2366296644	3
2366402528	4
2366419159	3
2366470910	2
2366477641	3
2366535548	3
2366563015	3
236657131	1
2366618023	3
2366627089	3
2366687214	1
2366693762	2
2366750023	2
2366783059	2
2366806278	2
2366842808	3
2366889878	3
2367001808	4
2367058206	38
2367105576	3
2367158222	4
2367230881	3
2367413996	1
2367557143	3
2367605088	2
2367629953	3
236770150	5
2367710802	3
2367754705	4
2367927566	3
2368238768	5
2368376827	3
2368425746	3
2368463360	1
2368474872	1
2368761432	4
2368830582	3
236884767	1
2368926151	3
2368987152	3
2369083322	3
236915613	1
2369175026	2
2369220276	4
2369254477	3
2369559038	4
2369627940	4
2369998304	3
2370232028	1
2370287712	1
2370443605	1
2370520826	1
237064482	2
2373430297	1
2373813025	100
2373819572	3
2375022217	1
2375388859	2
2375489402	1
2375518802	1
2375943529	1
2377245583	1
237778292	1
2378051617	1
23789182	1
23791540	1
2379158384	1
2379511295	1
23805402	1
2380640833	1
23808281	1
2380835600	1
2381112446	1
2381187606	1
2381302812	1
238174807	1
23826951	2
2382750942	3
2383138038	1
2383275866	1
2383655022	1
2384512390	1
2385217021	1
2385812455	2
2386405406	2
23869185	1
2389017793	4
23898700	1
2390188770	1
239026022	1
2390362525	1
2390894366	1
2391395467	1
2391572880	1
2391736411	3
2392852495	1
2393522197	3
2393643025	1
239395520	1
2394624246	47
2394800863	1
2395258519	1
239536770	1
2395780129	1
2395977493	1
2396929442	1
2397207396	1
2398137084	1
2398422708	1
2398608696	1
239916045	2
239927143	2
2399276167	1
2400446299	3
2400601442	1
240078196	4
2400796212	1
2401773961	1
2401971696	1
2402001494	1
24021544	1
2402169278	1
2402502914	1
2403126061	9
2403334464	5
2404155100	1
2405169193	3
2405327364	1
2405617058	1
2406232740	1
2406363438	1
2407485002	2
2409084236	1
2409451100	1
2409749035	1
24098377	1
2409858804	1
2411180814	1
2411313732	1
2411650028	2
2411806676	1
2412042985	1
2412432794	1
241244353	1
24130283	1
2413177253	1
2413178168	1
2413556592	1
2413820364	1
2414077567	1
2414594850	2
2414862542	1
2414882947	1
2416020642	8
2416890145	1
24172445	1
2417749410	1
2417815644	1
2418172100	1
2418513583	1
2419076102	5
2419662391	1
2421010494	1
2421279036	6
2421909709	1
2422372214	1
2422699398	1
2422717412	1
2423090431	1
242359873	1
2423802402	1
2423865007	1
2424623108	1
2424639619	1
2424807881	2
2425153323	3
2425232948	3
2425942046	1
2426023660	1
2426406268	1
2426481316	1
2427212171	1
2427357128	1
2428450159	1
2428583935	3
2428667197	1
2428753448	1
2429142538	1
2429587027	2
2430190196	1
2430297818	1
243036494	2
2430422550	1
2430800040	1
2430889214	1
2431296068	1
24317132	2
2431725404	1
2431914198	1
2432636131	1
2432729868	1
2433337028	1
2433399133	1
2433742616	1
2433976747	1
2436196818	1
2436212197	1
2436409352	1
2437266342	1
2439000217	2
2439520662	2
243983947	1
2440659391	1
2440672741	1
2440751401	1
2440908018	1
24409242	1
2441524063	1
2441530682	2
244173669	1
2441939281	1
2443713589	1
2444340962	1
2444383308	16
2444437262	1
2444799816	1
2444893998	2
2445064535	1
2445112962	1
2445530796	1
244593448	4
2447209717	1
2447547871	1
244757405	1
2447901655	30
2447928920	24
2447967798	33
2449270687	1
2449290355	1
2449621513	1
2450723340	1
2450819089	1
2451115524	1
2451711853	3
2452044200	1
2452364904	1
2452745850	1
2452849380	1
2453415067	1
2453612966	1
2453912262	1
2453966486	1
2454286406	1
2454480302	1
24545077	20
2455609987	1
245574593	1
2455845108	1
2455880934	1
245712250	3
2457731790	1
2457941755	1
2459057508	1
2459198689	2
2459484787	1
24597371	2
2460532076	1
2460797593	1
2461023043	1
246134345	2
2461546381	1
2461556142	1
246218276	1
2462462756	1
2464154815	1
2464212206	3
2464355270	1
2464632324	1
2466300391	1
2466878441	1
24680689	3
2468184666	1
2468372184	4
246873064	1
2469023588	1
2469090378	1
246920706	15
2469546277	1
2469668563	1
247026337	1
2471368838	1
2471694301	1
247292506	1
2473117046	2
247321293	1
2473213592	20
2473861692	1
247392416	1
2474480462	1
247579792	1
2476610478	62
2476762164	1
2477965532	8
2478183894	1
24783987	1
247870043	1
247946309	2
2479488223	1
2481766602	1
2482364874	1
2482479847	1
2483387676	1
2483467245	3
2483491644	2
2484686894	1
2485104661	1
2485341174	2
2485487233	1
2488407218	1
2488496107	2
2489201906	1
2492833240	1
2494733244	4
2494896473	1
249531407	1
2495542669	1
2495841841	2
249822329	1
2500179804	1
25003504	1
250124677	1
2502684151	1
2503508923	1
25038416	1
2505388730	1
2507304073	1
2508636273	1
2508774962	1
2509230426	1
2509230960	1
2509232634	1
2509235196	1
2509235856	2
2509239602	1
2509241168	1
2509242584	1
2509244036	1
2509245398	1
2509247486	3
2509254541	1
2509256173	1
2509260001	3
2509260619	3
2509317180	1
2509318692	1
2509319928	1
2509320618	1
2509321614	1
2509322388	3
2509323996	3
2509328186	1
2509330868	3
2509331132	1
2509331816	1
2509334066	3
2509341769	1
2509342687	1
2509342879	1
2509344649	1
2509346425	1
2509347001	3
2509347289	3
2509349497	3
2509455960	1
2509459404	1
2509461174	1
2509463652	1
2509463946	1
2509464612	1
2509464876	1
2509465566	1
2509466630	3
2509466994	1
2509467642	1
2509467684	1
2509468698	1
2509469118	1
2509469130	1
2509469138	1
2509469360	1
2509469394	1
2509469694	1
2509470072	1
2509471236	1
2509471752	1
2509472658	1
2509473350	1
2509473578	1
2509473668	1
2509474404	1
2509474818	1
2509474964	1
2509476306	1
2509476822	1
2509476848	1
2509479336	1
2509480026	1
2509480172	1
2509481197	1
2509481646	4
2509482236	1
2509482308	1
2509483538	1
2509484911	1
2509485678	4
2509485870	3
2509486728	4
2509486826	1
2509486969	1
2509487605	1
2509487953	1
2509488656	1
2509489513	1
2509489542	4
2509489866	4
2509490197	1
2509490276	1
2509490743	1
2509490882	1
2509491019	1
2509491282	4
2509491312	4
2509491404	4
2509491823	1
2509491979	1
2509492040	4
2509492406	4
2509493624	4
2509493646	4
2509494014	4
2509494025	1
2509494372	4
2509494625	1
2509494852	4
2509495142	4
2509495428	4
2509496126	3
2509496226	4
2509497716	4
2509498045	1
2509498064	4
2509498208	4
2509498626	4
2509499148	4
2509499323	1
2509499666	4
2509500583	1
2509500608	3
2509500624	4
2509500805	1
2509501711	1
2509502708	4
2509504256	3
2509504333	1
2509506397	4
2509507004	4
2509507093	4
2509507394	4
2509507508	3
2509508107	3
2509508173	3
2509509536	4
2509510627	4
2509511527	4
2509512451	4
2509514053	3
2509517749	4
2509518163	4
2509519717	4
2509520461	4
2509521187	4
2509522099	4
2509522579	4
2509522753	3
2509523845	4
2509524289	3
2509576284	1
2509581996	1
2509583274	1
2509583994	3
2509584486	3
2509587938	1
2509588286	1
2509589264	1
2509590332	1
2509591028	1
2509591340	1
2509591880	1
2509592168	1
2509592282	2
2509593476	3
2509601971	1
2509604587	1
2509606087	1
2509609243	3
2509661556	1
2509662360	1
2509662600	1
2509663860	1
2509664220	1
2509666434	3
2509670960	1
2509673792	1
2509675292	1
2509684429	1
2509686463	1
2509687735	1
2509691533	3
2509692085	3
2509692145	3
2509692319	3
2509755276	1
2509757730	1
2509759764	1
2509761168	3
2509762686	3
2509762920	2
2509763936	1
2509764804	3
2509766348	1
2509767236	1
2509771790	3
2509779781	1
2509779901	1
2509783573	1
2509784749	3
2509787557	3
2509857846	1
2509858608	1
2509859790	1
2509860534	1
2509861866	3
2509867454	1
2509869434	1
2509870316	1
2509871138	1
2509872026	3
2509873586	3
2509873880	2
2509875140	3
2509880101	1
2509880821	1
2509884013	1
2509938972	1
2509939050	1
2509939488	1
2509946864	1
2509950350	2
2509950674	1
2509951004	3
2509955635	1
2509961641	1
2509964209	1
2509965163	1
2509965169	1
2509965991	3
2509966279	3
2509967059	2
2510048902	1
25102401	1
2510462702	22
2511294089	1
2511319782	3
2511589550	1
251218614	1
251227559	1
2515233745	4
2515622970	1
2516675941	1
25171932	1
2518440793	1
251921722	1
2519556589	1
2521984700	3
2522523884	1
2523078991	1
2523483728	1
2524163725	1
2524199083	1
2524486381	1
25248516	1
252491660	1
2525344782	1
2527694118	3
25280477	3
253096612	1
253103038	1
2531331012	1
2533540607	1
25342170	1
2534236977	2
253458739	1
2535823236	4
2535834199	1
25360971	2
25372103	4
2537458136	1
2537573257	1
2538975494	1
253947190	17
25395053	1
2539908208	1
2539976665	1
2541159535	1
254194793	2
2542229776	1
254232727	8
2542815860	1
2543068940	1
2544037806	1
2544217964	1
25442816	1
2544374612	1
2544913086	1
254507476	6
254561061	1
2546508666	9
2546675341	2
2547583967	2
2548517868	1
2548885694	1
254892390	2
2549421714	1
2549452722	1
2549902604	1
2550326456	1
2551039494	1
2551171518	1
25527335	1
2553209934	1
255386740	1
2556602405	5
2556616177	1
2556920172	1
25577220	1
2558021785	1
2558572163	1
2558783448	1
2558976854	1
2561384380	1
2562591044	1
2565311568	1
2565429648	1
25662191	1
2568686246	2
2569229846	18
257023900	1
2570479190	32
257074189	1
2571324774	1
2571752209	1
2573050008	1
2573286602	31
257375705	1
2573796667	30
2578428787	1
258038230	1
2581898371	1
2582343415	1
2582697702	1
25828514	1
2583388321	1
2583705270	386
2584103654	1
2585404027	2
258570849	1
258772488	1
258814273	1
2589785402	1
259041487	1
259056263	1
2590564267	1
2592102157	1
2592346284	1
259244797	1
25927615	1
259404876	1
259503075	4
259503793	1
2595164142	1
2596288916	2
2596473806	1
2598459266	1
2598570470	2
2599760718	1
26000876	1
260230248	2
260261397	1
2602700654	1
260288486	1
2603035837	1
2603480221	2
260390606	1
2604376841	1
26046662	7
260535327	1
2605384560	2
2606142974	1
2606255816	1
26070572	1
260832769	1
2608571289	4
26089676	1
2610018072	1
2610349321	1
2611894398	1
2612672870	1
2613132689	1
2613961836	1
2614394018	1
2614409388	1
2615451427	1
2615733188	1
2616111901	1
2616595578	1
2616874256	1
261902033	1
2619037756	1
261976631	1
2620177154	1
26212381	1
26230766	1
262489912	1
262715664	1
2628180046	1
262840817	4
262963761	1
263187362	1
263278271	1
26340080	4
2634274458	1
2638691557	1
26417909	1
2642216147	1
2643714854	29
2644599049	1
2645688038	1
264624088	1
2649290286	1
2649921242	2746
265217955	1
26539716	1
2654428027	1
26549760	1
2656800877	1
2660534513	1
266246335	1
2662565924	1
2662648582	1
26651919	1
266724401	1
2667461	1
2667731597	1
26754630	6
2677940306	1
267935654	1
26823787	1
2682663859	1
268289732	2
268385130	1
2684102142	4
268489453	1
26856282	1
2685652304	2
2686224092	1
268643072	1
2686749091	1
2687014068	5
2687131058	1
2687588550	1
2687920196	1
2689353343	1
2689938962	1
2690106522	1
2690195503	1
2690385546	1
2690524664	1
2691052928	1
2691507746	1
26918307	1
2694667118	19
2696867125	1
26971363	1
26974147	1
269767592	1
269783812	2
269817945	1
2699080273	1
269968149	1
269983326	1
2699887243	1
2700905870	1
27026969	1
2703482958	5
2703565982	1
2703959670	2
2704421316	1
2704548373	2
270455480	1
2709456114	2
2710449174	2
2710841088	1
2711726433	3
2712839634	1
2713725350	1
2714037733	1
2715475950	1
2719244960	1
2720144785	34
272193704	1
2722545343	1
2722693693	1
2723705754	1
2724082992	1
2726313374	1
2728482803	1
2729047747	1
2729795609	1
2730855593	1
2732214242	8
2732498090	7
2732529079	1
2733226091	1
2733343710	1
2735568390	1
273645645	1
2736561678	1
2737027907	1
273771649	1
2737924896	1
2738775963	1
2739222359	1
2739673907	1
274025383	1
2740618784	1
2742123124	1
2742682237	1
2742999345	1
2742999693	2
2742999819	1
2743001403	3
2743020365	1
2743021037	1
2743021421	1
2743021997	1
2743023941	3
2743024115	3
2743024127	3
2743024643	1
2743037709	1
2743040523	1
2743040757	3
2743041261	1
2743042269	1
2743042617	3
2743042804	1
2743043182	1
2743043187	2
2743044298	1
2743044387	3
2743045426	1
2743045456	1
2743048642	3
2743064195	1
2743064705	1
2743065203	1
2743065287	3
2743065629	2
2743065755	3
2743066217	3
2743075347	1
2743079019	1
2743080585	1
2743082079	2
2743086838	1
2743088032	3
2743088422	3
2743088428	2
2743089076	3
2743100855	1
2743102967	1
2743103333	1
2743104101	1
2743104221	1
2743104767	2
2743104923	3
2743115799	1
2743115805	1
2743116573	1
2743116813	1
2743117173	1
2743124572	1
2743126540	1
2743126870	1
2743127170	2
2743127860	3
2743138547	1
2743139855	1
2743139987	1
2743140221	3
2743140425	3
2743140467	3
2743149525	1
2743150443	1
2743151409	1
2743152015	1
2743153047	3
2743153527	3
2743161832	1
2743163794	1
2743164352	3
2743165222	2
2743165486	3
2743174439	1
2743174505	1
2743174937	1
2743175075	3
2743175627	3
2743175717	1
2743176041	3
2743176743	3
2743185009	1
2743185645	3
2743185723	1
2743186191	1
2743187001	1
2743198060	1
2743198192	1
2743198522	1
2743198816	1
2743199290	3
2743207673	1
2743207811	1
2743208171	1
2743209299	3
2743210487	3
2743210829	2
2743218201	1
2743218387	1
2743218435	1
2743218771	1
2743219047	1
2743219137	1
2743219407	3
2743227952	1
2743228660	1
2743230898	1
2743231262	2
2743233004	1
2743233040	3
2743233268	1
2743233544	3
2743233556	1
2743240325	3
2743240505	3
2743240553	1
2743240853	1
2743241135	1
2743241549	1
2743241801	1
2743243001	3
2743264294	1
2743264636	1
2743265950	2
2743265968	3
2743266400	3
2743267342	3
2743668739	1
2744313368	1
2745657326	1
274647959	1
274667681	1
27474851	1
2747746926	1
2748193007	1
2748307181	1
2748371603	1
2748403698	4
2748417222	1
2748517662	1
2748944294	380
2749234305	1
2749270731	1
2749335470	1546
274997124	1
2751472463	1
2752132558	1
2752699901	3
2752834070	1
2753012715	1
2753359816	1
2753470001	3
2753765476	1
2753965598	1
2754090695	1
275409688	1
2754303063	3
2754799085	1
2754872347	1
2755277992	1
2755644410	1
2755707561	3
2755846367	1
2755880883	1
2755966147	1
2756460518	1
2757042696	1
2758082475	1
2758127123	1
2758711732	1
27587616	1
2758802417	1
2758826835	1
2759102821	1
2759921943	1
2760183093	1
2760278595	1
2760400834	1
2760689482	1
2760876543	1
2761009336	1
2761070595	1
2761074285	1
2761748901	1
2762097711	1
2762161155	1
2762201218	1
2762235879	1
2762245365	1
2762699074	1
2762781393	1
2762933446	1
2763077164	1
2763607289	1
2763671979	1
2764739508	2
2765787281	1
2765821569	1
276587551	1
2766056919	1
2766334720	1
2766377288	1
276669400	1
2767065929	1
2767181955	1
2767311701	1
2767418129	1
2767586703	1
2767673110	1
2767846197	1
2767985920	1
2768552889	1
2769104013	2
27691437	1
27692585	1
2769637415	1
2772428497	1
2772880123	6
27733550	2
2773572122	132
2773581918	1
2774447993	1
277561227	1
2776939101	3
2776973567	2
2776980665	1
2777010028	2
2777097430	3
2777126336	1
2777347354	1
2777372267	1
2777694975	3
2777897813	1
2778213188	1
2778335937	2
277841758	2
277848044	1
2779253693	1
2780179612	3
2780423529	3
2780468739	3
2780833006	3
2780853762	22
2781050528	7
2781351053	3
2781576922	1
2782285907	3
2782330763	3
2782363720	2
2782656503	1
2782744421	3
2782961860	2
2783159332	1
2783176869	1
2783551648	2
278371428	1
2783744424	1
278396912	1
2784173159	3
2784229625	2
2784410127	1
278458893	1
2784831527	3
2784931431	1
2785063444	3
2785123083	2
2785201899	1
2785600526	2
2785679507	3
2786495153	1
2786556934	3
2786698564	3
2786766263	1
2786934532	1
278702699	1
2788215184	1
2788486628	1
2788544692	1
2788807690	3
2788895013	1
2790363503	1
2790369209	2
2790385887	2
2790390946	1
2790392596	3
2790393664	1
2790534968	1
2790650446	1
2790658370	1
2790714484	1
2790887013	3
2791043153	3
2791698597	1
2792030024	12
2792087110	1
2792097312	1
2792122813	1
2792867622	1
279314679	1
2793326326	3
2793678779	1
2793679714	1
2794007908	1
2795102032	1
2795789015	4
2796004904	2
2796913029	2
2796921167	3
2797483224	1
2797781755	1
2798428773	1
2798941260	53
2799021083	1
2799099988	1
2799250438	3
2799350320	3
2799385355	3
2799576735	2
2799908841	13
28004399	2
2800531190	1
2801319278	1
2801334731	37
2801875287	3
2802004584	1
2802948326	1
2804168551	1
2804250098	1
2804949383	1
2805252240	1
2805308534	1
2805929238	1
2806456582	1
2807197052	1
2807402963	1
2807847186	1
2807933014	3
2809161682	207
2810017692	145
2810270363	1
2810654513	1
2811530484	1
2812078806	1
2812981805	1
2814407782	1
2815199669	1
2815300117	1
2815764856	3
281592622	1
2816257398	1
2816696225	3
2816962214	1
2817049525	1
2817504342	1
28175534	1
2817966517	2
2818012008	1
2818134304	3
2818198537	3
2818424798	7
2818883979	1
281893591	1
2819049914	1
2819256792	1
2819299332	1
2819345568	35
28195467	1
2820042603	3
2820252585	3
2820350692	2
2820414090	3
2820450228	1
2820517135	2
2820521167	2
2820547800	1
2820765918	309
2821226980	1
2822442396	1
2822932784	309
2822938479	2
2823182148	2
2823188604	2
2823193770	3
2823212972	2
2823247740	3
2823257707	3
2823895044	2
2824019312	1
2824160307	1
2825151307	1
282599080	1
28273116	1
2827442674	3
2828187098	1
28283944	1
2828456851	1
282855835	1
2830209289	2
2830948616	1
2833545920	2
2833593244	1
2835865952	1
2835929814	3
283660297	1
28366310	5
2837295532	30
2837841	16
2837850996	1
2837979597	1
283822413	1
283826638	3
2838853995	1
2838956089	1
2839181255	1
2839522524	2
2839975129	2
2840032449	1
2840497575	1
2841068435	1
28414285	2
2842243485	2
2843621225	2
2845079442	1
284521341	1
2846068122	1
284673292	1
2846868083	4
2847072782	1
2847610537	1
2848231906	1
2849030764	1
2849665076	3
2849670044	1
284989974	13
2849940664	1
284997069	10
2850024464	3
2850067526	3
2850190126	1
2850320900	3
2850469857	1
2850490888	3
2850735112	2
2850756613	2
2850803844	3
2851043738	3
2851532003	1
2852147156	15
2853255194	2
285328829	1
2853758107	1
2854952201	8
2855177565	805
2855221033	4
28552380	1
2855613631	1
2856875116	812
2857452783	1
2857534997	1
2858272045	4
2858439618	1
2858607784	770
2858737520	1
2859294735	2
2859400425	1
2859843176	1
2860272619	2
2862269841	1
2862599829	2
2862601823	1
286270345	1
2863026998	40
2863258654	1
2863349885	1
2863497185	1
2863534034	2
2864193298	12
2864238167	1
2864267228	1
286427074	1
2864289202	1
2866175356	1
2866996208	1
2867580730	1
2868205074	8
2868975220	1
286910826	1
2869429834	3
2872180681	3
2872711263	1
2872771198	1
2874027507	1
287441095	1
2874471874	1
2874512594	1
2874609345	1
2875196356	1
2875778984	1
2876209041	1
28769199	1
2878048029	1
2878389786	1
287885364	1
28813427	1
2881702114	2
2881762721	1
2882124578	1
2884003551	3
2884040794	759
2885996262	1
2888583159	4
2888747272	1
2888882327	14
2888972431	1
2889314461	3
2889995294	1
2890905555	1
2891512955	1
2891930326	1
2892105615	1
2892124390	2
2892214186	2
2892563486	1
28944559	1
2894482635	1
2894628387	1
2894816289	1
2894841574	1
2894973731	1
2895029049	1
2895137401	1
2895245289	1
2895293381	1
2895374249	1
2895386902	1
2895387358	1
2895428517	1
2895496804	1
2895572751	1
2895927225	1
2896605933	1
2896960863	1
2897268928	1
2897427388	1
2897498647	2
2897557631	1
2897629979	1
2898358900	1
2898433630	1
2898506170	1
2898868644	1
290032559	1
2900497965	3
2901992178	1
2902395011	2
2902424509	1
2902604267	5
2902626811	24
2902762877	3
2903095195	1
2903806959	1
2903812284	1
2904072490	1
2904641538	1
290487681	1
290508519	1
2905398948	1
2906036275	1
2906434709	1
2906646252	1
2907403148	1
2907733165	1
2908385494	2
2908516568	2
2908707567	1
2909828003	1
29103862	2
2910580643	1
2911350516	1
2911535736	1
2912622806	1
2914277965	1
2914412829	1
2915372031	2
291546336	2
2916125606	1
2916173338	1
2916414283	1
2917103263	2
291738920	1
2917904289	1
2917972925	1
291903883	2
29199522	1
292035545	1
2920530674	1
2920687394	1
29212518	2
292142673	1
2922302030	1
2922356413	1
2923659851	13
2923684831	4
2923989014	1
292405607	1
2925014717	1
2925320809	1
2925485137	3
292591426	1
2925970462	1
2926129144	11
2926354562	29
2926626009	1
2927496331	1
292760122	1
292830497	1
2928690744	2
2928995946	2
2929743297	3
2931128328	1
2932666938	1
2933142155	1
2933447393	4
29354234	1
29370817	1
2937405417	2028
2937613910	1
2937636494	1
2937820688	1
2937945464	1
293797383	2
293803317	2
293984443	7
29401177	2
2942029428	34
2943167932	1
2943568391	1
2943617288	1
2944028973	2
2944508337	1
2946088539	1
2946592267	6
29468585	1
294886017	1
2948879195	2
2949199288	2
2949826379	1
2950610231	1
2952292472	6
2952584965	1
29535305	1
29568650	1
2957657961	2
2957692745	1
2957824941	1
295785773	1
295985485	1
2960712413	1
2962676963	2
2962767862	1
296325665	1
2963334519	1
2964287876	4
2964741371	1
2964825093	2
296504381	19
2966576351	1
296728637	1
29677784	1
296824934	1
2968256134	20
2968408909	1
2970749801	1
2972547483	1
2973241161	1
2973644913	1
2974702048	2
29748372	10
2975091622	24
2975449416	1
297671752	1
2976727463	1
2977272347	1
2977534029	1
2977565448	1
2978127906	1
2979021506	1
2980820019	1
2980847858	1
2980957396	2
2981325185	1
2981468729	2
2982015721	1
2982444946	1
2982951351	1
2983182948	2
2983277958	1
2983638575	3
2983641014	1
2984242248	1
2984516985	1
2985013655	1
2985049522	2
2985078718	1
2985986987	3
2986414329	1
29870954	1
2987338784	1
298810790	2
2988914325	1
2989702788	1
2989759694	1
2990332637	1
2990623192	1
2991205969	1
2991572747	2
2992395456	2
2992438825	1
2993151482	2
2993976664	1
2994053057	1
2994088477	1
299413616	5
2994219741	1
29950404	1
29951786	1
29961387	1
2996801	1
2998250067	1
2999131332	2
2999840217	1
3000583760	3
300067190	1
30012714	1
3001689924	1
3001773137	1
300229959	1
300316896	1
3003702813	1
3004054230	3
3004064042	3
3004094989	2
3004167635	1
3004227134	3
3004287344	1
3004388861	1
300445238	1
3004621436	2
3004639202	3
3004753650	3
3004865797	3
3004871054	3
3004971331	3
3005070408	3
3005654087	1
3005907307	3
3006530915	1
300669646	1
3006836376	3
3006887121	3
3006915963	3
3006960123	3
3007006397	2
3007043247	3
3007044310	3
3007046445	3
3007123425	3
3007133759	3
3007190392	3
3007212045	3
3007246163	2
3007279685	3
3007309529	3
3007326724	3
3007409728	3
3007535769	3
3007588121	4
3007606706	2
3007639805	3
3007704313	1
3007775349	3
3007779112	3
3008125858	2
3008307440	1
3008341713	1
3008446486	3
3008475752	3
3008482096	3
3008565503	2
3008577791	2
3008614621	3
3008636024	2
3008741183	3
3008763736	2
3008802954	1
3008831961	4
3008859808	4
3008872312	3
3008932385	3
3009055409	2
3009060268	3
3009061431	3
3009193294	4
3009194669	3
3009204005	2
3009321821	4
3009411592	3
3009460077	3
3009490787	2
3009552304	3
3009576605	3
3009609459	3
3009640030	3
3009660447	3
3009672424	3
3009819962	4
3010908387	22
3011278586	3
3011409686	3
3011429934	3
3011432611	3
3011444196	3
3011491363	3
3011518382	2
3011668632	3
3011682462	3
3011703234	3
3011716520	3
3011749765	3
3012106441	3
3012431720	1
3012486878	1
3012980234	1
301324617	1
3013264986	1
3014363272	1
3014946395	3
30152160	2
3015306699	3
3015588409	1
301580692	1
301637641	1
3016441887	1
3016959544	3
3017754114	2
3017870913	2
30180038	1
3018141246	1
3018491296	4
3019343434	1
3019731640	3
3019882793	1
3019946722	3
3019998918	1
3020089449	10
3020122210	1
3020179161	3
3020225603	2
3020273571	2
3020577935	3
3020786691	2
3020823581	3
3020832155	2
3021220636	3
3021480507	3
3021518553	3
3021578229	3
3021581199	3
3021581553	3
3021591231	3
3021604593	3
3021623351	3
3021634323	2
3021649743	4
3021650974	3
3021656014	3
3021658714	3
3021662051	3
3021684723	3
3021698932	3
3021699635	3
3021702605	3
3021705093	3
3021708958	2
3021709497	3
3021710980	2
3021721017	3
3021726622	3
3021739731	3
3021771629	2
3021783123	3
3021800542	3
3021842603	3
3021855088	3
3021861844	3
3021865570	3
3021871097	3
3021890331	1
3021905561	3
3021933429	3
3021955755	3
3021976576	3
3022003967	1
3022037837	3
3022039324	3
3022062983	2
3022063305	3
3022070099	3
3022072533	3
302208220	1
3022089237	3
3022114511	2
3022121884	3
3022127571	3
3022136212	3
3022176029	3
3022179922	3
3022189137	2
3022208291	3
3022213223	2
3022251784	3
3022251885	3
3022253601	3
3022273317	2
3022274669	3
3022278826	3
3022292386	3
3022316681	4
3022319795	2
3022335399	2
3022343638	2
3022356472	3
3022359286	3
3022360510	3
3022377177	3
3022378557	3
3022380106	2
3022388494	3
3022393169	3
3022401165	2
3022403315	3
3022420066	3
3022420419	3
3022420924	3
3022433002	3
3022444749	3
3022445319	1
3022452537	3
3022459492	3
3022479867	3
3022481901	3
3022482639	3
3022483678	3
3022496457	3
3022500999	3
3022503994	2
3022514979	3
3022539629	3
3022548004	3
3022581537	3
3022603504	2
3022603653	2
3022610326	3
3022619145	3
3022622986	3
3022663967	1
3022669288	3
3022671923	3
3022676303	3
3022679579	3
3022682393	4
3022695034	3
30226974	1
3022700980	2
3022702025	2
3022733608	3
3022880361	1
3022920645	1
3023145550	2
3023153735	3
3023156723	3
30231573	1
3023164360	3
3023164990	3
3023179805	1
3023224978	3
3023227209	2
3023230913	3
3023233529	3
3023239924	3
3023252728	3
3023276302	3
3023280285	3
3023294009	2
3023299090	2
3023319957	4
3023321074	1
3023321512	3
3023332737	1
3023339015	3
3023349951	1
3023449780	3
3023454124	3
3023514261	2
3023524353	3
3023537667	2
3023554192	3
3023578281	3
3023621691	3
3023634927	3
3023642524	3
3023672743	1
3023751370	4
3023787357	3
3023867711	4
3023875300	3
3023878270	3
3023893996	1
3023904827	4
3023910171	3
302391356	1
3023915937	3
3023945098	3
3023954793	3
3024014385	2
3024015316	3
3024093105	3
3024105059	1
3024108652	2
3024136775	3
3024161277	3
3024161933	1
3024170463	3
3024200056	3
3024229019	3
3024261286	3
3024261519	3
3024270255	3
3024270574	3
3024298511	3
3024299303	3
3024301870	3
3024333016	3
3024337984	2
3024379366	1
3024413141	2
3024432921	3
3024433271	2
3024449577	3
3024483803	3
3024784606	1
3025034985	1
3025388277	1
3025518377	1
30257036	1
3025741090	1
3026353292	1
3026770641	2
3027034894	1
3027174616	1
3027237724	1
3027283815	2
3027295576	10
3028689594	1
3029435291	3
302960179	1
3029863227	1
3030308568	1
3030778619	1
3031723380	1
3031860594	1
3031869372	1
3031888356	1
3031918304	1
30322151	1
3033211098	1
3033225900	1
3033249768	1
3033587887	1
3033742398	2
3033749328	1
3033813686	1
3033848641	1
3034532437	1
3034533974	1
3034831961	1
3034971098	1
3035078952	1
3035804476	1
3036882419	2
3037011643	1
3037108544	1
3038122458	1
3038154090	1
3038231102	1
3038256952	1
3038525989	2
3038630789	2
303891226	1
3039990834	2
3040200507	1
3040808631	2
3040956619	1
3041830988	1
3042503222	1
304277322	1
3043299020	1
3043430761	1
30436944	1
304376116	1
3044159284	164
3044718219	2
3044781704	1
30452090	1
3045545859	1
3046212190	1
3047732368	1
3049002569	1
3049114877	1
3049482655	2
304981480	1
3051332768	1
3051666726	2
3052060086	1
305216074	1
3052509402	1
3052899904	2
3053531043	1
30539457	1
3054124897	1
3054346369	1
3055162358	1
305518813	5
3055756890	1
3056309938	1
3056521354	1
3056546794	1
3056653283	1
3056726092	1
3056844125	1
3057684163	2
3059038717	1
3059166913	1
3060225289	1
306043018	1
3060545672	1
3060757130	1
3060849626	1
3060980592	2
3062071730	1
3062692892	1
3063127352	2
306346785	1
3063747169	2
3064140534	1
30642860	1
3064411493	33
3064428676	31
3064520638	1
3065935870	2
3065964106	3
3066012232	1
3066198028	1
3067067352	2
3067118828	2
3067121828	1
3067134824	1
3067184760	1
3067216608	1
3067223504	2
3067884686	1
3068358288	2
3068628672	1
3069420792	1
3069488491	1
3069543130	1
3069555602	1
3069894000	1
3070504969	1
3071832555	3
3072457513	1
3073241957	2
30741989	2
307495036	1
307549219	1
3075501282	1
3075811170	1
3077404974	1
3079192707	2
3079240353	2
3079273217	2
3079283470	2
3079293802	2
3079298129	2
3079307122	2
3079307729	2
3079331968	2
3079361518	2
3079374550	2
3079478038	1
307961932	1
3080651239	1
3080999975	1
3082743899	1
3086138948	1
3087769032	1
3087869221	3
3088959404	1
3091014032	1
3091077265	1
3091450559	2
3091656233	1
30918790	1
3091880403	12
3091884801	13
3091908640	2
3092351545	1
3092367370	7
3097214743	9
309903849	1
3100354804	1
3100402966	1
3101996487	1
3104813594	2
310875181	1
311654967	1
311970046	1
312036684	1
31209800	4
312329858	1
31241479	1
312722737	1
31288110	1
313138288	8
313335112	2
313524967	1
313998734	1
314249532	1
314768563	50
31480905	1
314892978	1
314914510	1
315159694	1
315354472	1
315442156	1
31568767	1
315903589	1
316116530	8
316319018	2
316469292	1
316515891	1
316863725	1
319818180	1
319934919	1
320243508	1
321360865	3
321868094	3
322034783	1
322054650	4
322281109	2
32248259	1
323174690	1
32342915	1
323701408	1
323845126	1
32395417	2
324030109	2
326175211	1
326629646	1
327442945	3
327484803	1
328066685	1
32820011	1
328209091	1
328701243	1
32919802	1
329660044	1
329877586	6
330738466	1
33079407	1
331037029	1
331159664	3
33173506	1
331928412	1
332682421	1
33328619	2
33359155	1
33420129	1
33457888	1
334600217	1
335111517	1
335619609	1
33565099	1
336125814	1
33650252	1
33780561	1
337811691	1
338555287	1
33863488	1
338712517	1
339001318	1
33923173	1
339233839	1
33962279	1
339690898	1
33980532	1
339910279	2
33994157	1
34134796	1
341481789	1
34191599	2
3425661	8
34274656	1
34296231	1
34324025	1
34328372	2
344713101	1
344778430	1
344786265	1
344787317	1
344843392	1
345169732	1
346295300	1
34677403	1
347048456	1
347161664	1
347464978	1
34761502	1
348197129	2
34821533	1
348315928	1
34891088	1
349173363	1
35002876	1
35005041	1
35005670	1
350319523	1
35094823	1
350970228	2
35134291	1
35161651	2
35162626	1
351704053	1
35202527	1
354041252	1
355312669	3
355319908	1
355340413	4
355546911	3
355642306	1
35572357	1
35582313	1
355966686	1
355967257	1
356032693	1
356200665	1
356220001	1
356226058	4
356625392	1
356629869	2
356737655	1
356910750	1
356964669	1
35753896	1
357654796	1
358088887	1
35823455	1
35869999	8
359472508	2
36032128	1
360327469	1
360331710	1
36054601	1
36085322	1
360910256	1
360939795	1
36111039	1
36148700	1
361550822	1
361645661	1
36187617	1
36226441	1
362274479	1
363199891	3
36414339	1
365077710	4
365251843	1
365562082	2
366081654	1
366179813	1
36632892	1
36673751	1
366933448	1
367021449	1
367056921	1
367662868	3
367774923	1
36815980	1
368563306	1
368760126	1
368997919	5
369164999	1
369553510	1
36975304	1
369835677	1
370478529	1
37065910	1
370662547	1
370872518	2
371668806	1
371887501	3
37229529	1
372343193	1
372759628	5
37355062	1
37358072	1
37359767	1
37360782	1
373872203	1
373969891	1
373975228	4
374470515	1
374837815	2
374845889	3
374994801	1
37547375	1
375604754	1
375606527	1
375607603	1
37628540	1
376337076	1
376444379	1
376626032	3
37679255	1
376927193	1
377054035	1
377085403	1
377153078	2
377535045	1
378010498	3
378215053	5
37915540	4
37941633	3
379944319	1
38022004	3
380897521	1
381438717	1
381603450	1
381713739	1
381872892	2
382048862	1
383077253	18
383127484	29
38340645	1
383554263	1
383927121	2
383931387	1
384164001	1
385015938	1
38526021	1
385552133	1
385674461	1
386076541	1
386771797	1
38704796	3
38718444	1
387305578	1
38732661	1
387428329	1
38788916	8
38837865	1
388444628	1
38913031	1
38938715	1
38968696	1
39039228	1
39048435	9
390735848	3
391348601	1
39220257	3
39268731	2
393167126	1
393317495	1
393794262	1
394240127	2
394749164	1
394913794	5
395065390	20
395419374	1
39546678	8788
398336179	1
398649958	1
398770944	3
39883560	1
398954192	1
399975785	1
400093951	5
40032409	1
400419867	1
40129171	1
40173650	2
401842670	1
401951727	1
402115117	3
40223227	1
402375231	1
40260310	1
402876893	3
402899562	1
403560728	1
403721819	1
403745916	1
403747903	1
404123592	2
405229960	1
406431568	1
40722958	1
40726966	1
407312673	1
407774237	2
408136428	1
408354110	2
408602991	1
408670648	1
408707928	1
40883775	1
410566588	2
410862385	1
41140413	7
41267271	1
41330603	1
413359519	1
413448697	1
413855425	1
41432870	1
414344189	1
414520221	1
414600500	7
414909904	1
415175194	1
415418856	1
415635321	1
416128112	3
418055121	1
418299880	2
418642605	1
418755608	1
41883063	1
41883285	1
41991896	1
419951447	2
420854752	1
421293572	1
421417889	1
4214321	1
421462364	1
422142861	1
422278582	4
422286706	4
422292575	4
422298644	2
422299055	2
422300409	3
422313131	4
422314584	4
422318740	4
422319684	2
422323752	3
422339792	4
422341092	3
422343993	3
422353896	3
422356458	3
422465738	3
422477041	2
422514906	3
422520219	4
422566149	2
422573822	4
422580984	2
422594327	4
422599009	4
422616187	4
422650916	3
422715700	3
422731956	4
422741588	3
422754591	4
422764626	3
422811416	3
422823822	3
423086044	2
423090581	3
423092878	3
423103118	3
423109840	4
423115069	3
423117926	3
423128487	4
423131429	3
423133976	4
423134459	3
423137353	3
423137760	3
423139686	3
423154120	3
423156647	4
423160351	2
423204567	3
423204994	4
423211922	3
423221268	3
423228210	3
423237433	2
423239939	3
423269130	4
423280367	4
423304263	3
423310469	3
423314965	4
423318937	3
423322493	3
423399055	3
423406809	2
423407640	4
423482740	3
423486228	4
423587657	4
423590967	2
423609462	4
423616808	3
423751016	1
423929137	3
423936651	3
423937422	3
423938701	3
423941901	3
423948157	4
423949864	4
423952198	3
423959839	3
423965265	3
423972326	4
423976487	3
423985204	1
423985629	4
423986045	3
423995190	3
423999642	2
424004543	3
424007863	4
424009827	3
424012963	3
424016747	4
424029998	3
424033621	3
424036051	3
424064874	3
424076668	3
424096149	3
424096547	3
424103891	4
424117595	4
424121824	4
424139797	1
424151657	4
424155697	3
424159636	3
424160912	4
424164774	3
424170492	3
424177622	4
424240065	3
424243095	3
424252371	4
424256735	3
424264340	3
424269975	4
424275401	3
424276327	4
424279874	4
424288354	3
424296934	3
424305106	4
42430754	1
424307761	4
424310087	4
424330652	3
424332048	4
424345634	4
424365812	3
424382540	3
424401203	1
424441568	1
424474416	1
42457698	1
424690180	3
424692851	3
424697504	4
424699593	3
424718209	4
424719661	3
424721787	4
424725279	4
424727923	2
424748591	3
424751681	3
424752476	3
424753439	4
424768212	3
424773195	2
424774189	3
424778365	3
424802738	4
424803952	4
424813459	3
424815169	2
424823580	3
424826756	4
424831878	4
424854971	3
424869516	3
424870877	4
424871473	2
424920822	4
424920982	1
424936546	2
424937427	3
424938854	3
424943234	4
424954301	1
424970352	3
424970974	3
424983382	3
425018240	2
425036973	3
425041450	3
425087989	4
425101845	4
425109134	4
425138094	3
425145255	4
425145360	3
425150067	2
425159439	3
425160475	3
425161170	3
425163429	4
425165066	2
425171365	3
425172252	4
425180129	3
425227926	3
425340623	1
426025966	2
42627979	1
426704897	1
42684729	1
427389702	1
427452827	1
427555011	1
428386574	1
428971031	3
429065890	5
42910193	8
42987493	1
429962510	1
430010976	1
430297317	1
430521926	1
430716201	1
431108753	42
43111757	33
431814865	1
433482267	6
433881517	11
433998809	1
434882092	1
435045392	1
435644461	1
43586693	1
435954343	1
436197252	1
43695458	1
43696268	1
437085205	1
437673995	1
438289131	2
43855487	1
438645119	1
438682166	1
43957752	1
440164765	1
44078328	1
44144586	7
44203943	1
44211853	1
443074263	1
443086055	1
443219436	2
44444038	1
44471427	1
445061776	1
44656218	2
447200490	1
447877469	1
44917104	1
44942777	1
450002126	30
45005255	1
45019295	1
45029276	1
450381355	3
450733757	1
45139836	2
451788650	1
452120881	1
452853780	1
45324720	1
453275694	1
453997534	1
454669156	1
45506282	1
45539593	4
455673828	4
456031911	1
456107944	1
456934019	1
458084740	6
458102812	1
459428431	1
459563249	4
459906323	1
460289245	1
461410526	1
46163017	1
461709336	1
46207045	2
462238790	1
463197656	1
463371706	1
46413540	1
46476819	1
465260710	1
465403720	1
465445614	5
465587377	1
465702873	1
466342445	1
466514146	1
467798739	1
46867946	1
470359977	22
471053400	2
47116408	1
47147054	1
471614266	2
47219157	1
47239026	1
472407653	1
473076037	2
473199911	46
473279639	2
473359335	1
473451684	1
473463895	4
473988753	1
47406644	2
474124762	1
474321245	7
474428104	1
474871395	1
475066802	1
475399340	1
476340109	1
476480971	1
47839554	1
478878670	1
47916750	1
48019173	1
480763269	7
480878918	2
48121429	1
481352356	2
48142375	1
482403268	1
48343043	2
484650811	1
48476699	1
48490998	1
485797194	6
485864495	1
486044893	1
48616841	1
486655468	1
48695340	1
48745143	1
487492096	2
48777793	1
48785726	1
48798180	1
488149407	1
488630926	1
488819357	1
488898360	2
489022370	4
489521582	1
489755665	1
489944784	1
490198057	6
49044100	1
49058593	1
491242798	1
491575884	1
491638601	1
491738624	1
49292083	1
49330382	1
493423721	3
493605810	1
493731667	3
49466062	1
495060232	1
495281133	1
495643490	1
496090993	1
49704440	3
497129954	1
49755033	1
49800332	1
498362115	1
498571758	1
49920069	1
50003863	1
500880711	1
50104859	1
501291126	1
502044977	3
502239855	1
502396268	1
502698653	1
50321330	1
503291228	1
50334860	1
50387743	1
50427352	1
504765750	1
504841281	1
505453404	1
505784115	1
50670972	1
507149800	1
508028610	3
508168526	1
50843675	3
509521318	1
50985241	1
510120656	1
51023090	1
511804643	1
511970896	1
514290554	1
514301654	3
51580213	2
516584199	1
51689310	1
517086021	1
517392967	63
517515333	1
520713620	1
521037032	3
52124032	1
52129033	2
521468233	1
52166809	2
521789603	1
521887760	1
521996289	1
522827630	2
52305669	4
52343977	1
524497997	1
524623571	1
524670988	1
525963811	1
526139062	1
526369595	1
52670012	1
526919545	1
527119125	1
527867387	1
52811891	1
52891634	1
529167074	37
53018984	2
53112406	1
531351424	1
531546406	2
533533327	1
53359947	3
53411028	1
534146638	1
53440222	12
534945318	1
53750598	3
537514081	1
53880925	1
539272653	2
539699081	1
53978316	1
541068308	1
541493920	3
541651410	1
54204222	1
542324757	5
54232520	1
542503400	1
54318240	1
543231788	3
543867853	19
5445652	1
54481103	1
54536679	1
547183052	1
547461296	1
548176019	1
54847712	1
54856746	1
54856859	1
548936710	1
54900331	1
549176623	1
54931385	2
549657836	2
550027342	1
55020919	3
55026273	1
550422369	1
55047777	1
55050603	1
551310992	1
55134293	1
551348048	1
551629377	1
55170438	1
55201046	2
55204980	6
552281423	1
552291840	1
55319780	1
55393798	1
554489966	1
5546982	1
554793838	1
55510260	3
555170718	1
557535541	1
55777238	2
558755062	1
558793567	7
559981858	1
561742581	2
563097968	2
56310493	2
56312505	1
563303864	1
56346642	1
563466981	1
563926328	1
564069652	1
564128146	1
56413858	1
564228153	1
564342486	1
564713883	2
564965222	1
565032072	1
565059874	1
56515244	1
565538332	12
56644534	1
567113946	1
56765410	1
568633159	1
56967901	1
570154956	1
570789542	1
571401383	1
572573743	2
574488536	1
574642749	1
575927490	1
57625375	1
576533446	1
576540784	2
576585702	1
576765914	1
578250942	1
578383794	4
578973418	2
579925401	1
582449606	4
58259566	1
582632311	1
582689833	4
582882232	6
58290199	1
584006651	1
584840423	1
584962984	7
58534193	1
585554400	1
586345901	1
586537487	1
586892461	1
58834486	2
588435629	2
589402824	1
589405354	1
589408945	1
589431699	1
58972703	1
590228606	17
59243391	1
593211808	7
59357374	1
59368081	1
59393368	1
594496361	1
595074252	1
59553034	1
59565371	1
59602832	1
600018320	1
60017224	2
600971790	1
601319257	1
60187209	3
602074770	1
60273624	1
603021174	1
60319028	1
603660185	5
604234751	2
60429918	1
604573262	1
604715104	1
604737334	2
604845633	1
605249135	1
606340754	1
60708604	1
607550398	1
60829863	1
608795362	1
610237657	2
610904764	18
610994398	20
61127928	2
611780076	1
611817117	2
611842870	1
61292961	2
6134882	1
614144001	1
61575695	1
615965380	2
61661638	1
617338375	1
618150834	1
618236533	1
618283388	1
61932015	7
620854336	3
62134887	1
621594297	1
622782639	1
624051889	605
624187942	1
624848954	2
624948377	31
62552154	1
625583005	1
625607459	1
625756886	1
626345722	1
62657097	1
627173012	1
627285575	4
62761019	1
628501779	1
628783457	1
62886110	4
629084145	1
63014149	5
631579057	1
633642914	1
63366064	20
634020001	2
634321871	1
636655989	2
63698774	1
63811312	1
64109894	4
64206504	1
64302962	1
64391036	1
64622094	1
64984150	3
65314196	1
65404938	1
65448361	1
65863093	1
65948021	1
66033904	1
66150551	1
66704731	1
67019683	1
67331165	2
67386741	2
68144782	1
68342564	2
68398169	7
68783997	1
68954112	1
69154483	1
69172612	1
69287650	1
69460360	1
69620713	1
69660624	1
69748042	1
6978502	1
69921786	1
70025109	1
70072616	1
701131459	1
701256948	1
70129342	1
70303663	1
703313623	2
70482503	4
70483060	2
70502327	1
70515960	1
705299120	1
707059891	2
707471022	1
709635912	1
71188082	1
712323524	2
712663225	1
71309826	1
7137132	1
71515895	1
71647024	1
716936335	1
71758586	1
71885806	2
718957124	3
720713834	1
72216020	1
72551465	2
725577499	235
728464027	1
72868679	1
72931582	1
73076464	1
731364636	1
731592752	1
73237994	1
733661322	3
733717446	1
734289750	1
7344572	1
735643934	4
73689949	1
73936597	1
74050073	1
741280128	1
741326226	2
741489841	1
741866850	1
743236129	31
74950126	1
75000552	1
75019515	2
750623802	1
751144417	3
751303310	1
75206067	2
752262180	1
75290848	38
753607572	1
75403678	1
754810604	1
756285547	1
75719288	1
75792796	1
75987959	1
759901363	1
75996676	2
760195754	1
760320062	2
760544600	2
761741244	3
76547516	1
765748987	1
765871291	1
76607138	1
76665776	1
766697400	1
76699963	1
76773950	1
770089374	1
77026018	1
770271320	1
77029462	1
77040095	1
771629515	24
771977774	1
77230855	1
77237040	1
776205584	6
77664629	1
776663796	1
778410144	1
77846920	1
779381424	1
77971818	1
78014820	1
78167929	1
7828112	1
782932826	1
784890702	1
78563470	3
785896321	1
78630619	1
787050746	1
78773461	1
78781973	1
78792100	1
788937373	1
78942604	1
790082490	1
79079755	1
79148972	2
79187514	4
79233326	1
793048932	1
794815	1
795541776	14
79563438	1
796126646	1
796530198	2
79691534	1
79761651	2
797989034	1
79820316	1
800297028	1
801698222	2
802447284	1
80296874	1
80323018	1
805366867	1
805678920	1
809345947	1
809552311	2
809743100	1
81031961	2
81497624	1
815278034	1
81761620	1
81818807	1
819851174	1
820110584	3
8225912	9
823003375	1
826047584	1
82663847	1
827118715	1
82726782	1
827947602	1
832969130	1
834025542	1
834370586	1
83471889	2
84350896	1
84420925	2
84502202	1
845083159	1
84602512	1
846675145	2
847134716	5
851059735	1
85127951	1
852113239	2
85331716	1
853387938	1
85504593	2
856796323	1
858651145	1
86089093	1
86147001	1
862105645	1
86255718	2
863070163	2
863145667	35
865289894	1
86796377	1
868379449	1
86878786	1
870003992	1
870299892	1
872581886	1
873822422	1
874430036	1
874438663	1
875063863	1
875762472	1
876136932	1
879275964	5
87931518	1
879711720	1
882063019	2
88321965	3
88396071	1
88456345	1
884651732	1
88552865	1
885875336	1
888239426	3
888263046	1
88977244	1
890674015	2
890951941	1
89097828	1
891040759	1
892057760	2
89248429	2
893636851	3
89639797	1
89738578	1
898159514	1
899136540	1
899454810	1
900136014	1
90146685	3
902428952	1
9031702	1
904016269	1
90439860	4
905203063	1
90704666	1
909753109	1
91017303	1
911221015	1
912735458	5
91302096	1
91376166	1
913817396	1
91412218	1
91418281	1
91439909	2
91585950	1
92008343	1
920852862	1
92198466	1
92218595	1
92236235	1
92335219	2
92546328	3
928967952	2
932069396	1
932387550	1
934095842	3
935324874	1
936824448	6
93688789	2
938670032	10
938687898	7
938703836	11
938714882	5
938741444	5
938755728	4
938777178	6
938796948	3
938797206	7
938841223	1
938853277	5
938858660	12
938879328	2
938894221	1
938896800	7
938920417	6
938929771	3
938940487	6
938940703	9
938945106	9
938973517	7
938985925	3
939917276	1
940330327	2
940434013	1
94190956	1
942438937	1
94399065	1
945419473	1
948304783	1
94846818	1
95037522	2
95135687	1
952136526	1
95219370	1
952279789	9
952590655	1
954285901	2
954347947	1
95459708	1
95498224	1
955088221	1
955172803	1
95792162	1
95939805	1
95955009	2
96009550	1
96058086	1
963563528	4
96505990	3
966529903	2
966726223	3
967113620	1
967214785	1
97030466	1
974331289	1
97503267	1
976013678	1
97627107	2
97739943	1
9801382	1
980335832	4
981236256	1
981241561	8
98257185	1
983467615	5
983473784	8
98381874	1
984776707	2
984986647	1
985282664	1
985406924	1
987590311	1
9887032	1
989500040	2
99054197	1
990937550	1
99170281	1
992018377	1
995518536	1
996335270	1
997600459	1
99895050	2
