100024370	1
1001032082	2
1001192245	55
100182054	1
1001964392	1
100258014	2
1005140833	1
101269025	1
10128262	2
1012917308	1
1013912029	2
1016153754	1
1016174119	1
1016176501	1
101652632	1
101806773	15
1018083266	20
1020054625	1
1020081481	3
1020153878	1
1020171044	2
1020182690	1
1023436759	1
1024482170	1
102475599	3
1025411929	1
1025953248	1
1027358748	2
102810801	1
102816266	2
10381282	2
1039081430	2
1039855052	1
104034095	1
1040640698	4
1041064236	7
1041977966	1
1042814112	5
104582392	1
1046312670	9
104712815	1
104952689	1
1053227130	3
1053484388	2
1054307220	3
1057242356	1
105747629	1
1058642096	1
1059530150	1
106263799	1
1064015220	16
1064700308	4
106498703	1
1066801676	1
1068103742	1
1068452287	2
107087487	1
107146393	12
1072923019	3
1076334372	1
1076946247	3
1077079634	2
1077087198	1
1077398336	12
1077692070	1
107831300	2
1079757560	1
108021761	2
108076845	1
108321412	1
10836092	1
10841502	1
1084494096	4
1085339568	3
1085662884	1
108867469	1
1088995008	1
109200080	1
1092267594	1
1092298711	2
1092305288	1
1092326809	2
1092348054	2
1092377130	3
109255317	1
1092564138	8
1097148997	1
1098083491	2
1098307922	3
1098320611	4
1098321024	3
1098327625	2
1098348188	1
1098360060	2
1098648122	2
1098727778	1
1098753547	4
1099841593	2
109995803	13
110126964	1
110147594	1
110273384	1
1102964101	1
110463712	3
110539278	1
110725368	6
1107280430	1
110781385	1
1108924453	1
1111723212	1
1113007268	3
1115053802	6
1117252645	1
1118526536	1
1120928966	1
1121028973	1
1122634170	2
112317039	6
11247222	4
1129760101	1
11308402	2
1132377396	1
1133451330	1
1134500750	1
1136106835	5
1136681167	4
113726458	13
1137292440	6
114130193	1
1141627460	34
1143265027	2
114747208	1
114845234	1
1149954571	1
1151641248	1
1152105936	3
1152536748	5
1154770386	1
1155879121	1
116229964	1
1163696714	2
1169884249	1
117157049	1
117372644	1
11762562	1
117632715	1
1177050499	1
117763544	1
117923584	2
1189850912	2
119452598	1
119627325	1
1199045490	1
1201060435	2
1202676188	1
1205940210	1
120687853	1
1209595398	4
12114462	24
121158213	6
1212621606	4
121376807	1
121405655	1
1216957902	1
1218804008	1
1219301940	20
1222261387	2
1225394076	1
1226181036	1
1226398051	1
1228451929	1
1230170300	1
123119378	3
123125462	40
123137244	16
123147423	17
1237830972	1
1237844274	1
123997989	1
1241940475	12
1242611227	1
1242695594	1
1242970514	2
1242972204	1
1243996794	5
1244011158	1
1244014266	4
1244029147	3
1244031900	6
1244041687	6
1244047045	3
1244051461	4
1244051924	10
1244738629	1
1245167102	2
124585235	10
1245926706	2
1245939253	2
1245943963	6
1245945896	4
1245955825	6
1246096020	39
1252192320	1
1253465496	1
125823687	1
126026177	1
126091315	2
1262450942	1
1263280003	2
1263284131	1
1264656612	1
1265773064	2
126640430	11
1267740108	1
1269559484	3
1272751392	8
127582088	1
1277178181	76
1277866808	6
127903829	2
1279746739	10
1279861448	1
128059999	2
128183726	1
128627725	1
1289086184	2
128979642	1
129199509	2
1297336626	275
1299253807	2
1299622676	1
129970182	1
1300794678	6
130198032	1
1305451382	1
1305796237	3
1306200696	26
1307452536	1
1308035706	2
131043626	20
1310746040	1
1311348206	1
1311745489	11
13131362	1
1313359153	5
131626753	1
131883678	1
1320995106	5
1321008216	1
13216782	1
132288724	9
133056605	3
1337227122	1
1339912453	6
1341452822	1
1341966104	1
134233015	1
1345672002	2
1345862960	3
1347071545	1
135232376	2
1354181006	2
1355510426	9
1357609256	24
1358436702	1
1362800714	1
136842204	1
136889848	1
1370946780	1
1371403890	1
137142773	1
1372592071	44
1373083340	58
1375663170	1
137654240	1
1377472224	3
137806912	1
137901322	2
1380387475	1
1381154540	1
138404716	5
1384160756	1
13860082	1
138759630	2
138766162	1
138831249	1
1389493454	1
1390277047	1
1391623020	1
1393346293	1
1393603976	50
139373116	1
1395076646	2
1397616997	1
13982672	1
14031032	1
140358745	5
1404277693	2
140570159	1
140577612	3
140641561	3
14089507	1
14104848	1
141095746	8
1411402069	28
14115381	1
141202934	1
14133912	2
141457698	1
1416078199	8
14175873	1
14184633	1
1419231625	1
14210851	1
14218219	1
142580507	1
1426740716	1
142814024	1
14292717	1
1430126299	2
14304475	1
1430670998	3
143131280	1
1433878465	1
1434158640	2
143446906	1
1439067241	6
143932795	2
1444429448	6
1447240867	6
14477861	2
1449714422	1
1452499015	5
1452702914	17
145467522	1
1455152108	4
1455749016	1
146057813	1
14613675	1
14624231	2
14626496	1
14627270	1
14633485	1
146496378	1
1467879348	2
1469977963	1
1470731052	1
1471665404	2
1471732962	1
14717580	1
1475745116	1
1475988331	2
1476010452	1
147652947	1
147712087	1
14781971	1
147902687	2
1485007568	1
1485052376	2
14877483	1
1488051955	3
14886375	20
148867781	1
14902429	8
14905769	3
1490781439	1
1490980105	7
149248764	1
14935367	1
149372504	1
149402257	4
1494333246	16
1495310498	1
149560373	9
149571760	1
1499852552	31
150094848	50
150523159	1
15100767	9
151044005	1
1510568178	1
15149566	1
1519320115	1
15246621	10
1525578823	1
1526032632	1
1526092940	1
1527119364	1
152848699	2
15296897	18
153148261	3
15315204	1
15373404	1
1537772438	1
153876973	3
1538903558	1
15400228	1
154039541	1
1541359386	1
15419030	1
15436563	1
1545125172	1
155117968	1
155197848	1
155300737	2
1554027631	1
1554889094	2
1556280006	1
15599095	1
1560174734	2
1562958518	2
15651918	2
1565809453	1
1567827828	1
156807394	1
1570835496	1
15711884	7
157613995	1
15763740	1
1579105454	1
15812482	3
15814096	2
1581782214	1
1583483839	1
15841958	2
15879693	1
158935145	3
15899320	3
159223879	1
15933674	1
1594438502	1
1596234775	4
1597660010	4
1599144288	1
1599491666	2
1601151536	1
16016675	1
1601683238	2
1602349704	3
1602854334	24
16030327	1
16043797	1
160625399	4
1606958940	1
16078390	1
16079604	5
1609138124	1
1609373209	1
1609468734	2
1610060744	1
1610111	1
1610203038	1
1610299250	1
16108979	1
161151706	1
1611625316	1
1611753956	1
1612027483	1
1612240940	1
1612339386	1
1612629188	1
1612647030	1
16140742	1
161430964	2
1614482125	2
1615422464	2
1617342134	2
1617629420	1
1618536258	1
161855898	6
16195432	1
162060435	2
1620686150	3
1620724819	3
1621011601	1
1621271	1
1621313323	1
1621323433	2
1621685971	1
1623700098	2
162419093	1
1625358085	2
1626159012	1
1626209047	1
1626330037	2
1628250546	2
162861975	1
1629282138	1
16295834	2
1631582402	1
1631737772	1
1632931111	1
1633729740	6
1634001955	1
1634354948	21
1635163472	1
163537857	1
1635393632	1
1635761240	2
16359602	5
1636010346	1
1636168988	1
1637209627	2
16381360	1
1638438229	1
1638478988	1
1638750762	1
1641310368	1
1643416490	2
164412808	1
164527067	1
1646484985	1
1647145254	2
1647503520	1
1647544951	1
164784898	4
16490381	1
1649282959	2
1650235320	1
1650594007	2
1650852008	1
1651201350	2
16515274	3
1651613910	1
1651817912	1
1651920673	2
165227265	1
1653361194	2
1653857797	1
1654091226	1
1654181610	2
1654359775	1
1655649426	1
1656418818	1
16564365	2
1656536455	2
1656679304	1
1656916909	1
1657099140	1
165724847	1
1657686121	3
1657749440	1
1657808011	1
1658994301	1
1659275089	2
1659329210	2
1659497120	1
1659700172	1
1659749954	1
1659912264	1
1660073390	1
1660097634	1
1660113734	1
1660182444	1
1660391174	1
1660534628	1
1660746048	1
166083345	1
1661284628	1
166190606	1
1661926867	1
1662048632	1
1662265915	1
1662370753	1
1662394441	1
16624235	1
1662552920	1
1662664297	1
1662722892	1
16631265	1
1664138053	28
1664500129	1
1665017238	1
1665533324	1
1665608976	1
1665653426	1
166569708	3
1665863707	1
1665936846	1
1666024026	1
16660311	2
1666244324	1
1666269666	1
1666834861	1
1669287385	1
1669753620	1
1671828877	1
1672120591	1
1672399387	1
1672474567	1
1672983343	1
1673325630	1
1673370127	1
1673701254	1
1673736656	11
1674072290	1
16746076	3
1675151924	1
1675497984	1
1676154985	1
1676345658	2
1676374710	1
1677667212	1
1677808164	1
1678579734	2
1679077015	1
16791749	1
1679274703	2
16802422	1
16806253	1
1681277161	1
1681565090	1
1681772490	1
1681865348	1
16827373	1
16827489	4
16829114	7
1683756427	1
16838276	3
16841829	23
1684709419	1
16867075	1
1687100461	1
1687566380	1
1688224735	2
1689505694	3
16895344	1
169001534	4
1690071702	1
1690144393	1
1690220852	1
1690576370	2
1690935882	1
1691603324	1
1691792016	1
1691901014	1
1692207685	1
1693137192	1
1693573718	1
1693752746	1
1694393618	1
1694447893	1
1694722513	1
1694738917	1
1695368246	1
16957270	14
1697463996	1
1697575316	1
1697671027	1
1697906425	1
1699108975	3
16995129	1
1699642860	1
1699826292	1
1700025204	1
1700112116	7
1700167742	1
1700344075	1
1700559180	1
1700847919	1
1701832352	2
17026971	16
1702878548	1
1705199383	1
1705519326	1
1706419243	1
1706958469	3
1710130952	1
1710851520	1
1711896079	1
171218431	2
17124991	2
1713038448	1
1713849307	2
1713970110	1
1718152770	1
171897351	1
1720482224	1
17206607	2
17214980	1
172427878	1
1725226974	1
1726257144	1
172810457	1
172836249	2
1728927908	1
1729518019	1
1731364866	2
173156072	1
1732382264	2
1733671153	1
1733750204	1
173455820	1
1735482102	2
1739945534	21
1741720022	1
17433343	2
17441456	3
17456362	9
174965200	1
175110235	1
175165495	1
17546809	1
175754840	5
175792847	1
17604533	1
17614702	17
176255445	5
17669982	2
17699381	1
17703264	1
17721737	1
177239631	17
17737897	1
177625505	2
177783118	3
17807998	1
17841130	3
178541458	1
1786566690	3
179022357	1
17915170	1
17991579	2
179928335	4
179932277	1
17996917	1
180274551	1
180317088	1
18034541	2
180367780	1
180473434	7
180926793	9
181057711	1
181131292	16
181187043	21
18121293	1
18126240	1
182198749	3
18225195	1
182679822	1
18272139	1
182821543	1
1828653848	2
18317149	1
183178263	1
183294525	6
1833020461	5
183339938	1
183519050	1
18359194	1
18378349	2
183853112	1
18408757	1
184376613	1
184391585	1
18468405	2
184881902	77
184933639	1
1850041968	2
1852246842	1
185256309	1
185357063	1
185409862	1
1855436449	1
1855731972	1
1855947182	1
1856688708	1
18574762	14
18578905	1
1858413972	1
1858669386	1
18586789	3
18587683	11
1858966682	1
1859203153	1
1860363079	2
1860398294	1
1861553605	1
18616722	3
1862124972	2
1862365172	1
1862727313	2
1863029208	2
18639734	3
18656319	1
1866718358	1
1867913664	1
1868520031	2
1869471378	15
1869841902	1
187177431	2
18719020	1
1872925368	1
1873440116	1
18736601	1
1874366670	2
1874391457	1
18745322	6
1874535750	2
1874613156	1
1874713082	1
1876779715	2
18770230	1
187784226	1
1879058954	1
1879570568	1
1879866679	1
1882661204	1
1883179392	1
18831987	2
1884213216	1
1884262687	1
1884431576	2
1884432494	1
1884528008	1
1885405478	1
188641199	2
18899842	1
1890299826	3
1892108414	1
1892194848	1
1892348664	1
1892416454	1
1892849378	1
1893858302	1
18941436	1
18944615	15
18945821	1
18952948	5
18968160	1
1897393765	1
1898319336	1
1900274090	1
1900552507	1
19028431	1
1903281157	1
1904821021	27
190535509	1
19076286	1
1907677742	1
1907781086	1
19079350	3
1908310796	1
1908798037	1
1910475949	1
1910724348	1
1910744604	2
1910867100	2
1910868852	1
1910936269	1
1911141452	2
1911154448	4
1911173635	4
1911226196	1
1911296821	1
1911312024	1
1911314833	2
1911368972	1
1911424554	1
1911439063	1
1911458514	1
1911482600	1
1911490975	1
1911521552	1
1911622740	1
1911628104	1
1911672950	1
1911752634	1
1911814064	1
1911866738	2
1911888852	2
1911908587	1
1911953533	1
1911973434	1
19119868	1
1911990745	1
1912096520	2
1912248553	1
1912284368	1
1912376701	1
1912382515	1
1912389026	2
1912426530	1
1912442156	1
1912470530	1
1912497007	2
1912519352	2
1912525392	2
1912549008	1
1912590452	2
1912629666	2
1912647624	1
1912653828	1
1912656686	1
1912735897	1
1912789880	1
1912803752	1
1912809984	2
1913031553	1
1913166619	1
1913171401	2
1913213376	1
1913224279	2
1913241300	1
1913255905	1
1913266578	1
1913300659	1
1913319985	1
1913323824	1
1913358186	1
1913402162	1
1913413309	1
1913425776	2
1913591101	1
1913625157	1
1913672546	1
1913739266	1
1913757949	1
1913768534	1
1913812747	1
1913830890	1
1913854464	1
1913885077	1
1913894654	1
1913915971	1
1913977339	1
1914131678	1
1914210974	1
1914220567	1
1914239179	1
1914326550	1
1914418698	1
1914430706	2
1914492373	2
1914567379	2
1914610303	2
1914627878	1
1914704612	1
1914860348	2
1915023468	1
1915083253	1
1915114578	1
1915157353	1
1915398908	1
191578187	1
1916919162	1
1917170953	1
1918115610	1
191896181	2
19191402	1
19203981	4
1921730372	1
19220698	222
1923159170	8
1923879936	5
1923902360	2
1923947209	2
1924031298	1
1924136473	1
1924218307	1
1924310023	1
1924312855	1
1924322360	1
1924353787	2
1927973174	1
19293647	1
1930762644	7
1931321792	19
1931613973	1
19318159	15
1932866845	2
193323937	3
1934214655	2
1934262241	1
1934286768	8
1934289931	3
1934321066	5
1934329934	5
1935577026	2
1935592992	3
1935601249	7
1935609325	4
1935646201	8
1935650588	7
1935657224	2
1935663590	3
19409436	1
19421215	1
1944401492	1
1944448274	1
1944646057	3
1945935708	4
1946807360	8
194681383	1
1952436260	1
19546277	8
1954730264	5
19560393	2
19578453	3
195840880	1
195870189	1
1958752610	28
1959033548	1
1961041356	6
196212494	1
19627971	4
19664951	1
196900797	1
19693729	1
1969740852	6
1971483774	1
19739279	7
197729131	1
19790872	11
198059700	1
198592923	1
199249894	2
19988458	5
20005172	2
200690224	1
20079668	6
201221109	1
201450612	1
20149508	1
201881524	3
20216291	1
20218638	1
202201906	1
20230811	1
20237993	1
202864920	1
202915788	11
20327105	11
20331665	124
20345218	3
20353621	2
203652149	19
203758641	1
20385337	1
204010235	1
20442930	1
204564525	1
20458407	213
20461206	4
20461878	4
204766425	2
20517779	2
20520010	4
20525971	1
20557393	1
20562637	2
205773369	1
20627896	1
206338797	3
20648704	1
20698977	1
207091552	1
207141071	1
207271383	2
207630487	1
208096098	1
20832994	4
20857912	14
20863565	3
20865513	1
20868465	3
20923874	1
20945283	1
210153565	2
21045893	3
21048766	1
210506986	19
21055859	1
21071068	1
210855604	2
211283915	1
21152643	2
211744108	1
212057344	5
212237830	1
212307438	1
212531237	7
21269694	1
213118052	5
213393774	1
21374267	4
2149527830	1
2150670474	1
2150927341	2
2153916871	14
2154006108	1
2154384624	2
2154938453	1
21549682	1
2155185577	1
2155532220	1
2155645134	1
2157744799	1
21579486	1
215803776	1
2159322464	3
21612446	1
216140175	1
21618221	1
2162686621	2
21633752	1
216421322	2
216490217	1
2167194078	2
2167979666	3
21681777	2
216865166	3
21689176	4
2169254353	1
2169414410	20
2171294112	1
217159658	2
2176420138	1
2176637216	5
2176795566	15
21778898	1
2178812212	3
218013625	18
2180609708	2
2181281054	5
2181326676	2
2181334776	8
2181357950	6
2181373892	5
2181681685	2
218359601	4
218430551	2
2184524905	3
2184871242	2
2185682694	1
2185769276	1
21882037	1
2189606131	2
2189917771	1
219142329	1
21917683	5
2192974494	2
2193593111	1
219429163	2
219434223	1
2194995535	1
2196900553	10
2200659410	1
22022865	1
2202573800	1
2203474081	1
2203764315	1
2204135624	16
220482784	4
2207480136	1
2207629609	1
22079148	3
2208541680	7
2209523333	1
221057424	18
221154618	1
2212338108	2
221265552	2
2214206929	1
2215782061	1
221899435	4
221904417	16
2220015630	4
222164515	3
222187111	1
222507714	1
2225935261	1
222625575	3
2226889057	1
2227396142	1
222796320	2
2229434286	1
22299521	1
223077403	1
223170008	1
22351347	4
2237475721	1
22385234	1
2239013436	1
2239240086	2
2239479319	3
2240353842	1
2240954232	1
2242801028	1
2243136331	1
224459010	1
224466293	1
2244883620	2
224613869	17
2246281812	3
2249196356	1
2249460732	4
22503672	1
22510558	3
2251910995	1
22522178	1
2253500720	3
225381056	35
2253949285	1
225423130	3
2254233655	1
2254510740	3
2255507341	7
2255599997	1
225999215	2
2260795585	25
2260954471	61
226204855	1
226311830	1
226326984	1
2263965745	1
226444873	1
2264537228	2
2264647213	1
2265128918	1
2265977400	1
2266406946	1
2267554190	2
22690112	69
2272207286	1
22736244	3
2273767279	1
2274776730	1
2275658568	98
22768356	3
2276954768	1
2279249923	1
2279926520	1
2280771642	5
2280955443	5
2280983368	5
2281188906	27
22814481	2
22818416	1
228211937	1
2282347955	1
2282580709	1
2282945649	1
22836078	1
228426881	5
2284276891	1
2284299687	1
2284909908	1
2284911876	1
2285084942	1
2285168916	2
2285188538	1
2285194603	1
2285230178	1
2285236836	1
2285265182	1
2285281272	1
2285292355	1
2285352656	1
2285388840	2
2285437585	1
2285690305	1
2285727007	1
2285754486	1
2285769037	1
2285867227	1
2285884232	1
2285996066	3
2286145784	1
22867489	1
2287145052	1
2287338392	1
2288763570	1
228977783	16
2290301731	1
2290505780	1
2290535852	1
2290682978	1
2291301499	1
2291369929	1
2291474058	1
2291478349	1
2291573438	1
2291622565	1
2291918526	1
2292090408	1
2292098376	1
2292244081	1
2292306594	1
2292425527	1
22932850	1
2293322094	1
2293377156	1
2293525364	2
2293549398	1
2293982264	1
2294184272	1
2294393130	1
229465547	2
22949704	1
2295224382	2
2295445873	1
2295476172	1
2295547106	2
2295661968	1
22960783	1
2296455499	1
2296877214	1
2296928066	1
2297140711	1
2297325180	1
2297344663	1
2297454151	1
2297518694	1
2297539927	1
2297907654	1
2297925482	1
2297935662	1
2298196208	1
2298331250	1
2298393194	6
229862784	2
2298683930	1
2298895746	1
2299226695	1
2299653149	2
229966745	7
2299898941	14
2299996566	1
2300464068	4
23006271	8
2300782620	1
2300829128	1
2300868708	1
2300869651	1
230114558	1
2301248113	1
2302298804	5
2302598977	1
2303053614	1
2305140048	6
23059499	251
230609065	1
2308979646	5
23093161	1
231164809	43
2312429599	1
2312484926	1
2312589098	2
2312637494	1
2313606248	1
231401935	1
2315114042	1
2315241744	1
2315570352	1
2315782051	1
2315974051	1
2316961993	2
2317336524	1
2318252742	2
2318551448	2
2319600132	24
2320146013	1
2320639663	1
2320728121	1
2320971079	2
2321262102	1
2322042187	1
23221109	12
2322168458	1
2322392245	2
2323078098	2
2323140463	1
2323446823	1
2323978611	3
2324906018	1
2324990623	1
2325637627	1
2326225999	3
2326387446	1
2326472702	1
232661448	1
2326734062	1
23280677	1
232870964	7
2329754462	4
2331387967	16
2332252999	1
2332557906	1
2333010277	1
2333547493	3
23335907	1
2334614718	4
2335651058	7
233566392	2
2336641943	1
23368614	4
23374799	18
23385962	1
2338670249	20
2340751033	1
2340862194	1
2341038491	1
2341281566	16
2341445778	22
2342215530	9
2342763212	6
2344146656	1
234419508	2
2344531388	11
2344573282	1
2344619544	3
2347049569	1
2348697302	1
2348716116	1
2349252943	1
234956680	1
2349911012	1
2349917270	1
2350728631	41
235073090	1
235082515	1
235305860	1
2353552285	3
235540238	2
2356794445	1
2358621787	1
2359541785	1
2360401884	2
2361590138	1
2362277231	10
23636296	2
2363914387	25
2364276199	1
2364833484	3
2364889134	1
2365373972	23
2365868560	1
2366303634	2
2366528114	1
23665498	1
2366697743	1
2366750023	8
2367633937	1
236787928	10
2368238768	6
2368283112	2
2368663530	2
2368967011	1
2369056889	1
236915613	1
2369361056	1
2369892102	1
2370024150	2
2370232028	55
2370520826	42
2370734041	6
2371001545	3
2371154119	1
2371380800	1
2371387338	4
2371704242	1
2372014244	1
2373178953	1
2373689929	2
2374307018	1
2374352150	1
2375246508	1
2375680748	4
23761139	1
2376390996	1
2376677653	1
2376975211	1
23772501	2
2377292984	1
2377959026	1
2377982490	1
2378058168	1
2378382812	1
2379222667	1
23792255	1
237955221	1
2379926064	1
23799829	56
2379987354	1
238082598	1
2381409420	1
238174807	7
2382660218	1
2382996816	1
2383452776	1
2383634756	1
2383717754	2
2385394326	1
2385476905	2
2385812455	3
2385851994	8
2385944899	62
2386264987	6
2386644121	1
2386703629	1
23869185	1
2386960670	1
2387369790	1
2388238212	1
23898700	14
239080208	4
2391736411	6
2392077660	1
2395143480	1
2395275967	1
2395431906	1
2395438038	1
2395469424	1
2395720782	2
2395723116	2
2395725385	1
2395737488	1
2395737674	1
2396947603	1
2397226940	1
2397494586	2
2397644556	1
2397863868	1
2398113007	1
2398527949	1
2398552512	1
2398658929	1
2398662216	1
2398847761	1
2399048094	2
2399059885	7
2399167872	2
2399188058	1
2399198575	1
2399200952	2
2399285504	1
2400124994	1
2400219582	1
240033834	1
2400446299	13
2400480938	1
2400601442	1
2400708050	1
2400809395	3
2400956935	1
2401443890	1
2402068554	1
2402129887	1
2402169278	2
2402190073	1
2402287723	2
2402480335	1
2402584634	1
2402632346	1
2403006032	1
24032908	21
2403314916	1
240428676	5
2404572223	2
2404793076	1
2405169193	1
2405552155	1
2405945988	2
2406273044	1
2406363438	1
2406845472	1
2407087892	1
2407125727	1
2407264932	1
2407503535	2
2407568288	1
2407623085	1
2407817682	1
2408304139	1
2408337535	2
2409150423	3
2409179832	1
2409391712	1
2409395761	1
2409434046	1
2409554736	7
2409765864	1
2410105950	1
2410115000	1
2411209602	1
2411400648	1
2411424481	1
2411545525	1
2411559949	1
2411581746	1
2411806676	1
2411979486	1
2412346352	1
2412535500	1
2412634076	1
2412858253	1
2413178168	1
2413285112	1
2413430084	1
2413509733	1
2413562594	1
2413589028	1
2413622749	1
2413629013	1
2413897500	1
2413901845	1
2414290740	1
24147131	1
2414749086	1
2414896304	1
2415096354	1
2415768284	2
2415874526	1
2415908742	2
2416020642	1
2416062278	1
2416090382	2
2416211586	1
2416217216	1
2416784341	1
2417020304	1
2417150966	1
2417191406	1
2417627701	1
2417856386	1
2418126368	1
2418136903	1
2418211033	1
2418671922	1
2418742892	1
2419012152	2
2419066363	1
2419094443	2
2419333777	1
2419395151	1
2419472630	1
2419616785	2
2419678362	2
2419848084	5
2420146172	1
2420517228	1
2421010494	1
2421242024	1
2421371832	2
2422026943	1
2422141795	1
2422592671	2
2422597292	1
2422689158	1
2422708496	1
24227424	33
2422750902	1
2423437105	1
2423443057	1
2423520410	1
2423538408	1
242360536	1
2423738072	1
2423787636	1
2423969365	1
2424241236	1
2424358214	1
2424455228	1
2424505716	1
2424534020	1
2424656862	2
242469235	141
24247232	3
2425162596	1
2425220684	1
2425415384	1
2425583983	1
2426037691	2
2426178704	1
2426881358	1
2426967902	2
2427524857	1
2427581899	1
2427751848	1
2427773827	1
2428104500	1
2428255302	1
2428391143	1
2428447033	1
2428700622	1
2428733234	1
2428802629	1
2428825921	2
2428916787	4
2429400444	1
2429446958	1
242954869	42
2429561820	1
2429798257	1
242983763	1
2429857154	2
2429920068	1
2429977687	1
2429979781	1
243009877	1
2430168169	1
2430189098	2
2430211926	1
2430214135	1
2430303200	1
2430422550	2
2430444572	1
2430675038	1
2430789192	1
2430919999	1
2431005301	1
2431116092	1
2431156842	1
2431181076	1
2431412569	1
2431469324	1
2431560098	2
2431563888	1
2431564314	1
2431600351	1
2431719672	1
2431725404	1
2431914198	1
2431954794	1
2432150929	1
2432151654	1
2432290902	2
2432356034	1
2432363030	1
2432456940	1
2432582040	1
2432658306	1
2432678144	1
2432729868	2
2432757590	1
2433153822	1
2433191413	1
2433364339	1
2433482778	1
2433547867	1
2433559154	1
2433692358	1
2433728480	1
2433880429	1
2433885288	1
2433959221	1
2434086710	1
2434100586	2
2434240633	1
2434447568	1
2434471939	1
2434587912	1
2434637287	1
2434640930	2
2434714459	1
2434770872	1
2434773859	1
2434779360	1
2434816278	1
2434818979	1
2434904383	1
2434980080	1
2434983710	1
2435038742	2
2435196079	1
2435234149	1
2435273365	1
2435344904	1
2435506874	1
2435561952	1
2435572902	2
2435746328	1
2435818646	1
2435931235	2
2435990148	1
2436086718	1
2436280597	1
2436409352	1
2436464876	1
2436574704	1
2436640434	2
2436714246	1
2436912768	1
2436971030	1
2437101716	1
2437153135	1
2437171681	2
2437265726	1
2437430706	1
2437493574	1
2437523473	1
2437623125	1
2437662810	1
2437673960	1
2437756512	1
2437779974	1
2437810206	1
2437829773	1
2437841917	1
2437913858	1
2438102336	1
2438154366	1
2438171089	1
2438284328	2
2438314706	1
2438407890	1
243849585	1
243861445	1
2438728122	1
2438748517	2
2438799565	1
2438864480	1
2438869807	1
2438985660	2
2438988133	3
2438988480	1
2439074089	1
2439154446	1
2439232814	2
2439331740	1
2439339073	1
24393453	4
2439411194	1
2439523723	2
2440070418	3
2440225920	1
2440434528	1
2440503638	1
2440542738	1
2440572216	1
2440615866	1
2440758955	1
2440836782	1
2440894303	25
2441023374	1
2441097524	1
2441149423	1
2441345042	1
2441515686	1
2441537904	1
2441628020	1
2441820522	1
2441898318	1
2441904607	1
2441930306	1
2441948954	1
244248703	2
2442633026	1
2442727267	1
2442879740	1
2442915690	1
2444014578	1
2444101152	2
2444315106	2
2444511295	2
2444569172	1
2444799816	1
2445109620	1
2445182382	1
2445382134	1
2445418580	1
2445528194	1
2445530796	1
2445596912	2
2445774398	1
2445864440	1
2445873486	1
2445882510	1
2446033100	1
2446160718	2
2446208545	2
2446282075	1
2446321825	1
2446406382	1
2446413500	1
2446424502	1
2446473576	2
2446584678	1
2446605936	1
2446641949	1
2447018108	1
2447098447	2
2447115924	1
2447437298	1
2447584430	3
2447692147	2
2447901655	33
2447911680	1
2447914999	1
2447928920	21
2447942828	1
2447967798	28
2448326244	1
2448381488	1
2448408354	1
2448492739	1
2448786078	1
2449276903	2
2449342321	1
2449384603	1
2449464194	1
2449577012	1
2449802340	2
2449843224	1
2449997550	1
2450071507	1
2450312221	1
2450328300	1
2450337223	1
2450465796	1
2450472636	1
2450496823	1
2450503758	1
2450505066	1
2450584302	1
2450595360	1
2450677549	1
2450723340	1
2451115524	1
2451136141	1
2451202670	1
2451211278	2
2451334081	1
2451718772	1
2451847412	1
2451849241	1
2451925951	1
2451977599	1
2451981078	1
2452031713	1
2452122962	3
2452150916	1
2452168122	2
2452173151	1
245219041	2
2452213514	2
2452213650	1
2452230847	1
2452297999	1
2452299320	1
2452429004	1
2452435153	1
2452664436	1
2452761188	1
2452761398	1
2452767372	1
2452849380	1
2452930562	1
2453019535	1
2453152014	1
2453313110	1
2453344928	1
2453415067	1
2453472739	1
2453474426	1
2453500478	1
2453515620	1
2453520961	2
2453537012	1
2453612966	1
2453621690	1
2453648491	1
2453661068	2
2453761598	1
2453966486	1
2453978516	2
2454380454	1
2454676398	1
2454690146	1
2454985094	1
2455061940	2
2455154046	1
2455538352	1
2455582472	1
2455609987	4
2455617168	1
2455667970	1
2455701475	1
2455705435	1
2455797864	1
2455820197	1
2455826340	1
2455845108	1
2455923872	1
2456120636	1
2456175584	3
2456242512	1
2456532000	1
2456669281	2
2456672568	1
2456719820	1
2456790793	1
2456836447	1
2456842640	1
2456865889	1
2456889487	1
2456963059	1
2457018552	1
2457072510	1
2457072667	1
2457193232	2
2457383803	1
2457395341	1
2457406423	1
2457784135	1
2457843666	1
2457941755	1
2457966050	1
2458260217	1
2458313275	2
2458538263	1
2458802696	1
2458870046	1
2458871142	1
2458968367	2
2459057508	1
2459080928	1
2459248496	1
2459266784	1
2459527098	1
2459531522	1
2459775408	1
2459782572	1
2459790691	1
2459963605	1
2460152370	2
2460415308	2
2460552805	2
24609836	6
2461008031	222
2461074024	1
2461090021	1
2461167445	1
246134345	3
2461401379	1
2461556142	13
2461796702	1
2461907034	1
246213562	8
2462153870	1
2462154396	1
2462401788	1
2462561220	1
2462639124	1
2462869814	1
2462954532	1
2462992933	1
2463044034	1
2463104724	1
2463137672	1
2463284870	1
2463334585	3
2463454776	1
2463843150	1
2464015375	1
2464026949	1
2464154815	1
2464184833	2
2464200337	1
2464284763	1
24643919	1
2464777303	2
24647967	81
24648540	15
2464992128	1
2465090228	1
2465315815	1
2465417222	1
2465453312	1
2465750718	1
2465823841	1
2465912994	1
2466120439	1
2466378638	1
2466392516	1
2466616681	1
2466631590	1
2466695947	1
2466716947	1
2466951337	1
2466977310	1
2467191422	3
2467213297	1
2467271010	1
2467342878	1
2467630454	1
2467772773	1
2467852850	1
24680689	5
2468146634	1
2468225552	1
2468259932	1
2468329549	1
2468395502	1
2468454686	2
2468706294	1
2469036276	1
2469135486	1
2469208040	1
2469286399	1
2469350898	2
2469486127	1
2469544104	1
2469558632	1
2469673682	1
2469678306	2
2469690474	2
2469751471	1
2469758978	2
2469786973	1
2469797336	1
2469797754	1
2469831210	1
2469847560	1
2469850136	1
2469867536	1
2469915337	1
2469938232	1
2471368838	9
2471694301	1
2471805528	1
2471909532	1
2472298346	2
2472566161	1
2473026780	1
2473132290	1
24747180	1
2475892022	1
2475924769	1
2476601274	1
2476609326	1
2476758518	2
2477081305	1
2477229896	1
2477281189	1
2477561786	1
2477787246	1
247785677	1
2477962122	1
2478244388	1
2478551816	2
2478700304	1
247901684	1
2479403630	1
2479414934	1
2479734697	1
2480485770	1
2480618172	1
2482433725	2
2482477681	2
2482570316	1
2483419596	1
2483512609	1
248408801	2
2484323647	1
2484337225	1
2484513824	4
2484747794	1
2484866124	2
2484901548	1
2485051441	3
2485610845	1
2485690783	1
2485780356	1
2486302381	1
2488407218	1
2489181104	1
2489308536	1
2489844007	1
2490061040	1
2490218898	1
2490226488	1
2490380311	1
2490493993	1
2490912108	1
2492568626	1
2492664480	1
2493258836	1
2494287193	2
2494330219	1
2494896473	2
2494921874	1
2495448966	1
2495542669	1
2495834532	1
2495881148	1
2497045194	1
2497112545	2
2497470973	1
249763219	1
2497816974	1
2499352022	2
2499423349	1
2500752858	2
2501925036	1
2502122899	1
2502158690	1
2502172040	1
250233843	13
2502970082	1
2502973872	1
250362250	18
2503855651	1
2504067679	1
2504420335	1
2505283824	1
2505531398	1
2505558120	1
2506420081	2
2506606106	1
2507340103	2
250758475	2
250785407	1
2509195698	1
2509682107	1
2510921336	1
2511496688	1
2512474040	1
2512506199	1
251277277	8
2512910989	6
2512977654	1
2513161543	1
2513181757	1
2513943258	1
2514196770	1
2514700621	1
251633588	1
2518870585	2
2519942598	1
2520719083	1
252130524	1
2522261120	2
2522676398	1
2523375564	202
2523483728	1
2523875905	1
2523939182	1
2525101622	1
2525578032	1
2525892205	1
2526470726	1
2527743757	1
2528316613	1
2528815442	1
2529232886	1
253062405	1
2531009426	1
2531566951	1
2531776962	1
2533540607	1
2534122836	1
253418713	40
2535083630	3
25356141	1
25364013	1
2536800362	1
253680473	1
2536821938	1
2536979618	1
2537186540	1
2537928414	2
2538026023	1
2538220560	1
2538279428	2
2538343784	1
2538570500	1
2539023386	1
253940916	1
2539613300	2
253971576	1
2540006214	1
2542070946	1
254228322	4
2542437954	1
2542559888	2
2542569396	1
2542619058	2
2542697899	1
2542774711	1
2542790347	1
2542861718	1
2542920702	2
2543005298	1
2543076715	1
2543261804	1
2543301613	1
2543409860	1
2543430523	1
2543505635	3
2543532169	2
2543573857	2
2543631552	1
2543757116	1
2543820288	1
2543838476	2
2543982175	2
2544001098	1
2544028802	2
2544055542	2
2544098874	1
2544129636	1
2544215311	1
2544332684	1
2544374612	1
2544493069	1
2544526945	1
2544585380	1
2544592057	1
2544607466	3
2544621240	1
2544732889	1
2544913086	1
2545035445	1
2545050212	1
2545050529	1
2545050823	1
254507476	9
2545125114	1
2545126832	2
2545216226	1
2545233014	1
2545266954	2
2545276435	1
2545279956	1
2545296044	2
2545328251	1
2545936604	1
25461663	1
2547053838	1
2548034736	2
2548341984	1
2548348537	2
2548359631	1
2548377974	1
2548425422	1
2548433402	1
2548454534	1
2548454875	2
2548473912	1
2548477310	1
2548495680	1
2548517868	1
2548571904	1
2548603806	1
2548616366	1
2548625810	1
2548627518	1
2548691924	1
2548709322	1
2548716386	1
2548726322	1
2548728630	1
2548766216	1
2548831782	1
2548884654	1
2548888574	1
2548901492	1
2548949780	1
2548957776	1
2549005488	1
2549026964	2
2549102899	1
2549151955	1
2549299866	1
2549343134	1
2549399148	1
2549426508	1
2549445512	1
2549452722	1
2549485615	1
2549537564	1
2549544984	1
2549568950	1
2549573340	1
2549613740	1
2549619445	1
2549648161	1
2549708755	1
2549729340	1
2549745480	1
2549778655	1
2549828419	1
2549877990	1
2549890285	1
2549896526	1
2549906102	2
2549991848	1
2549992069	1
2549994174	1
2550177354	1
2550196351	1
2550323730	1
2550368910	1
2550378044	2
2550415375	1
2550514776	1
2550566558	2
2550615067	1
2550658303	2
2550675277	1
2550705679	1
2550746396	1
2550757092	1
2550877783	1
2550903428	1
2550923294	1
2550959186	1
2550976747	1
2550998676	1
2551083781	1
2551127034	1
2551130106	1
2551131924	1
2551155631	1
2551180250	1
255249826	18
2554096992	1
2554107798	186
2554811497	2
2556031146	2
2556616177	1
2556973321	1
255820556	1
2558654918	2
255996385	1
256493626	1
2565429648	2
25662191	5
2567518027	34
2568686246	3
256999430	2
2570233256	3
257111338	1
2571590701	1
2572070462	1
2573523368	3
2574524113	2
2575101426	14
2579477766	21
258033436	1
25827743	1
2584594087	1
2584946731	25
2585209226	12
25892484	13
2590325786	10
259059584	2
2593913372	1
2595519847	1
259554796	1
2596288916	1
2597217768	2
2598570470	1
2601421506	1
2602714231	1
2603480221	3
26035296	1
26038648	2
2604579602	2
260473647	1
260609900	1
2609555142	1
2610193056	6
26125214	1
2614480104	1
261460365	4
26196339	2
26250595	1
262523943	2
262652488	1
262690181	1
262950288	2
263037408	1
263787098	1
263810030	1
263812431	1
263860145	11
264153788	22
2642354551	1
264315613	1
2645083062	3
2645755694	1
2646506552	12
2651086028	1
2652836498	1
265612915	1
2658034976	8
26583295	37
2658420401	1
2661032629	1
2662003123	1
2662003783	1
2662043284	1
2662369063	2
2662587233	1
2662602515	2
2662605501	1
2662641964	1
2662870393	1
2662924486	2
2663045346	1
2663089169	1
2663469238	1
2663577899	1
2664239892	1
2666226978	2
2666496709	1
2667731597	5
266799789	14
2668336109	1
2671783163	2
267384172	1
26775476	1
2678090893	45
268006481	13
2680160755	1
26849804	1
26854472	1
2685751861	1
2685856327	1
2685984139	1
2686075458	1
2686092716	1
2686157665	1
2686196766	1
2686291788	1
2686361234	1
2686385785	1
2686655983	2
2686739941	1
2686749048	1
2686749091	1
2686775802	1
2686829178	1
2686869288	1
2687024280	1
2687072382	1
2687107897	1
2687118805	1
2687130697	1
2687199685	1
2687238198	1
2687296717	1
2687365728	1
2687489124	2
2687538156	1
2687555778	1
2687579538	1
2687624274	1
2687657906	1
2687777335	1
2687847283	1
2687852666	1
2688068264	1
26880763	3
2688122857	1
2688179046	1
2688204474	1
2688290244	1
2688293538	1
2688308834	1
2688337855	1
2688440292	1
268844094	11
2688468884	1
2688561516	2
2688669638	1
2688736394	1
2688753619	1
2688767838	2
2688796976	1
2689065938	1
2689072627	3
2689150506	1
2689226184	1
2689230480	1
2689367341	1
2689415809	1
2689423194	2
2689622275	1
2689624477	1
2689632278	2
2689653937	1
2689801939	1
268995712	1
2690015917	1
2690034624	1
2690038273	1
2690045930	2
2690108586	1
2690121396	1
2690143711	1
2690185862	2
2690195503	1
2690208542	1
2690213130	1
2690219731	1
2690321348	1
2690350316	1
2690357448	1
2690366960	1
2690376836	2
2690429328	1
2690465773	2
2690505534	1
2690578862	1
2690651148	1
2690665146	1
2690708125	2
2690736163	1
2690764146	1
2690819250	1
2690874529	1
2690933059	2
2690961073	1
2692372152	1
269294861	2
2693358919	2
2693370026	2
2693479849	1
2693549905	1
2693607025	1
2693713662	1
2693791370	1
2693910080	1
2694161869	1
2694162234	1
2694195811	1
2694281562	1
2694286970	1
2694624362	1
2694650766	2
2695397479	1
2695500751	1
2695546891	1
2695557062	1
2695582160	1
2695590798	1
2695629752	1
2695702897	2
2695829299	1
2695878540	1
2695892311	1
2695945706	1
2695974992	1
2696064602	2
2696097134	1
2696188255	1
2696324868	2
2696434620	1
2696556234	1
2696562194	1
2696566974	1
2696634746	1
2696858983	1
2696865516	1
2696867125	1
2696978310	1
2697063823	1
2698534093	1
2698744388	10
2698769630	1
2698976658	1
2698977878	1
2699087383	2
2699116099	1
2699154968	1
2699239394	1
2699362142	1
2699366360	2
2699418343	1
2699591221	1
2699832691	1
2700040386	1
2700079748	1
2700086005	1
2700096308	1
2700102042	1
2700201067	1
2700281346	1
2700326318	2
2700334165	1
2700739058	1
2700887940	1
2701381363	1
2701436990	2
2701721772	1
2701756968	1
2702000618	2
27026969	1
2703017876	1
2703101706	1
2704457712	1
270481972	17
2704863368	1
2704893457	1
2704941350	1
2704957579	1
2705173928	2
2705225341	1
2705253350	1
2705267696	1
2705296003	1
2705298391	1
2705381304	1
2705534022	1
2705655360	1
2705671885	1
2705681090	1
270587234	1
2705919258	1
2705933210	1
2705992525	1
2706036360	1
2706111115	1
2706355880	1
2706435258	1
2706485546	1
2706640440	1
2706692664	1
2706754416	1
2706792698	1
2707411560	1
2707440576	1
2707843382	1
2708042816	2
2708092267	2
270918442	1
271002958	4
2710213821	2
2710561359	1
271066612	1
2711411250	2
2711628616	1
2711726433	3
2711820565	1
271211220	9
27126243	1
271407856	1
2714985810	2
2715646770	1
2715894908	3
2718047459	1
2720144785	3
2721079981	1
272125054	2
2722545343	2
2724523722	1
272487947	10
2725612321	1
2728390889	1
2728482803	2
2730419234	1
273046994	1
2730855593	1
2732425088	2
2733717987	1
2734069648	1
2734320736	1
2734383893	1
27351818	2
2735710545	1
2735820760	1
2735864729	1
2735906433	1
2736042941	1
2736131151	1
2736453161	1
273652176	1
2736580017	1
2736894074	4
2737007830	1
2737022153	2
2737173747	1
2737189805	1
2737193747	1
2737237587	1
2737457182	1
2737519909	1
2737604711	1
2737805717	1
2737809735	1
2737865483	1
2737912515	1
2737935543	1
2738014199	1
2738100202	1
2738117183	1
2738158318	1
2738195861	1
2738209113	2
2738230019	2
2738270835	1
2738481785	1
2738482163	1
2738612254	1
2738628077	1
2738723915	1
2738746198	1
2738775963	3
2738883363	1
2738927523	1
2738948338	1
2738958269	2
2738999195	1
2739012123	1
2739046185	2
2739146225	1
2739380021	2
2739439732	1
2739448766	1
2739509723	1
2739543730	1
2739544947	1
2739601377	2
2739697078	1
2739755302	1
2739757755	1
2739798263	1
2739805281	1
273984441	2
2739857289	1
2739858777	1
2739860531	1
2739930341	1
2739939143	1
2740000162	1
2740162385	1
2740260184	1
2740429216	1
2740797856	1
2740839341	1
2740868553	1
2740886543	1
2740926376	1
2740942696	1
2741030446	2
2741064035	1
2741149211	1
2741156080	1
2741156507	1
2741175897	1
2741267559	1
2741304593	1
2741321393	1
2741324727	1
2741402788	2
2741768487	1
2741797756	1
2741890245	1
2741902739	2
2741913525	1
2741940509	1
2742030262	2
2742030299	2
2742033225	1
2742110243	1
2742133504	1
2742137299	7
2742141203	1
2742144561	1
2742233026	1
2742287301	1
2742439943	1
2742657509	1
2742786597	1
2743164141	2
2743209261	1
2743359179	1
2743533387	1
2743552798	1
2743641378	1
2743805045	1
2743923275	1
2745064880	1
2745075751	1
2745102056	1
2745114192	1
2745325344	1
2745539815	1
2745772622	1
2746058888	2
2746199568	1
2746234371	1
2746254118	1
2746289704	1
2746300417	1
2746341386	1
2746361433	1
2746398602	1
2746443035	1
2746486048	1
2746508548	1
2746555953	2
2746703126	1
2746717633	1
2746783650	1
2746797868	1
2746880877	1
2746952052	1
2747018249	1
2747038569	1
2747099662	1
2747118377	1
2747166742	1
2747168171	2
2747200659	1
2747217973	1
2747299252	1
2747359684	1
2747425468	1
2747470161	2
2747481008	1
2747535322	1
2747537098	1
2747572570	1
2747588848	1
2747700453	1
2747746926	1
2747747595	1
2747826273	1
2747873686	1
2747887642	1
2747902839	1
2747929427	1
2747934111	1
2747979447	1
2748148485	1
2748152715	1
2748226523	1
2748237185	1
2748247233	1
2748309875	1
2748360640	1
2748371603	1
2748376073	1
2748390665	1
2748397209	1
2748409891	1
2748429507	1
2748437345	1
2748444869	1
2748448133	1
2748454233	2
2748494609	1
2748505671	1
2748546443	2
2748587075	1
2748619001	1
2748620435	2
2748627448	1
2748684550	1
2748985287	1
2749014179	2
2749018421	1
2749021534	1
2749059652	1
2749141571	1
2749218208	1
2749270731	1
2749294571	1
2749335470	94
2749369175	2
2749425029	1
2749480486	1
2749498197	1
2749502500	1
2749557459	1
2749604283	1
2749863880	1
274997124	1
2751194333	1
2751248716	1
2751277367	1
2751427337	1
2751427469	2
2751436853	1
2751456478	1
2751470315	2
2751472463	1
2751501838	1
2751518217	1
2751520283	1
2751522741	1
2751552514	2
2751556515	1
2751693976	1
2751752829	1
2751800573	1
2751812092	2
2751818465	1
2751859367	1
2751875266	1
2751902021	1
2751906671	1
2751966400	1
2751982257	1
2751992195	2
2752035328	1
2752148602	1
2752151386	1
2752243036	1
2752345727	1
2752402461	1
2752449189	1
2752575989	1
2752580855	2
2752624270	1
2752710693	1
2752748649	1
2752811177	1
2752856717	1
2752920593	2
2752998347	1
2753021865	2
2753031628	1
2753033201	1
2753079821	2
2753090583	1
2753111861	1
2753129301	1
2753137509	1
2753219524	1
2753241995	1
2753275667	2
2753292827	1
2753300061	1
2753314281	1
2753350785	1
2753407552	1
2753470001	3
2753567111	1
2753570153	1
2753719216	1
2753732703	1
2753747187	1
2753769126	30
2753813176	1
2754005165	1
2754010275	1
2754085579	1
2754143116	2
2754145595	1
2754179554	2
2754204617	1
2754226685	1
2754250706	1
2754265576	1
2754266770	1
2754277111	1
2754312789	1
2754339479	1
2754357251	1
2754407526	1
2754446795	2
2754467544	1
2754469367	1
2754501062	1
2754521593	1
2754542641	1
2754550293	1
2754616748	1
2754648216	1
2754682371	1
2754723625	1
2754751329	2
2754768399	1
2754778120	1
2754799085	1
275483015	4
2754888344	1
2754903685	1
2754912046	1
2754940077	2
2755053226	1
2755147078	1
2755288803	1
2755353376	1
2755393031	1
2755476141	1
2755514621	1
2755560479	2
2755613715	1
2755652879	1
2755660594	1
2755728064	1
2755774990	1
2755781164	1
2755789867	1
2755817337	1
2755831463	1
2755874037	1
2755880883	1
2755916068	1
2755924607	1
2755930173	1
2756083541	1
2756158031	1
2756177625	1
2756185785	1
2756221221	1
2756264038	1
2756445613	1
2756510059	1
2756552894	1
2756555216	1
2756560512	1
275659310	1
2756644727	1
2756695511	1
2756706393	1
2756726384	1
2756810477	1
2756827437	1
2756893261	1
2756943735	2
2757042696	13
2757217383	1
2757264727	2
2757269633	2
2757283805	1
2757383741	1
2757385963	1
2757585947	1
2757656746	1
2757663169	1
2757838553	1
2757856562	1
2757869109	1
2757904047	1
2757999209	1
2758001153	1
2758004979	1
2758005321	1
2758007740	3
2758019014	1
2758027725	2
2758048821	2
2758052753	1
2758082475	1
2758098370	1
2758116257	1
2758127123	1
2758163585	2
2758198203	1
2758221893	1
2758251035	2
2758253842	1
2758257861	1
2758288024	1
2758311826	1
2758338911	1
2758345743	1
2758352831	1
2758540431	1
2758568810	1
2758631901	1
2758634206	1
2758635148	2
2758707855	1
2758735863	2
2758826835	1
2758930635	1
2759003560	1
2759008024	2
2759009579	1
2759011781	1
2759021379	1
2759091503	2
2759094929	1
2759111074	1
2759134833	2
2759186174	1
2759200102	1
2759292929	1
2759299157	2
2759326427	1
2759347361	1
2759368871	1
2759388599	1
2759394305	1
2759454357	1
2759523703	1
2759559855	1
2759562092	2
2759594985	1
2759601917	2
2759602054	2
2759623222	1
2759630051	1
2759638008	1
2759690771	1
2759694070	1
2759704415	1
2759722079	1
2759740398	1
2759796531	1
2759818539	2
2759866079	1
2759921943	1
2759961923	2
2759974516	1
2759980387	1
2760110033	2
2760145749	1
2760151763	1
2760170543	1
2760175419	3
2760190624	1
2760230091	1
2760258010	2
2760306838	1
2760345058	1
2760360239	1
2760429723	1
2760443639	1
2760535900	2
2760629263	1
2760839579	2
2760879996	2
2760891701	1
2760924976	2
2760927137	1
2760948350	1
2760948838	1
2760965573	1
2760987726	1
2760998489	1
2761009336	1
2761020317	1
2761029387	1
2761031458	2
2761038923	1
2761072102	1
2761072576	1
2761074285	1
2761097848	3
2761119869	1
2761125915	1
2761155280	1
2761165529	1
2761167120	1
2761202345	1
2761279727	2
2761286656	2
2761296401	1
2761343002	1
2761344707	1
2761368203	1
2761383169	1
2761504090	1
2761533220	2
2761544266	1
2761560495	1
2761566520	1
2761572429	1
2761592392	1
2761593971	1
2761627090	1
2761629659	1
2761650537	1
2761659017	1
2761667613	1
2761689081	2
2761705509	1
2761716046	1
2761738791	1
2761747339	1
2761752237	1
2761774828	1
2761781951	1
2761785178	1
2761792563	1
2761797742	1
2761801168	2
2761829176	1
2761864265	1
2761864271	1
2761878072	1
2761884441	1
2761917075	1
2761949031	1
2761972563	1
2761982122	1
2762033914	2
2762042566	1
2762088657	1
2762095863	1
2762214737	1
2762235879	1
2762239625	2
2762251721	1
2762288864	3
2762305204	1
2762352065	1
2762397623	2
2762406841	1
2762600143	1
2762601689	1
2762611931	1
2762645214	2
2762672703	1
2762675417	1
2762683624	1
2762689377	1
2762715040	1
2762739397	2
2762776421	2
2762805153	1
2762808154	1
2762847249	1
2762855369	2
2762904922	1
2762950786	1
2763013478	1
2763049793	1
2763077164	1
2763139973	2
2763299017	1
2763315373	2
2763507027	1
2763586040	1
2763621347	1
2763635783	1
2763660657	2
2763725480	1
2763837927	1
2763846520	1
2763875673	1
2763911189	1
2764014952	1
2764037068	1
2764044490	1
2764084007	1
2764098963	1
2764115836	2
2764165599	2
2764175830	1
2764213012	1
2764265663	1
2764398179	1
2764461363	1
2764566991	1
2764588737	1
2764592043	1
2764597107	1
2764602465	2
2764650594	1
2764860776	1
2765167242	2
2765200410	1
2765243258	1
2765624577	1
2765628803	1
2765685586	1
2765733622	1
2765739707	1
2765769593	1
2765787505	1
2765792055	1
2765802377	2
2765817888	1
2765842650	1
2765868568	2
276587551	2
2765959539	2
2765959726	1
2765988969	1
2766048032	1
2766049845	2
2766051249	1
2766056919	1
2766071708	1
2766088702	1
2766105268	1
2766114786	1
2766115745	1
2766122249	1
2766133167	2
2766137473	1
2766141005	1
2766143374	2
2766147189	1
2766167451	1
2766194957	2
2766208600	1
2766216286	1
2766225327	1
2766242961	1
2766278222	1
2766280966	1
2766311997	1
2766324250	1
2766348273	1
2766377049	1
2766423700	1
2766519340	2
2766531971	2
2766592007	2
2766655544	1
2766675631	1
2766711495	1
2766816496	1
2766821049	1
2766847091	1
2766858219	1
2766865224	1
2766872267	1
2766873593	1
2766882514	1
2766889311	2
2766896585	1
2766919397	1
2766924424	1
2766962716	1
2766963472	1
2766974020	1
2767014383	1
2767015779	1
2767066361	1
2767093679	1
2767125653	1
2767128357	1
2767181925	1
2767181955	1
2767191789	1
2767220475	1
2767244781	1
2767270385	1
2767308387	1
2767324337	1
2767326480	1
2767414707	1
2767435331	1
2767462252	1
2767478128	1
2767752021	1
2767846197	1
2767891095	1
2767893947	1
2767929377	1
2767943656	1
2767950287	1
2768028749	1
2768031779	1
2768040305	1
2768057081	1
2768069109	1
2768116745	1
2768139948	7
2768147987	1
2768190202	1
2768190953	1
2768191959	1
2768203775	1
2768255170	1
2768264237	1
2768298369	2
2768298580	1
2768321781	1
2768428701	1
2768464961	2
2768467335	1
2768469953	1
2768478118	2
2768593708	1
2768620001	2
2768725923	1
2768782043	1
2769362001	1
2769386543	1
2769406276	1
2769441399	1
2769492023	1
2769521099	1
2769528423	1
2769536823	2
2769563098	1
2769671327	1
2769682125	1
2769703270	1
2769715546	1
2769718947	2
276972392	1
2769736419	1
2769739991	1
27697529	1
2769777887	2
2769786484	1
2769811354	1
2769839961	1
2769903010	1
2770034428	2
277057449	1
2770787525	1
2770792169	1
277081955	2
2770828156	1
2770868483	2
2770883883	1
2770939541	1
2771404803	2
2771795999	2
2771823707	1
2771838213	1
2771953882	1
2772358132	1
2772434783	1
2772484889	2
2772550343	1
2772601852	1
2772730179	2
2772877379	2
2772880169	1
2772899927	1
2772919761	1
2772951857	1
2772966670	1
2772983681	2
2773024210	1
2773040013	1
2773048539	1
2773059237	1
2773066456	1
2773139055	1
2773142241	2
2773156623	2
2773191076	1
2773254106	1
2773383467	1
2773450251	2
2773453083	1
2773475062	1
2773572122	1
2773640069	1
2773749251	1
2773782064	1
2773807809	2
2773841068	1
2773850626	1
2773852277	1
2773859766	1
2773878874	1
2773879552	1
2773883021	1
2773910469	1
2774043904	1
2774057349	1
2774103701	1
2774245798	1
2774262549	1
2774298387	1
2774372151	1
2774376713	1
2774415449	1
2774447993	1
2774495669	3
2774522409	1
2774525667	1
2774546739	1
2774569701	1
2774590432	1
27746125	11
2774665938	1
2774711699	1
2775781149	1
2775831593	1
277593602	5
2775963721	2
2776125867	1
2776625157	1
2776720635	1
2776929232	1
2776939101	1
2777010028	1
2777074683	2
2777158779	1
2777168489	1
2777553275	1
2777704540	1
2777733023	1
2777798315	1
2777801895	1
2777884361	1
2777923354	2
2777934220	1
2778149795	1
2778168941	1
2778182643	1
2778204154	2
2778432771	1
2778785285	1
2778878829	1
2779095970	2
2779152501	1
2779159084	1
2779265537	1
2779474599	1
2779505134	1
2779582241	1
2779690545	1
2779739849	1
2779919381	1
2780155305	1
2780172574	1
2780421621	2
2780545864	1
2780791565	1
2780796664	1
2780797553	1
2780800673	1
2780804547	1
2780835257	1
2781050528	1
2781150323	2
2781230247	1
2781275483	1
2781523419	2
2781635428	2
2781688927	1
278175377	1
2782153149	1
2782252438	1
2782252462	2
2782323027	1
2782395767	1
2782414211	1
2782455531	1
2782456942	2
2782641395	1
2782654827	1
2782663995	2
2782703367	1
2782704783	1
2782719617	1
2782741661	2
2782749825	1
2782753330	1
2782767459	1
2782844428	1
27828974	4
2782942659	1
2783033062	1
2783048314	1
2783062247	1
2783082251	1
2783084098	1
2783184905	1
2783215193	1
2783223959	1
2783242593	2
2783275432	2
2783285565	2
2783335457	1
2783338845	1
2783353965	1
2783356828	1
2783359834	2
2783375259	1
2783380930	1
2783433579	2
2783438843	2
2783475970	1
2783506187	1
2783517472	1
2783561200	2
2783574537	1
2783752892	1
2783881684	1
2783932714	1
2783942104	1
278397456	1
2784007443	2
2784079547	2
2784082299	1
2784114364	1
2784168617	1
2784285610	1
2784410127	1
2784420029	1
2784583588	1
2784634240	1
2784670108	1
2784710849	1
2784711112	1
2784757491	1
2784785596	1
2784844558	1
2784848230	1
2784876539	1
2784898997	1
2784902061	1
2784942244	1
2784976977	1
2784980957	1
2785053371	1
2785067823	2
2785069703	1
2785152615	1
2785160045	2
2785168036	1
2785169000	21
2785267246	2
2785313351	1
2785421368	1
2785500605	1
2785846253	1
2785876341	1
2785894342	1
2785931536	1
2786062216	1
2786064538	1
2786077349	1
278612618	1
2786139202	1
2786216565	1
2786275138	1
2786275665	1
2786317599	1
2786340639	1
2786349646	1
2786363069	1
2786427448	2
2786443835	1
2786535545	1
2786581647	1
2786590101	1
2786604735	1
2786634591	1
2786634639	1
2786660812	1
2786677161	1
2786677493	2
2786715245	1
2786737816	1
2786766263	3
2786768621	1
2786793927	1
2786816584	1
2786835982	1
2786845485	1
2786866594	2
2786953511	1
2787084424	1
2787117407	1
2787233291	1
2787310109	1
2787560236	2
2787566567	1
2787580791	1
2787617087	1
2787633915	1
2787762784	2
2787791915	1
2787826627	2
2787945598	1
2787998709	1
278804483	1
2788047050	4
2788218207	1
2788238997	1
2788262291	1
2788345788	1
2788488099	1
2788544692	1
2788588083	3
2788743137	1
2788917885	1
2789072633	1
2789108081	2
2790141030	2
2790190080	1
2790224569	1
2790236220	1
2790238602	1
2790317003	1
2790363503	1
2790369209	1
2790376422	1
2790392596	1
2790577649	1
2790670049	1
2790694615	1
2790731459	1
2790888233	2
2792041422	3
2792087110	1
27922928	22
2792489068	1
2792675129	1
2793185561	1
2793260093	2
2793372045	1
2793605949	1
2793679714	1
2793807172	1
2793850077	1
2793885015	2
2794124938	1
2794269939	1
2794743940	1
2794804156	1
2794882113	1
2795027567	1
2795035053	1
2795130352	1
2795789015	25
2796986303	1
2797431735	1
2797478932	1
2797486751	1
2797566478	1
2797692208	1
2797704688	1
279771398	1
27980718	1
2798315799	1
2798664641	2
2798829562	1
2798959605	1
2799007504	1
27990259	2
2799359885	2
2799908841	15
2800242683	27
2800245445	2
2800308249	1
2800529903	1
2800727029	1
2800986959	1
2801096858	1
2801104392	2
2801118488	1
2801152221	1
2801175505	1
2801334731	159
2801357817	2
2801474746	1
2801536974	1
2801652478	1
2801852427	1
2802003115	1
2802004584	1
2802234866	1
2802272246	194
2802289489	1
2802749666	1
2802948326	1
2803070583	1
2803223635	1
2803699148	1
2804036364	1
2804251705	1
2804319866	1
2804327617	1
2804471278	1
2804570873	1
2804870168	101
2805359153	1
2805899498	1
2806072825	1
2806101001	1
280702508	1
280781987	1
2808034997	1
2808184550	1
2808299480	1
2808474816	1
2808738798	2
2808916765	1
2809041697	1
2810035518	1
2810065639	1
281044203	1
2810619856	1
2810931216	1
28114595	1
2812960932	1
2812981805	19
2813488316	1
2813551386	1
2813781111	1
2813959080	1
2814132883	1
2814172134	1
2814302305	2
2814616638	1
2814630267	1
2814663165	1
2814810680	1
2814938052	1
2815300117	19
2815564260	2
28166574	2
281709557	4
28175948	5
281778403	1
2817876204	1
2818012008	159
2818198537	2
2818243225	1
2818424798	10
2818883979	1
2818985232	2
2819256792	6
2819345568	5
2820414090	1
282041842	2
2820517135	1
2820521167	1
2820969343	1
28220201	4
2823182148	1
2823188604	1
2823193770	1
2823257707	1
2825270328	101
2825488928	1
282599080	2
2826416593	3
2827442674	1
282782650	4
2828681345	614
2831871710	1
2832925705	1
2833677985	1
2835936624	1
28372030	1
2838025403	4
283802591	3
283822413	2
283969398	3
2839975129	3
2840234932	21
2841194833	2
2841521308	4
284174585	1
28420503	1
2842243485	1
2843018131	1
2844922621	1
2846256236	1
2848072954	2
2849030764	1
28491774	1
2849940664	1
2850277725	3
2850831413	1
2850973677	1
2852147156	26
285328829	4
2856034139	1
285613484	1
28571999	4
2857452783	1
2857607024	4
2857975030	1
2858737520	1
2859249797	2
2859426516	1
2859741091	2
28610422	6
2864127489	5
286427074	5
2865193072	1
2866175356	1
2871164641	2
2872180681	1
2872711263	1
2874609345	1
28756019	1
2875715945	2
2875909930	5
28769199	26
287699802	3
2877450791	2
2878440015	1
287966215	2
2880143019	1
28803148	2
2881595931	25
28838306	2
2883878790	1
2885532683	9
2886097605	2
2886530201	2
2886999940	60
2887130764	1
2888583159	4
2888729354	16
2890121678	3
2890462752	3
2891432198	1
289145598	1
289206404	1
2892068040	1
2892237603	1
28924498	1
2893115784	1
2893129192	1
2894661046	1
2894664994	1
2894694238	1
2894699129	1
2894711926	2
2894712106	2
2894743283	2
2894752517	1
2894757077	2
2894759290	1
2894759440	2
2894768811	1
2894770245	1
2894770569	1
2894778495	1
2894827769	1
2894834259	1
2894856899	1
2894858609	1
2894897230	1
2894929540	1
2894930097	1
2894937779	1
2894939439	1
2894946939	1
2894960043	1
2894964957	1
2894966843	1
2894990308	1
2894995581	1
2894997531	1
2895021995	1
2895023027	1
2895029049	1
2895034439	1
2895038751	1
2895046601	1
2895062830	2
2895066755	1
2895072586	3
2895073336	1
2895089591	1
2895101452	1
2895127227	1
2895169505	1
2895212097	1
2895213939	1
2895215457	1
2895234375	1
2895251709	1
2895270225	1
2895272943	1
2895277270	1
2895279196	1
2895285735	1
2895301450	1
2895310293	1
2895311830	2
2895315713	1
2895319319	1
2895324658	1
2895327723	1
2895337497	1
2895344033	1
2895359325	1
2895359752	1
2895363221	1
2895368536	2
2895372119	1
2895378118	1
2895380278	1
2895381467	2
2895383177	2
2895386902	1
2895387358	1
2895402676	1
2895402957	1
2895403390	1
2895418323	1
2895424625	1
2895424906	1
2895443033	1
2895446783	1
2895453105	1
2895453658	1
2895460517	1
2895460631	1
2895461435	1
2895464314	1
2895464643	2
2895466228	1
2895466701	1
2895467211	1
2895468695	2
2895474634	1
2895476092	1
2895481527	1
2895496804	1
2895498083	1
2895505018	1
2895506440	1
2895508011	1
2895510808	2
2895517498	1
2895520821	1
2895521223	1
2895524847	2
2895525310	2
2895528225	1
2895533507	1
2895554782	1
2895558262	1
2895558773	1
2895570292	1
2895578956	2
2895618621	1
2895621155	1
2895624123	1
2895651471	1
2895653825	1
2895659885	1
2895690677	1
2895757743	1
2895774329	1
2895797007	1
2895825617	1
2895843243	1
2895849821	1
2895861113	1
2895872008	1
2895887071	7
2895893595	1
2895903634	1
2895927370	1
2895931648	1
2895932581	1
2895997468	2
2896027103	2
2896041623	1
2896042155	1
2896073836	2
2896138336	1
2896145123	2
2896153780	1
2896158839	1
2896165624	2
2896203407	1
2896521393	2
2896522689	1
2896603293	1
2896605933	1
2896607578	1
2896615647	1
2896629753	1
2896634519	1
2896643981	1
2896648324	1
2896651557	1
2896672828	1
2896674694	2
2896677887	2
2896678383	1
2896686910	2
2896686929	1
2896688650	1
2896689587	1
2896701291	1
2896728568	1
2896731965	1
2896735342	1
2896754722	1
2896767159	1
2896778236	1
2896794183	1
2896801510	1
2896807575	1
2896815064	2
2896819481	1
2896820183	1
2896847063	1
2896850433	1
2896856565	1
2896859068	1
2896878255	1
289687877	1
2896891611	1
2896909199	1
2896910013	1
2896927119	1
2896939575	1
2896951918	1
2896958375	1
2896958597	1
2896959839	1
2896960827	2
2896982097	1
2897001791	1
2897004569	1
2897025195	1
2897027229	1
2897030499	1
2897043226	1
2897147133	1
2897170863	1
2897253059	1
2897265917	1
2897280052	1
2897388736	1
2897427388	1
2897444704	1
2897461103	1
2897475083	1
2897496340	3
2897520130	1
2897521912	1
2897588410	2
2897595772	1
2897599438	1
2897711357	1
2897771993	1
2897850910	1
2897997101	1
2898013906	1
2898294537	1
2898357419	1
2898406468	1
2898413243	2
2898433630	2
2898437187	1
2898439827	2
2898446878	1
2898447844	1
2898484277	1
2898506170	1
2898526930	2
2898544840	2
289947580	1
2899752808	1
2900363608	8
290074489	8
2901104472	1
2901123513	1
2901199774	1
2901773686	1
2901962658	1
2902228498	1
2902285030	1
2903110151	2
2903843159	2
2903922715	18
29052220	2
2905316259	2
2905482486	1
2905636554	2
2906206247	1
29082664	2
2908314442	1
2908494810	12
2908625013	1
2909918785	1
29103862	1
291062334	6
2911572017	1
291186082	1
2912032814	1
2912038470	1
2912098034	1
2912125939	1
2912130631	1
2912160037	1
2912206122	1
2912248381	1
2912260716	1
2912262157	1
29124904	2
2912513947	1
2912622806	1
2912737394	1
2912750557	1
2912963257	1
2912964782	1
2912965477	1
291299535	1
2913023527	2
2913792015	2
2914186927	5
2914277965	4
291462046	1
291492488	2
29157032	27
2916125606	1
2918266659	1
291940756	1
2920122948	1
29231326	1
2925014717	2
2925204334	8
2926058954	1
2928995946	5
2930079457	1
2932098400	1
2932244360	1
2934346219	3
2935288546	1
293550313	1
293615510	1
2937613910	2
2939110039	1
294058898	1
2941745561	1
294176860	1
2944215110	1
2945111705	1
2945948723	6
2946088539	11
2946940267	2
2947838270	3
294851704	1
294909683	1
2949221879	1
29501977	1
2952217727	5
2952853623	1
2953926633	1
295669605	1
2956908987	1
2957004662	2
2957447799	1
2957721364	1
2957837847	22
295801785	1
2958697164	2
2958998054	1
2959925052	1
2962145740	3
2962375990	3
2962418553	1
2964118948	1
2964565119	2
2964569193	1
2964825093	3
2968704831	1
296951109	1
2972029678	4
2973004914	4
2973147219	2
2974027611	1
29748372	4
2977074605	1
2977410275	3
297848618	3
2982013384	5
298218590	1
2982496391	1
2982760043	3
2983182948	33
2984242248	2
2984897570	1
29854129	7
2985818862	4
2985986987	7
2988160240	2
2988385385	1
2988991127	1
2989193599	2
298953617	1
29902890	2
2990581845	5
2992395456	1
29927236	2
299413616	61
2997350589	2
299878696	1
299943599	2
2999597612	1
2999632161	7
2999658401	17
2999672518	1
2999735878	1
2999804950	1
2999889212	3
3001054720	1
3001066492	1
3001224159	5
30012714	9
3001857558	4
3002039493	1
3002257200	6
3002862155	1
3005559517	89
3005585554	2
3006647632	1
3007704313	5
3008770610	7
3008898099	1
30113280	1
3012100476	1
3012101335	2
3012152893	2
3012177066	1
3012195565	1
3012215264	1
3012220333	2
3012226898	1
3012232316	2
3012257294	1
3012259626	1
3012263904	1
3012270146	1
3012280542	1
3012289382	1
3012290335	1
3012316488	1
3012318031	1
3012345374	1
3012354391	1
3012358292	1
3012388958	1
3012401532	2
3012409231	2
3012409302	1
3012413208	1
3012420654	2
3012434664	1
3012439622	3
3012442832	2
3012445490	1
3012447362	1
3012447456	1
3012455869	1
3012458839	1
3012464431	1
3012466453	1
3012473444	1
3012473977	1
3012476155	1
3012484807	2
3012487616	1
3012489397	2
3012496645	2
3012510997	1
3013702747	1
301479373	1
3016942783	2
3017654325	1
3020090500	1
3021173324	2
3022179496	3
3022668393	14
30226974	2
3022807113	1
3022809591	1
3022820241	1
3022827819	2
3022875119	1
3022875832	1
3022920645	1
3022973451	1
3022987179	1
3023002953	1
3023008025	2
3023010729	2
3023016148	2
3023066897	1
3023074773	1
3023081584	1
3023094207	1
3023181148	1
3023184753	1
3023191013	1
3023205989	1
3023215419	1
3023219619	2
3023225099	1
3023225445	1
3023232099	1
3023246343	1
3023248169	2
3023248235	1
3023251397	1
3023252871	2
3023256130	1
3023256251	1
3023259125	1
3023261891	1
3023266419	1
3023271099	1
3023278691	1
3023285921	1
3023291188	1
3023295514	1
3023299960	1
3023302877	1
3023321074	1
3023336704	1
3023336932	1
3023338204	1
302386450	1
3024008100	1
3024207885	11
3024441062	5
302545862	11
3025587754	1
3025607398	1
3025814145	1
3025865943	1
3025889038	2
3025898411	1
3025990433	1
3026073509	1
3026079333	1
3026093332	1
3026098960	1
3026224083	1
3026227839	1
3026333481	1
3026404227	1
3026418333	1
3026595364	2
3026624348	1
3026728492	1
3026955045	1
3026967052	1
3026997355	1
3027034894	1
3027043089	1
3027077052	1
3027097355	1
3027184360	1
3027361637	1
3027415505	1
302772765	1
3027739434	1
3028247079	7
3028943678	1
3029002162	1
302906876	1
30290778	26
3029326019	1
3032338660	4
3033836084	5
3035804476	2
3037061194	1
3037689680	2
3038243265	1
3038256952	1
3039192413	1
3039869522	1
3040045190	1
3040455823	1
3040956619	1
304132609	1
3042440150	2
3042635176	1
3044159284	22
3044811100	1
3045262137	5
304702181	1
3047606012	1
3048187935	2
3051332768	1
3051829922	1
305216074	1
3052509402	6
3053191673	1
3054147150	1
3054346369	10
3054916219	1
3055162358	9
305518813	164
3055324995	1
3055641318	6
3055756890	6
3056150047	1
3056385843	1
3056461311	1
3057210684	9
305821203	1
3058970304	1
3059654592	1
3059703112	3
306022875	1
3060980592	2
3062071730	1
3062421100	1
3062651009	1
3062926500	30
3062949434	1
3063340898	1
3063353547	1
3063431899	1
3063612531	1
3063967444	1
3065074336	1
3065204674	1
3065856747	1
3066198028	5
3066335590	1
3066380613	1
3066383458	3
3066445547	6
3066545500	4
3067072911	6
3067192425	1
3067494227	6
3067648583	1
30684067	1
3069051065	5
3069142294	3
3069411875	4
307022378	1
3072531730	1
3073241957	19
3074021110	2
3074588040	1
3076286960	1
3079344896	1
30818980	2
3082036707	1
3082743899	3
3084479933	1
3088266780	1
3089742517	1
3089775476	1
3091880403	11
3091884801	14
30940468	10
30951174	4
30983589	1
309903849	1
31001654	51
3101996487	12
31128824	1
312412680	10
312681971	1
312722633	1
312785410	3
313023047	1
314061974	35
314546735	1
314695175	15
314768563	2
315858046	1
316319018	18
3168141	13
317041794	7
317574792	1
317714245	3
317857645	1
31800110	1
318464981	1
318666070	1
318764599	1
31905748	1
319622801	1
319813363	1
319818180	1
322054650	1
322281109	1
322963627	1
323515127	2
32362720	2
32469741	1
324995389	32
32511724	22
32516638	1
32520091	2
326315947	1
326404886	2
327256304	1
327405495	1
328206816	2
328402420	1
32874158	1
330129840	1
330283150	18
330404529	18
33079407	1
331180126	2
332180741	1
33292567	2
33328619	18
33356371	1
334064086	1
334070804	1
334456257	3
33475989	1
33587863	1
337407700	1
337726021	1
338147329	1
339236173	1
339762308	1
340037225	1
340895994	1
341593478	1
341991267	1
342455473	9
34255540	1
342577543	1
342852439	1
34424004	4
344688523	1
344894137	2
346106064	1
34618161	15
346257282	1
347521386	2
347812964	4
348512823	7
348612846	3
348642818	3
348740015	1
350319523	1
350602939	1
350955670	1
350970228	1
351314448	5
352411970	2
352572760	2
352925193	1
3538981	1
35420682	17
35459867	1
35480744	5
35559570	1
355820674	2
356296224	1
35743374	1
357565899	1
35823455	1
35826330	1
358403954	1
35860455	1
359410806	2
359469605	1
36041084	2
36089392	5
36102165	9
361195970	1
361259643	2
36128731	2
361387500	1
36226441	1
362646324	1
363589124	1
36393084	2
36460987	2
364832982	1
36502918	4
36510873	1
365321928	1
365505853	1
36559978	1
36597548	6
366081654	4
366193903	2
366442394	1
367235898	5
36728836	1
367337523	3
367406310	1
367599203	1
36761914	1
367842499	2
368802438	1
368981875	1
369162851	19
369445976	2
369903664	1
37011010	5
37015043	1
370291744	1
37065910	3
37091176	2
37092528	1
370955211	1
371000364	1
371021494	1
371058528	1
371072756	1
371074213	1
371074938	1
371087266	1
371464927	1
371536342	2
371539341	1
371580713	2
371622961	1
372497502	1
372546710	6
37270553	5
37284991	1
372961570	1
373457750	6
374395761	2
374548401	1
375666626	1
375780255	1
375980238	8
376088693	2
37627568	1
376785468	1
377319387	1
377431760	1
378071379	2
378208943	3
378736468	1
379573131	1
37982404	15
380001779	2
380048958	1
38053161	14
380881623	1
381145028	1
381175007	1
381180318	1
381185946	1
381219812	1
381424559	1
381438717	2
381530477	1
381594556	1
381872892	1
38252282	1
38316247	1
383554475	1
383927121	1
383951841	1
38398772	1
384116532	1
38430256	1
38448277	7
384717221	1
38493354	7
385057511	9
385138826	1
385393697	2
385397497	2
385665221	2
385779209	1
386787305	13
386808013	6
387225959	1
38727901	2
387716334	1
38788916	8
38837865	3
389139017	1
389181274	1
389218144	1
389559839	1
389591413	1
39048435	1
390521905	2
390527754	4
390571813	1
39104833	1
391478784	1
39264827	1
392739061	3
393125588	30
39363261	1
393733048	1
394989775	1
395334495	1
39546678	128
395502540	1
396075303	11
396459050	1
39671365	1
396791621	1
396834863	1
397230151	14
397402573	1
39898152	1
399008526	1
400054955	1
400066174	1
400784846	1
40094666	1
40136635	153
40154361	1
40161547	1
40173650	2
402876893	33
40296124	1
403156662	1
403598464	12
403855355	19
403922208	1
404468618	1
404789840	1
405820375	1
406289145	1
406431568	1
406789441	1
406921518	1
407205792	1
408136428	1
40844812	1
408503896	1
408796236	1
40890050	1
40897130	2
409617637	1
410060440	1
410996959	1
411152453	1
411344898	1
411498015	1
411786151	2
411803607	1
411888307	1
4120961	2
412226222	1
412378282	1
41239267	2
412611622	1
412665631	1
412670808	1
412677300	7
412830845	1
413346621	1
413494371	1
413512719	1
413521439	1
414047286	1
41406847	1
415175194	5
415266044	2
41537564	6
415827521	1
416647547	1
416749415	2
416960757	1
41753918	2
418036639	1
418823197	1
419401981	1
41947301	7
419761667	1
41991896	2
420487412	1
42052538	1
420746773	1
42091991	20
42095336	5
421083700	1
421218019	1
421906597	1
421913187	1
421937191	1
421938133	1
422079103	1
422797624	1
42341278	1
423769635	1
423798136	1
424481268	3
425490223	1
425580734	2
425870454	3
425894696	1
425907178	2
425909589	2
425917134	2
425935315	2
425938933	1
425944160	3
426011641	2
42899684	1
429065890	4
42995044	1
429952750	1
43094882	11
43111757	1
43151849	1
432521961	20
432890905	1
433158220	3
433543251	2
433664446	1
434574997	1
434649810	2
43481175	4
435222996	1
435321951	3
43590761	1
436707351	2
437038817	1
437603468	1
439663970	1
440238281	1
44060322	6
442627552	1
443302315	1
443318003	2
443422725	1
44354128	1
443639008	1
443969022	6
44498216	7
44567303	2
445720040	1
445976402	1
446756757	1
44695601	6
447156456	1
447194798	1
447289978	9
447523377	1
447616687	1
447717434	1
44782357	5
447840980	1
44824361	1
448461258	1
449960045	1
450761751	10
450858321	1
45164176	1
453171962	3
453315788	3
4534291	3
45415894	2
455245270	1
455824771	32
456107944	1
45646679	1
456637619	1
45673938	2
456934019	1
457304884	1
458672048	1
458716389	1
45955305	1
460996773	1
461607890	1
462274812	6
463162523	1
463384357	1
463580795	1
463722240	1
463818421	1
463919314	1
46395578	1
46423945	1
46462111	1
46475276	1
465708045	1
466333756	17
466821972	1
467073442	1
467257261	1
46762213	1
468117545	1
468523252	1
46853309	1
468561435	1
468786796	1
468796650	1
46906107	1
469081878	1
470506640	15
470900411	2
471121755	7
47247213	3
472974408	1
473463895	2
473501808	1
475152294	1
475399340	1
475524030	9
476050187	2
476340109	1
4770361	1
47719793	1
478050993	14
478792870	1
47917283	2
479701903	1
479890859	1
48008414	1
480763269	12
48095961	1
481252993	1
481641242	1
4828981	1
483988588	1
484502430	3
485146172	1
48557698	1
48577383	1
485889702	1
486056843	2
486064418	1
486072725	4
486106100	2
486112997	3
486121867	4
48614758	1
486468358	5
486476991	3
486494732	2
486503046	2
486507374	5
487168268	1
487317136	1
487492096	1
487651091	1
48839691	2
488846005	1
489022370	34
48944162	2
49001646	1
49056548	1
490718846	1
490914337	1
491067899	3
49138823	1
49315141	1
49330382	1
49357725	1
494221221	1
494494595	1
494514667	2
49519788	1
49533260	5
49605610	3
496404590	11
49663664	12
497101610	6
499245904	2
500856204	2
500923353	1
501157154	2
50151102	1
50188277	1
50202109	1
50206233	2
502595228	1
50334860	1
50480074	1
505214831	1
50544897	1
5062691	7
509679950	3
514825917	1
514889870	1
515780586	2
516096222	2
519151321	1
520046117	1
52007736	2
520104860	16
52166809	5
521737922	10
521889857	2
521936274	8
521970859	2
52247328	1
523511214	1
524732173	2
52548228	1
526777659	1
528770977	2
528859777	13
52891634	7
531384436	1
53215424	15
532529614	1
533466606	1
534934690	1
53567779	35
53654464	1
537018713	3
537170723	1
53810823	1
53834047	1
539234779	1
539426021	1
53970139	2
53978117	2
540346883	1
542882615	1
54347756	1
544789520	1
545618159	5
54594436	7
54664941	1
54931385	14
55026273	3
550422369	1
551443981	3
551462946	12
551789117	9
551791436	2
551792578	6
551844887	1
552134921	1
552159727	5
552175419	2
552228327	2
553658449	4
555300811	1
555906652	1
556713966	1
557721823	1
559981858	1
560859074	2
56173338	5
561742581	10
56281348	1
562817303	4
562995991	1
563564313	1
568178203	3
56910769	27
572024575	1
57350997	1
575576964	5
575796665	1
575887522	4
57626831	1
576485686	4
576612810	1
577187858	1
577710476	3
578217523	1
578383794	1
578392472	1
581221150	23
58259566	1
582689833	2
58297781	1
584633335	2
586242865	1
58652546	2
586650775	1
58808528	2
588406265	4
588460632	2
588775819	2
59035579	1
590433730	1
591270307	2
591314252	1
591331840	1
591335059	2
591368817	2
591380208	1
591385653	3
592497932	1
593620370	4
594052448	5
594080668	1
594086618	1
594096575	2
594105875	1
594141180	1
594149589	2
594191703	1
599449330	3
599575091	1
601052301	5
60109364	1
602288530	42
602355833	1
603660185	6
60394101	1
604701612	6
606340754	13
607013952	1
60768282	1
608310393	1
609304305	1
610904764	2
611184333	1
61127928	1
611798627	2
61216389	5
61342056	4
613610333	1
61373394	1
613858801	2
61422913	1
61501509	2
61511067	1
615965380	54
616320754	1
61661638	5
61785219	1
61828762	1
618582303	1
62003514	1
62155958	1
622070107	1
622111302	15
624247876	1
624920658	3
624927669	3
624935877	2
626345722	1
626836550	1
626840066	1
627912564	4
62886110	1
63026787	1
63061242	3
630928277	7
634812340	3
635800480	1
636545451	17
63835871	1
64109894	1
64446488	2
64658380	1
65103306	2
65208304	11
65448361	3
65469901	4
65681636	61
65825587	1
65959761	35
66388977	1
66460052	3
66884690	7
67066114	1
67181543	1
6730222	1
67416649	12
67592858	4
67725235	1
67933542	1
68639706	1
68833497	3
68900631	1
69287650	1
69476342	1
69605961	1
69627447	85
70025109	6
701203206	1
701411095	4
702154783	1
70304039	1
705358464	3
705540042	1
705892305	1
70696337	2
70755249	7
709905230	1
71185856	1
712602271	1
712632668	4
712636856	1
712775252	1
713289332	2
713292288	2
714498283	1
715613754	1
716552396	1
718293108	1
718407582	1
718525164	1
71885806	15
718928220	1
718957124	2
721480968	1
721528518	1
72311906	1
72621480	2
726368492	1
728700470	9
72887070	16
72907355	9
72928001	14
732013838	1
733533786	1
733717446	1
73545832	1
735643934	1
736299464	1
737539728	1
740308436	1
74035340	1
74104397	1
741147679	1
743239915	1
743537652	1
743938183	1
74408465	6
746770212	1
747504205	1
748284313	1
749059344	12
75002150	1
750118940	1
7517052	20
752043968	1
75290848	25
75358134	1
753720589	5
7556002	1
75863931	1
75864713	1
760152847	1
760195754	1
762492626	1
76369001	1
76529396	1
76554388	51
765986096	2
766697400	1
76730512	1
767658752	3
767675732	2
770089374	2
770454349	2
771629515	18
772321020	1
774599383	2
777011756	1
779098418	1
7802422	1
782030712	2
7836182	1
784079742	1
784099189	1
784890702	1
785136156	1
78643971	1
787945866	2
788059556	1
78925997	2
790000290	1
790062926	14
79233326	1
79355945	1
794108792	2
79466939	1
795408560	22
79563975	1
797951593	3
797955145	4
797974208	3
799122090	5
7993232	5
799737391	1
799776666	1
80007513	1
801116888	1
801218796	3
801231043	4
801393812	1
804995882	2
80660848	2
80697114	1
80735782	32
808650354	5
808669524	1
808669694	2
808717027	3
808717442	2
809122560	1
809346200	1
80958295	1
813745910	1
813750020	1
815042726	1
81525608	1
816059738	1
816380646	1
817040786	1
817807326	1
819492098	9
81964831	1
819738901	2
819743767	1
819750145	1
819758784	1
819768577	4
820031509	3
820110584	5
82092341	1
82142636	2
82143051	59
82172203	2
824977794	1
825744584	4
830020351	1
83088732	1
8317872	1
833230172	635
836522616	2
837063992	1
83816037	6
839081954	1
839644764	2
840727532	1
84109980	1
845804064	1
848311970	6
849617886	1
84964880	3
849878509	2
85056685	1
85092004	13
85247743	1
8524892	1
85253884	1
853885380	7
854910984	1
857462130	4
860793234	3
861335844	1
861350310	1
862105645	1
862110601	2
863145667	2
865539566	1
86624521	1
86662228	1
867148020	5
86796377	1
868506452	1
868842409	2
869918281	2
869923074	3
869939479	3
87133189	4
8719082	1
872113826	5
872122615	2
87591850	1
876515024	1
87732328	1
87906631	1
879376561	3
88053063	1
881219510	1
886973371	1
887742882	1
888239426	1
890063616	10
89101227	1
891616633	2
891874453	2
89225644	1
892343988	1
89491245	4
89538046	1
89785268	1
898159514	1
903752173	1
903841417	1
90439860	1
904968246	1
906735979	2
909910016	2
91027496	1
912583795	1
91321449	1
91396940	1
91836238	1
92082487	1
92236235	2
922475551	1
923922990	1
926526950	1
93048747	1
932502344	3
932652001	1
932806561	1
934095842	56
93448277	1
93465614	1
935242836	47
93687723	8
93688789	14
93793933	1
93913891	12
939414127	6
940434013	1
94172546	1
946957866	2
94734762	1
95037522	16
950517078	1
95083293	12
952279789	3
95267009	5
95334996	2
957062653	1
960681234	1
961557644	1
9626082	4
962744707	97
963114896	3
96385390	1
96697176	5
96706065	1
968208415	1
97116031	1
971973367	1
972681828	13
97334517	2
97408886	1
974480149	1
97627107	1
976482234	18
97715689	2
977532660	1
983143297	2
9833332	1
984212630	1
985406924	53
98661207	1
987187945	1
987771205	3
987773264	2
987774750	1
98941070	1
989459318	1
989651166	4
989657845	2
989660850	1
989666120	2
989677742	5
989695484	2
990937550	1
99121266	1
991403251	1
994278265	1
995172852	3
995373206	1
995879624	1
996072554	1
