100258014	5
100738504	1
1009555608	57
10152	2
101694847	1
102258057	1
102325185	3
1024482170	1
102475599	1
102816266	1
102932800	6
1036157252	1
104108042	1
1045565478	2
1046606804	4
104667619	2
1048291658	20
1048974373	1
1051321530	3
1052381485	4
1054610820	1
105534480	21
106255504	1
106593896	19
107077120	1
107087487	6
1072818308	98
1080124746	1
108362740	2
108418699	1
108617488	8
108657905	1163
1087433006	3
108746125	7
1089678500	1
1090766598	1
110015414	1
110061311	1
1101216644	11
110126964	1
110273384	123
110365899	4
1107783409	9
110793585	7
1113459896	1
1118300634	5
111838410	4
1118908452	3
112317039	6
1124229642	1
1125032940	3
1125652429	65
1126671672	1
112745297	1
1128272371	1
11308402	2
113084080	39
113500123	1
113659342	1
1137292440	3
1140098136	1
114130193	11
1143554666	2
1149025741	11
115108283	1
115221411	1
1154103283	7
1155879121	2
1156157611	1
1160783402	1
1165456369	2
116710953	1
1169917530	95
118705559	2
118794845	2
119714444	69
119720315	10
120099533	1
1202389375	2
121158213	542
1217218014	2
1218489630	44
1219728530	3
122035491	4
1220885712	1032
122180291	1
122358591	1
122896733	9
123423476	12
123453249	1
124263489	8
124274495	2
1245579715	4
1246096020	2
1250485020	1
125154154	1
1252376239	4
125445231	13
1259313956	842
125938071	1
1259510083	2
1259562019	2
126717954	3
127053866	8
12716032	2
1272751392	26
1273320391	1
1277178181	1
128033273	1
1285740319	1
128778910	2
128819708	6
1289703320	1
1290452180	2
1298935814	1
130078153	1
1308403399	16
131150573	1
1313359153	1
131612006	1
1317108294	1
1322875405	1
1326914587	1
1328971326	8
1331072995	4
133171345	1
133251329	1
1339212920	1
1341283447	1
1343777125	87
1345862960	26
134782830	13
1348600452	1
1349856667	5
1351193060	1
135145566	1
1357126620	19
13589212	1
136889848	8
136902922	2
137413683	1
137654240	1
1379535314	946
1381435759	26
1383751964	1
1384077925	2
1386531	4
1386621757	4
1390377960	3
139070769	1
13933172	1
139707166	3
1402350313	2
140577612	4
140641561	2
1412288186	2
1413443995	1
14184633	3
1426030922	1
1430616955	1
143071049	8
143131280	1
143442753	1
143647334	4
14380496	1
1443386496	2
14438135	16
144643595	2
144778148	1
1448152554	1
1451620352	19
1452645942	1
1453592347	1
1453599253	1
1457207868	2
1457218807	14
1459449972	2
146057813	1
1461649975	1
146249667	1
1464247902	1043
14645435	1
1467412392	2
1470635203	3
1470706141	1
1473563539	9
1477143516	2
14785108	1
1479511032	1
1485007568	2
1485332827	1
14860631	1
14886375	2
14902429	2
1490346896	18
1490576629	4
14948012	2
150094848	1
150190794	5
15090587	1
151004677	3
151164679	19
151848389	1
1518694608	1
15260789	1
1526288869	1
1527850849	1
1528208486	2
15298375	2
1533387092	13
153396300	58
1535493966	4
154178047	1
1544174304	1
15451927	1
1547073288	9
1547424528	2
1551149910	87
1554889094	6
1558764090	1
15657533	2
1566750836	23
1573677847	1
1576052886	1
157608114	1
1581585452	1
15823893	16
158275112	2
1582839288	12
1583443352	1
1585333764	4
1585676959	1
1587669835	8
1590824377	1
159428084	11
1596814969	9
1597660010	3
1600963664	1
160496310	2
160577312	1
1607198011	1
1608169368	1
160819577	1
160924991	2
1612153176	3
1612686216	10
161400901	1
1617960900	4
1619522346	13
162655910	11
1626929449	3
16295834	1
1630390507	115
1630753388	1
1632302370	1
1632886033	1
163405160	2
1636759074	1
16367775	3
163858019	8
1638649981	4
1641474871	1
164412808	2
1645269967	1
1645627172	1
1650497851	11
1651856988	1
165505404	6
1656069558	2
1657210158	1
1659236520	2
1664347333	1
1665197299	1
1671345457	8
167150894	1
167487502	1
1676473459	4
1677229176	1
1680622674	1
168141961	1
1681520972	1
1687890656	1
168860481	2
16914488	9
169406388	1
1698582715	1
17001831	1
1703976704	15
17108251	1
1717016598	4
1717208412	4
1717260037	4
1719446408	3
1720813050	2
1722356724	1
1724784643	1
172487241	1
17289383	1
1729590830	5
1731910722	50
173203697	1
1734829615	2
1736094104	4
1739650556	4
17428473	2
17512434	1
17541454	1
175426467	1
17609113	106
17614702	1
177551811	12
177799154	9
179022357	6
17991579	4
180346348	4
18083529	1
18114882	53
182081694	1
18295562	51
1830662323	1
1831593212	2
18316690	1
183787602	1
1842875479	190
184345490	5
18468405	2
1849104638	1
1849770487	1
185172888	1
185322076	2
1853668579	1
1853706194	1
18571616	4
1859676558	1
1861103216	1
186136458	3
1865337374	1
1865799140	2
1869033253	13
1870502388	1
18709532	1
187222228	21
187424136	20
187572280	11
1882723771	1
1884066702	1
188641199	2
1893858302	1
189481046	1
189843602	5
18989537	3
1900274090	1
1900708207	1
1901386208	1
190266566	3
19033238	1
1903559976	2
1905343417	1
1907690449	1
1907771382	1
1909400192	4
1912519352	1
1913673594	2
1913915971	4
1919373924	3
1923224924	1
192536618	1
19318159	1
193233495	1
1933410025	997
193620259	5
19428637	4
1944585612	1
1946279065	26
1946975239	1
195312482	1
1958542087	1
196559017	2
1969740852	5
19700256	3
1972175041	4
1972898293	1
1976390216	1
198249670	3
198885815	1
19926609	1
199283805	6
199353697	1
200343706	1
20048693	8
20064180	1
200673987	2
202275549	1
20243744	31
202450737	1
202559902	1
202624421	1
20274912	64
202915788	4
203404420	1
203532476	3
204243897	1
20571727	7
206338797	1
20762756	1
20846084	1
209424197	15
211749588	3
211797887	2
211835836	1
212237830	1
212597510	3
213406971	1
2149231188	34
2149719834	1
2150794934	89
2152406635	1
2153048065	1
2155185577	1
21570308	1
21573871	2
2158289593	1
2165671231	1984
2166302425	4
2170150366	1
21709576	1
2173455654	1
2174838054	1
2176654682	1
21807008	1
218381264	2
2184760158	1
2186813068	1
2187220087	2
2190384691	2
219054801	1
2190943291	1
2193096290	1
2194051657	1
2196907358	1
219949443	1
220296908	6
2203474081	8
2206391023	2
22069449	1
2207246305	1
220851894	1
2208541680	2
2208919672	2
2209523333	1
2210773374	1
2214510864	1
221638815	1
2219784955	1
222331151	1
222360499	1
222526689	3
2225300413	1
2228897797	8
2229434286	9
2230713030	1
223087067	1
2231683904	17
2232469315	3
22335951	1
2235413333	1
2239791442	1
2243596101	2
2245986884	1
2247408236	16
2248620090	2
2249186018	1
2249293429	11
225018425	11
2251164769	1
2251543542	4
225423130	428
22550877	1
2255104090	7
2255955607	4
226326984	1
2268543434	1
2270606414	1
2276274667	1
2276415613	1
2280296970	1
2283414301	1
2285354888	2
2285443592	3
2290465472	757
2291026128	7
229143589	36
229226539	12
2294809898	1
22973017	17
22973525	1
2297422230	26
2305567904	1
230560242	8
2305769105	11
2307296534	1
23074277	2
2308465358	1
23093161	1
2309838738	4
23102962	17
231123745	3
2311656001	4
2312991978	1
231388808	2
2316583147	2
23167052	1
231828829	178
2319067892	1
2319600132	1
2322029732	1
2322782731	3
2323955785	6
232489093	3
232503690	7
2325073788	1
23280370	1
232844934	1
232870964	3
232937979	1
233452421	7
2336669533	1
2340281220	6
2340470118	1
2341445778	1
234268954	12
2342763212	1
2344619544	1
23450320	1
2347570620	1
2349911012	1
2350386204	1
2350639447	1
235129342	1
2351420289	1
2352576090	1
2353130901	1
2353396392	1
2354846684	1
2358350928	1
2359276710	2
2359638289	1
2359646928	1
2359894916	2
2360654536	1
236212154	2
2362694616	1
2362771794	1
2365373972	23
2366303634	3
2368238768	1
236845562	1
236915531	1
2371001545	2
2373689929	1
2373813025	408
2373819572	1
2375760882	1
2378904547	1
238037420	1
2383523646	1
2385812455	29
2385851994	2
2386516323	1
2388496231	1
23898700	4
2392852495	1
2393522197	13
239386936	4
2398664178	1
240050080	3
2402331338	17
2402502914	1
2405528772	1
2409698425	1
2409801469	1
24119342	1
2413664017	3
241671272	1
241858876	1
241976867	1
2420706757	4
2421804588	1
24227424	1
242300121	2
2425036934	4
2426918137	1
242755419	1
2428450159	19
2429528570	1
24317132	8
2431884954	1
2435050334	4
2439423905	7
244016622	1
2441885916	1
2443242860	1
2443713589	1
2444480173	18
2445513956	1
2446971672	14
24566639	8
2456823024	1
245779558	1
246134345	13
2461556142	83
2463421658	1
2464536967	1
2464632324	1
246626141	1
246725894	1
2467271010	1
2472284360	34
2474593525	1
2478048732	1
2478541154	3
247857712	1
2485341518	2
248641319	1
24891799	1
2489295018	1
2491519436	1
2493258062	23
2493600930	1
2495927952	4
249882610	1
249955041	19
249987722	1
250106965	3
250202206	1
2503995361	3
25110386	10
2515061570	2
25163231	1
2518428508	1
2521378962	11
2523066856	1
252494313	1
252571367	1
2530849806	3
253103038	2
2532673520	1
25343277	7
253432854	6
2535470951	1
2538578097	2
2539215060	64
2539363940	1
253971576	2
254232727	23
2542780982	1
254280603	5
2543271247	2
2543505635	1
2544098874	1
2544607466	1
2544913086	12
25464068	1
2546508666	94
25488729	27
255058702	1
25548914	3
2559918073	2
256541765	4
2565730848	2
256595810	1
257027939	8
2570479190	14
257054895	1
257528309	2
257590806	1
257654076	7
2580518747	15
2584946731	2
2589888374	1
2592891325	1
2594158140	25
2594854717	1
2595648880	1
2596288916	18
2597179009	1428
2599060963	4
2599339568	850
2599844436	1
2600432257	1
2601861565	8
2602969320	2
2603480221	6
26038648	1
2608950624	1
2609237328	2
261024504	2
2612179320	5
2616091658	1
262069886	1
263070077	1
263787098	2
265058338	1
2654379788	4
2655203862	1
2663858894	2
2665421136	1
2669632328	467
26711583	3
26751720	3
26754630	2
2679287540	1
2680509826	1
2685475296	1
2686999627	14
2687086903	1
269489101	1
2699557074	1
2699994906	2
2701756382	62
2703482958	2
270492072	1
270597782	2
2706061818	9
2706236976	4
27092508	27
2709796334	78
2709861337	1
2709882234	2
2710604658	4
2711628616	3
2712784616	1
2713326029	1
2713790683	4
2714284988	1
271501879	1
2716154199	1
2716803696	1
2722990526	6
2726487526	1
272714908	1
2728466411	10
2729072255	1
2729193625	26
27315828	1
2733865376	2
27347119	1
27351818	1
2737178679	1
2737932518	2
2739829068	1
2739972932	1
2742105492	11
2743448746	1
2743489840	1
2744239254	4
2748944294	94
2748983663	1
2750381484	32
275099779	15
2752323946	1
2753574877	12
2753613752	1
2754179880	1
27549371	1
2759377836	1
2762226860	1
276334529	1
2764769610	5
276496324	2
27652717	202
2767474581	1
2769736419	2
27746125	1
2775925978	1
2776073116	1
2778761727	3
2778785081	2
2778785483	1
2778785699	3
2778810004	1
2778811228	1
2778812500	5
2780596783	1
2781492348	15
2783631730	4
278606956	1
278688378	1
2787452372	1
2788760875	2
2792041422	1
2792087110	13
2793914398	1
27956902	1
2798083811	20
2798851708	2
2800308249	1
2800541025	10
2800650186	7
2801324170	1
2801334731	13
2803594631	1
2807862643	1
2809004554	1
281044203	21
2811966313	1
2813321303	1
2813321537	3
2813345704	1
2813346178	1
2813347534	1
2813347654	1
2814668126	3
2815425055	4
2816209458	2
2816742643	20
2818012008	12
2818198537	5
2818243225	36
2818335812	1
2819049914	2
2819345568	21
2821427140	8
2823657835	1
2824019312	5
2824357875	1
282482093	9
2827634815	24
282782650	1
2828032714	367
2828038929	679
2828169123	360
2828675527	1
2829788485	1
2831203193	6
2833678989	2
2833738763	7
2833745920	3
2835703969	1
28366310	35
2837295532	42
283735677	1
2837796402	2
283788648	31
2838243009	6
2838279898	4
2838321184	4
2838330670	7
2841917693	2
2842232865	6
2842237035	5
2842239531	6
2842242081	5
2842243485	4
2842243563	6
2842270475	6
2842271961	7
2842274189	6
2842276391	6
2842283571	5
2842284617	7
2842292039	6
2842292979	6
2842293617	6
2842298469	5
2842301183	5
2842304188	5
2842304993	5
2842308202	6
2842314113	7
2842317455	4
2842324540	6
2842334512	4
2842337206	5
2842340110	6
2842895750	1
2843018131	3
2843785329	7
2847876929	10
2849030764	2
2850173854	1
2850490888	4
285323487	3
285328829	9
2856034139	1
2856176434	6
2856179188	7
2856359263	1
2858252204	1
2858272045	2
2858737520	2
2861954329	1
2862601823	1
2863515280	1
286427074	1
286436660	1
286654612	7
2870448418	1
2870663601	5
2870667639	6
2870675661	5
2870689443	6
2870692409	7
2870709669	6
2870710720	7
2870710949	6
2870714871	4
2870724406	6
2870726830	7
2870737756	4
2870739359	6
2870743282	6
2870744675	5
2870759896	5
2870762068	5
2870808981	6
2870813847	6
2870844724	7
2870848168	5
2870855512	5
2870896719	6
2870903481	15
2870907657	12
2870919033	13
2870924079	12
2870960968	12
2870967231	12
2870982166	14
2870985233	13
2870986498	14
2871010546	12
2871901110	5
2872014165	15
2872077412	3
2872127962	2
2872229113	5
2873923392	6
2875013097	1
2875264515	1
2875602905	1
2875938491	1
2876391604	1
287679898	1
2877274274	1
2878162830	1
28803148	16
2881085115	1
2881945762	1
2882399423	1
2882417429	10
288302031	20
2883331035	4
288387863	1
2884225803	1
2884419946	1
2885180294	1
2885861621	2
2885921638	2
2886696132	28
2887442926	1
2888729354	2
288976406	2
2889981932	1
2890191213	1
2890512479	1
2890853229	1
2890855647	2
2890905555	1
2890906552	22
2890916938	1
2896357489	1
2897048049	3
2897052407	1
2897514482	1
2900337700	1
2901765416	1
2902424509	2
2902468109	4
2903549678	4
2903549906	1
2903702067	2
2903730227	1
2903730731	1
2903742124	9
2903761786	1
2903763034	2
2905316259	1
29057109	2
2908332092	2
2909365342	1
2909839289	2
2911786824	5
2913840473	3
2918330957	1
2919058558	2
2920123972	1
2921338239	1
2921368829	2
2921368997	5
2921403004	1
2921403496	2
292193366	1
2922619043	1
2923582927	2
292359995	1
2924140816	1
292502674	1
2927209855	7
2927496331	1
2929346640	1
2929392853	1
2929743297	3
2931924171	1
2934684204	1
2935360949	1
2936210342	1
2936659008	3
2937636494	1
2939844591	4
2944373407	1
2945825295	6
2946598523	4
2948939596	1
2949297775	1
295068033	1
2952292472	3
2952997323	1
2955162433	1
295584699	10
2956157271	1
2959869516	1
2960440083	10
2961451940	3
2961753289	2
2961807153	1
2961924941	2
2961995470	1
2961995764	1
2962002214	1
2962002346	2
2962002490	2
2962834552	3
2963378003	8
296351501	2
2965186691	1
2965713622	1
2965713688	1
2967119856	38
2968256134	10
2969016409	15
2971228468	2
2972108721	7
2973644913	1
2974956982	17
29752034	1
2975591233	1
2977074605	1
2977272347	1
2977957774	1
2979858443	1
298030859	1
2980866684	1
2981334604	6
2982760043	10
2982996883	1
29839149	1
2984558894	9
2985281299	1
2985870802	1
2986510300	1
2987006919	93
2987043201	1
2987176793	15
2988414041	2
2988770141	2
2988914325	1
2989838704	1
2989961139	359
29902890	2
2990581845	3
2990670514	1
299413616	6
2995482032	3
2997202992	1
2998402900	1
2998419345	14
2998554478	7
2998925995	17
2999827295	10
3000894564	1
3001862243	1
3002240222	1
3003301587	1
3003333773	2
3003985426	2
3005500258	1
3005559517	17
3005585806	1
30077085	3
3008710180	1
300875086	1
3009073544	1
3009453446	1
3010606491	1
3010873502	1
3011374530	402
3011976939	2
3011998107	2
3014459128	1
3016728905	1
3017486930	16
3017517320	14
3018136305	1
3018836009	1
301886330	1
3019202790	395
3019229184	493
3019230188	494
3019246848	387
3019246891	501
3019254948	502
3019262802	399
3019263338	502
3019268126	396
3019283839	398
3019284048	504
3019287073	397
3019288603	394
3019295430	16
3019299559	500
3019301790	17
3019305283	407
3019323110	506
3019327638	14
3019340491	506
3019353116	447
3019359433	481
3019367928	11
3019375609	392
3019377559	473
3019379922	11
3019391869	11
3019394582	502
3019401050	13
3019403918	12
3019405428	402
3019411712	491
3019419456	405
3019463570	504
3019468490	391
3019470259	403
3019477736	499
3019501668	500
3019506877	400
3019520364	494
3019540862	404
3019542955	395
3019558388	10
3019563943	499
3019571600	503
3019575163	400
3019649784	497
3019674769	5
3019675454	508
3019679827	5
3019692883	5
3019715906	5
3019743266	10
3019803276	5
3019812314	5
3019829384	496
3019852123	495
3019875344	7
3019910034	7
3019911410	7
3019916660	7
3019923686	504
3019932427	10
3019954074	510
3019958900	7
3019972470	509
3019978566	506
3019980870	513
3019990802	6
3019993602	12
3019996430	6
3020002855	6
3020006378	496
3020022066	12
3020024546	503
3020025583	497
3020037830	392
3020044850	11
3020044909	15
3020050927	14
3020116165	13
3020352846	11
3020357600	491
3020358791	2
3020368800	510
3020377296	405
3020383128	506
3020392052	504
3020402372	514
3020404076	503
3020413813	12
3020420856	10
3020448758	5
3020463145	13
3020464370	5
3020482165	5
3020493745	501
3020527297	5
3020967674	498
3020990504	499
3021078684	4
3021133237	5
3021372549	21
3021445059	497
3021457127	500
3021459153	496
3021475889	493
3021518997	417
3021523791	404
3021549803	408
3021597958	396
3021606066	513
3021697166	5
3021720679	10
3021723427	5
3021814869	1
3021966336	3
3022174849	1
3022369502	1
30226974	4
3023068226	1
3023672743	1
30237807	1
302386450	1
3025587754	1
3025706887	14
3026426097	496
3026437803	495
3026523640	495
3027169619	1
3028192509	391
3028280722	396
3029092563	6
3029422928	2
3030431612	2
3030516292	500
3030584470	496
3030626177	396
3031591345	1
3032404660	19
3032445748	509
3032448370	491
3032452114	491
3032452552	395
3032460658	399
3032985433	1
3033753705	10
3034700999	4
3034747425	397
3034825001	496
3034844434	398
3034880488	13
303645829	4
3037230422	1
303800471	9
3038208674	1
3038649658	1
3039404060	1
3039629594	1
3040422957	10
3041152573	38
3042380027	501
3042381609	497
3042435472	493
3042437021	394
3042445591	11
304277322	1
304409162	3
3044159284	2
3044569347	399
3044589357	393
3044617829	497
3044644330	418
3044645080	396
3044645392	414
3044663542	394
3044852217	399
3044892335	399
3044894675	400
3044919820	498
3044923342	397
3047904280	1
3049912797	2
3053049102	1
3053449183	2
3053524936	1
3055010289	1
3057608414	5
3059038717	4
3059703112	1
3060045194	1
3060940326	1
3061073761	2
3062071730	1
3063281438	1
3066855883	41
3066892202	7
3067014205	1
3067431226	2
307176697	5
3072211288	1
3075030454	2
3076790429	1
3079293100	3
3091622827	49
3092429249	1
30951174	2
3097100573	17
3097256958	12
31001654	1
3102335868	1
3104062466	1
3104967428	1
31064165	6
310875181	1
313525664	1
31437738	44
315671241	1
317106876	1
317293844	1
317587682	1
317664462	3
318596061	1
31905748	1
319362294	5
319811967	755
320834960	1
322558628	3
323701408	1
324510350	1
325360638	1
326540264	2
326731962	1
326789558	2
327863124	1
328867336	1
32897012	1
33038088	1
330494216	3
331056224	7
332560287	1
333966208	2
334571039	1
334595086	2
334714682	289
33662065	2
336630950	1
336871220	1
337594915	1
338220607	2
338883356	1
338957752	1
33927725	4
33973843	2
340295329	3
340582320	5
340857592	1
34243036	1
342741718	1
34286672	1
344722401	2
34669126	1
347464978	6
348642818	5
349824482	2
350602939	1
351118152	1
352572760	2
35286493	21
35420682	4
354574294	4
355355662	2
355486088	2
355555700	1
355731875	1
357401155	5
357430764	1
358132186	1
359718770	1
36041084	1
361231926	2
361504501	1
361533010	1
361574443	1
362248408	1
36309263	9
364256115	1
36499730	1
36502918	3
365500988	1
366775608	1
366851862	2
36704033	1
367337523	3
367579783	1
367599005	1
368207295	2
368997919	9
369162851	1
369772151	1
370531625	2
37065910	1
37092528	1
37149640	4
37166677	1
371683500	1
372343193	16
372842775	1
373457750	29
373969891	8
374395761	2
374583372	1
375604754	1
375607166	3
376034477	1
37606449	17
376130768	4
37627568	1
376581425	1
380068884	1
380117615	1
381159056	1
381169850	1
381171283	1
381186602	1
381225061	1
381405578	1
381696140	1
38236592	1
383127484	1
383951841	1
38448277	1
384483993	2
385393697	2
385526290	1
385883092	2
38727901	5
387301360	3
387592410	1
388656898	2
389353555	1
391304969	4
391663017	3
39268388	1
393450801	48
39348923	1
394240127	1
397230151	1
398276594	11
398667445	3
398996457	2
400054955	1
40031846	1
40154361	2
401711225	1
40183734	2
402477263	1
40402484	1
404115840	20
406558969	4
407407474	1
407765984	1
409617637	2
410673248	2
41133866	1
41267271	1
414259284	1
414590173	2
418196980	1
422678652	1
42457698	1
425302872	6
425870454	1
42589787	14
426671145	1
426806293	1
427186584	1
427342991	1
431879673	6
434064748	1
435790812	1
435960395	1
436492163	1
438289131	1
438524472	1
43975090	1
440164765	1
44025923	1
44123040	1
44193297	1
444145137	1
445615143	1
445775612	282
448152722	17
450607522	1
452408449	1
452853780	1
45456349	1
455673828	3
455710104	2
455824771	1
45683950	2
457620141	2
457912977	1
458716389	1
458788209	9
459563249	1
459906323	1
460228320	1
461353244	1
462709470	1
462710481	9
463162523	1
465445614	1
466170923	1
46633066	20
46680168	1
467191763	1
468495534	1
470001907	1
47061394	1
470921608	1
47113735	1
472685762	3
474097315	1
47482965	1
474932878	1
475695172	1
47671682	1
47675669	1
476815954	1
477297459	7
477319806	4
47946068	1
47991037	1
480393918	4
48162069	13
482670026	1
483070118	25
48364077	2
484822687	1
486616090	1
487284729	4
487492096	4
487719985	1
487887580	2
487906416	1
488632679	1
489780452	1
49050128	2
491083429	1
492609021	1
493492286	3
499732169	2
500515572	50
500725023	1
50228468	1
503097141	8
503985047	1
504094623	4
50413751	9
50414071	1
50645038	1
506788405	1
507809147	1
51114222	1
51317722	2
51689310	1
518097009	26
518139983	98
521530151	1
521856598	1
521912725	2
522814233	1
529167074	232
53091480	2
531384436	2
535501088	2
53645456	1
53654464	1
537170723	1
539910305	2
542324757	2
54536679	2
545837912	6
549519187	1
55020919	1
551934175	1
562287040	1
562620328	1
563454346	1
566637308	2
56910769	7
571182317	1
57169582	1
573840130	1
577492700	10
57803027	26
578159505	1
581572648	1
582374840	1
585114985	3
586877641	1
587563290	16
588382160	12
59393368	5
594141180	1
59415888	1
595074252	1
597072591	3
597495833	1
59803544	1
59981930	1
600040280	2
60055468	1
601818798	5
602288530	4
60269163	1
603660185	1
604858263	1
60563971	7
606303072	1
606678031	2
607167414	6
609143325	2
61019506	1
610904764	7
613364911	1
613769800	1
616282125	1
62475077	6
626922492	1
62886110	2
629608455	1
63014149	45
63235670	12
632604943	2
633690365	1
633744636	97
636974710	1
64438641	1
64984150	2
65108820	1
65622171	3
65753801	3
65998825	1
66151774	1
66370198	3
67013704	10
67024859	4
67281504	2
6799092	1
68272244	3
68639706	1
68900631	2
70025109	14
701131459	2
70171872	1
703352546	3
703755600	2
704983797	8
70705038	2
70848605	3
712636856	1
714498283	2
718835348	5
718957124	2
720892429	1
722401092	17
72928001	1
732013838	1
73545832	1
735481688	1
738995263	2
74003771	1
747994214	2
748284313	1
749059344	2
749103409	55
7517052	1
752836645	4
75290848	1
753428269	1
758776808	1
75892622	11
760883833	2
763740920	269
76554388	1
766697400	2
769458919	1
770089374	1
770317610	7
771629515	4
774657672	7
776030970	2
77960747	1
787021939	7
788937373	13
789400032	1
789783858	1
790545462	1
79136714	1
791711262	3
79219027	3
79233326	108
79342609	2
795408560	2
800297028	2
802310934	11
803918294	1
809346200	1
812284626	1
815220276	3
81543575	1
818044298	1
82142636	1
822670837	6
822959113	1
830020351	33
832969130	3
83620543	6
840647364	1
840659784	11
84121886	1
841727377	1
845641249	1
846393199	1
847134716	2
850301360	10
85164299	8
85673918	1
857008494	412
858831337	43
859659930	1
86164252	1
862756034	2
863145667	24
86463400	1
86796377	1
870772699	1
871367222	1
873086204	1
877080792	2
879017065	1
879275964	14
881604505	19
884651732	1
885853693	1
88710941	2
887259241	1
888084055	1
890479033	1
891500648	1
894200077	16
894882242	1
89707656	16
90005432	1
901337629	2
902258833	1
902269398	1
906735979	7
90844212	1
914323507	1
91851848	1
91917519	1
91954103	1
92279264	3
92527692	2
93279532	1
934163634	1
93586498	1
936824448	7
939086965	1
94032625	1
947024070	6
949590067	3
949976822	4
950517078	15
95384897	2
95603320	85
956388752	1
960727753	69
962721013	2
968400870	104
97334517	3
97739943	1
977532660	20
98256464	2
98561773	3
986036827	4
98609301	2
987773264	2
98926033	1
989690640	1
995324587	10
995433505	1
995518536	1
