14886375	26.525236
126717954	22.499306
27652717	18.62518
104667619	17.829084
22973017	16.870481
22973525	16.743841
18571616	16.060104
23074277	14.394374
42589787	14.126745
36499730	14.0891
33973843	13.282576
24891799	12.41193
247857712	12.283472
97334517	11.916049
28366310	11.552233
36309263	11.533984
32897012	10.923176
229143589	10.897455
59393368	10.832891
286654612	10.150047
7517052	9.769455
33662065	9.768243
25163231	9.190454
20243744	9.167182
110793585	8.917612
14860631	8.574274
25488729	8.443712
47946068	7.973024
17108251	7.96802
20274912	7.8473287
24227424	7.188511
455824771	7.1842575
1533387092	7.0728226
202915788	6.877021
26711583	6.8738894
372343193	6.4893284
31001654	6.4798307
1900708207	6.013382
317293844	5.943737
283788648	5.8677125
566637308	5.796678
115108283	5.499364
331056224	5.4028974
385526290	5.244786
55020919	5.0902085
23102962	4.980649
24566639	4.7697654
136889848	4.714343
113084080	4.704481
37606449	4.666411
66370198	4.5852814
70025109	4.5339975
17428473	4.523899
82142636	4.3994293
1576052886	4.3545127
167487502	4.183468
483070118	4.179201
409617637	4.0767307
17991579	4.0333023
393450801	3.9203472
121158213	3.876501
54536679	3.6714635
46633066	3.6603541
1386531	3.5041027
373457750	3.4386077
275099779	3.4216642
1651856988	3.2507
97739943	3.168333
397230151	3.1197462
79233326	3.0982432
163405160	3.094554
337594915	3.0933132
158275112	3.0897036
995324587	3.0760312
2748944294	3.0720763
31064165	3.0557141
254280603	3.0280194
137654240	3.015154
46680168	3.0058403
16295834	2.992373
59803544	2.9722672
153396300	2.9677796
487887580	2.967185
1944585612	2.8929715
50413751	2.8606033
19926609	2.8482413
102475599	2.8418608
859659930	2.7971573
18709532	2.7693968
173203697	2.674601
23450320	2.6432853
57803027	2.5887733
186136458	2.5596728
862756034	2.5407786
18295562	2.4800196
108617488	2.4785872
394240127	2.4741588
334714682	2.4502883
223087067	2.4343581
219054801	2.3980312
2890906552	2.3705063
879275964	2.3700042
36041084	2.3681998
233452421	2.2937193
231123745	2.2934856
704983797	2.2180824
936824448	2.1808448
22550877	2.1750746
285328829	2.1079614
1608169368	2.1001287
381696140	2.0988169
72928001	2.0949788
795408560	2.0445762
2539215060	2.010049
1671345457	2.0066557
107087487	1.9460698
2359276710	1.9345626
2833738763	1.9059377
20762756	1.8798488
1638649981	1.8769313
37065910	1.8393348
13589212	1.8372796
75290848	1.8371146
131150573	1.7496748
732013838	1.7360736
110273384	1.7237241
960727753	1.7134839
56910769	1.7077898
134782830	1.7065767
17512434	1.6960683
124274495	1.6816438
891500648	1.6778753
2359638289	1.6552895
24317132	1.6460083
254232727	1.6175109
1587669835	1.5921092
1156157611	1.5863378
303800471	1.5464841
21570308	1.5314788
815220276	1.5133698
1125032940	1.5030475
407765984	1.4978772
17289383	1.4921126
1461649975	1.4920186
894882242	1.4859569
67013704	1.4848245
950517078	1.4537185
1160783402	1.453693
518097009	1.4445218
202559902	1.44338
40183734	1.4324731
114130193	1.4310929
161400901	1.4111356
139707166	1.4068242
1443386496	1.3905216
120099533	1.3798361
603660185	1.3664671
62886110	1.359223
487719985	1.3261797
2968256134	1.3200189
232870964	1.3175322
318596061	1.314503
2833678989	1.3073502
278688378	1.2685809
2803594631	1.2648001
334595086	1.2618378
1547424528	1.2462138
2280296970	1.2315788
128778910	1.2314434
1046606804	1.225919
162655910	1.2198701
51689310	1.2173923
902258833	1.213501
202450737	1.2132504
200673987	1.2123206
1612686216	1.2119082
70705038	1.2113334
338957752	1.2039007
1680622674	1.203475
14902429	1.1807741
14948012	1.175942
362248408	1.1709532
901337629	1.1643388
1348600452	1.1640671
1687890656	1.1597073
128819708	1.1500877
2308465358	1.148251
888084055	1.1470218
220851894	1.1449996
352572760	1.1208917
1912519352	1.1154163
317587682	1.1135375
1473563539	1.1114523
295584699	1.1008279
1477143516	1.0876815
187424136	1.0860107
231388808	1.0854337
30951174	1.0788467
2393522197	1.060984
2443242860	1.0453525
476815954	1.0239282
890479033	1.0237094
53645456	1.0213962
477297459	1.0176699
477319806	1.0176699
242755419	1.0173674
879017065	1.0162926
2439423905	1.01445
1664347333	1.0124472
2858272045	1.0117493
27549371	1.0106161
1277178181	1.0040569
2960440083	1.0023564
2709861337	1.0
2709882234	1.0
35286493	0.99372745
1009555608	0.99032134
63235670	0.98758274
2835703969	0.9873586
2776073116	0.9800833
27956902	0.979387
414259284	0.9716905
607167414	0.9674827
249955041	0.9670047
431879673	0.96604353
2248620090	0.96313506
1118908452	0.9593728
150094848	0.95581007
1554889094	0.9532988
2373813025	0.95184296
460228320	0.9494955
1551149910	0.9492411
2971228468	0.9470763
2815425055	0.94699687
2714284988	0.94588804
1143554666	0.9327779
3059038717	0.93158424
257528309	0.92528975
20064180	0.9247204
2783631730	0.9199835
18468405	0.919069
38448277	0.91806537
250106965	0.917969
92527692	0.91368854
303645829	0.9129301
27092508	0.9115212
344722401	0.9073138
2461556142	0.90563715
334571039	0.895889
1125652429	0.89393383
1698582715	0.891193
209424197	0.8838939
288976406	0.8823216
906735979	0.8677529
2753574877	0.8631122
1903559976	0.8616585
482670026	0.8611886
43975090	0.8610513
2712784616	0.85162723
440164765	0.85095227
468495534	0.8466465
199283805	0.8401095
374395761	0.83878857
2336669533	0.8369997
349824482	0.8359276
3005559517	0.83394843
1703976704	0.83389735
28803148	0.8306103
242300121	0.8300421
2149231188	0.8250781
112317039	0.81070817
2405528772	0.81018454
60563971	0.80356896
1124229642	0.80004174
29902890	0.7999306
2728466411	0.79844075
1140098136	0.7951458
222331151	0.79057366
2353396392	0.79037637
2489295018	0.78886855
802310934	0.7875412
3011998107	0.78135425
83620543	0.78042287
968400870	0.77913773
2559918073	0.7786195
2608950624	0.77852994
2896357489	0.77578074
2231683904	0.7692846
301886330	0.76349676
202624421	0.7628246
13933172	0.76206
2474593525	0.7586393
2982996883	0.7584339
2166302425	0.7562176
246134345	0.7526657
1451620352	0.7517188
90005432	0.7492855
20846084	0.74485666
368997919	0.73303556
324510350	0.7315553
753428269	0.73106045
351118152	0.73075193
2919058558	0.7294597
50414071	0.72765404
863145667	0.7210638
79219027	0.7183466
2428450159	0.7165075
18114882	0.7160054
261024504	0.7135966
2373819572	0.70848054
2228897797	0.7071604
3031591345	0.7050022
2319067892	0.69583064
203404420	0.6956431
2208541680	0.695449
304409162	0.69374126
86463400	0.69298244
240050080	0.69165516
422678652	0.6903582
830020351	0.68973994
2360654536	0.68904185
95603320	0.6863516
1518694608	0.68464744
1719446408	0.68303424
489780452	0.68282795
255058702	0.6821307
2911786824	0.6812305
404115840	0.6790789
1535493966	0.67697394
2780596783	0.67633265
2842243485	0.67419446
106255504	0.6720103
44193297	0.67102915
299413616	0.670707
18083529	0.6650469
465445614	0.6621051
6799092	0.66133785
1259562019	0.6606299
225423130	0.6602182
3032404660	0.65907955
1457218807	0.6568207
108657905	0.6542953
357401155	0.6514035
45683950	0.64717543
63014149	0.6436533
48162069	0.6411914
313525664	0.6400864
1573677847	0.6396228
236915531	0.63892275
2687086903	0.6369511
53091480	0.63474387
2325073788	0.6336732
1882723771	0.63213265
146249667	0.63153636
355355662	0.6245186
3022174849	0.62404466
50228468	0.62200654
385393697	0.6215918
434064748	0.6203408
832969130	0.6200165
2706236976	0.6199796
2538578097	0.618873
151164679	0.6186886
2247408236	0.6181869
1585333764	0.6170211
304277322	0.6156745
475695172	0.6141577
562620328	0.61017334
57169582	0.6097783
2359894916	0.6090789
3000894564	0.6087488
2961451940	0.6086856
65108820	0.6080611
542324757	0.6070076
2775925978	0.6025542
2429528570	0.6006057
376130768	0.600575
1630390507	0.5999135
270492072	0.5979725
2392852495	0.59532976
2778785483	0.5951977
1155879121	0.5951605
1413443995	0.59088355
2814668126	0.5904545
2203474081	0.5882948
98256464	0.58692724
232503690	0.58566344
17614702	0.5795976
361533010	0.57829547
11308402	0.57693946
2886696132	0.5750477
102816266	0.5747016
2927209855	0.5732621
1390377960	0.5709195
2884419946	0.5704334
93586498	0.57030046
2856359263	0.5698612
122896733	0.5698595
364256115	0.5691878
144778148	0.5669425
2739972932	0.5648804
474932878	0.5644574
2594158140	0.56096804
15657533	0.5605303
1884066702	0.5596489
1527850849	0.55948776
1870502388	0.55709183
2290465472	0.55686295
458716389	0.55625635
18989537	0.5520924
1582839288	0.55005145
1383751964	0.5488068
2311656001	0.54880357
2155185577	0.54730415
1220885712	0.5450728
31437738	0.54483473
2984558894	0.5446179
3067431226	0.54387236
881604505	0.54377997
2358350928	0.540673
336871220	0.5376537
300875086	0.5360187
2478048732	0.53346646
41133866	0.53337216
383951841	0.53322935
1913673594	0.53273946
150190794	0.53186953
144643595	0.5308076
2711628616	0.5307994
452408449	0.5306228
701131459	0.52940476
582374840	0.5270412
42457698	0.52548015
3041152573	0.5219661
105534480	0.5206254
847134716	0.52018255
2778811228	0.51969624
2716803696	0.5180299
38236592	0.51702344
877080792	0.51650923
2816742643	0.51634806
2368238768	0.51584584
2596288916	0.5151674
2885921638	0.5148008
187222228	0.5135329
2902468109	0.5085242
102325185	0.5077024
338883356	0.5070187
376034477	0.5066737
1412288186	0.50575376
2800650186	0.50213516
1905343417	0.5007849
15090587	0.50003266
609143325	0.4997027
487284729	0.49917868
1386621757	0.4975261
296351501	0.49642652
2778785081	0.4962939
2190943291	0.4962761
1677229176	0.49409497
884651732	0.49358195
587563290	0.49354473
27746125	0.49133953
2375760882	0.4909648
288387863	0.4907416
2565730848	0.48963335
2937636494	0.48659506
347464978	0.48607185
1126671672	0.48521885
21709576	0.4844597
1736094104	0.48276585
34243036	0.48131487
212597510	0.47757792
64984150	0.47702888
253432854	0.4754375
1849770487	0.4739829
361231926	0.47391975
2386516323	0.47373435
3053524936	0.47121045
1290452180	0.47063488
461353244	0.47042927
2491519436	0.47042647
317106876	0.46901006
400054955	0.46783262
597495833	0.467693
800297028	0.46743718
703352546	0.4659376
112745297	0.46584538
3042445591	0.46553814
2597179009	0.46496907
30077085	0.46459994
211749588	0.4632087
949976822	0.46297723
2225300413	0.46256825
2485341518	0.46123058
1453599253	0.45984268
2706061818	0.45951924
763740920	0.45889372
15823893	0.45742676
160924991	0.45537663
2875264515	0.45434234
25343277	0.45326555
140641561	0.4509237
1154103283	0.45041886
2813321303	0.449579
2208919672	0.44850022
21573871	0.4473842
2616091658	0.44653356
1585676959	0.4455622
2173455654	0.4448263
2196907358	0.44419193
2307296534	0.44414875
164412808	0.44391778
455710104	0.4417637
2600432257	0.44176355
357430764	0.44063628
2594854717	0.44056508
1087433006	0.44008768
1969740852	0.43928683
220296908	0.43907833
3010606491	0.43831378
2824019312	0.4381957
265058338	0.43801808
507809147	0.43631172
2743448746	0.4361192
1919373924	0.43581235
1218489630	0.4341369
2699994906	0.4332116
2291026128	0.4324631
27315828	0.4315728
68639706	0.431195
16914488	0.4305023
2347570620	0.4298939
81543575	0.42895126
2737932518	0.4287041
2493258062	0.42805016
23280370	0.42798376
2322782731	0.4279687
253103038	0.42703092
487906416	0.42659888
2778761727	0.42592007
789400032	0.42545936
328867336	0.42519382
26754630	0.42451623
887259241	0.42441633
3063281438	0.4240659
722401092	0.4228192
2955162433	0.42064932
894200077	0.42036855
1583443352	0.41937798
33038088	0.4172142
2890905555	0.41652945
222526689	0.41615877
2601861565	0.41571385
60055468	0.4155132
539910305	0.41529217
1090766598	0.4145752
2722990526	0.41456294
438289131	0.41356692
2813345704	0.41302162
2827634815	0.41246346
2882417429	0.41138166
977532660	0.4111941
26038648	0.41076386
2421804588	0.40995443
2833745920	0.40980002
791711262	0.40969566
252571367	0.4094397
1202389375	0.40939817
947024070	0.40890756
65622171	0.4086205
499732169	0.40717652
2897048049	0.40689874
448152722	0.40621254
1972898293	0.40562886
1328971326	0.40530697
2176654682	0.40499994
39268388	0.40492633
241976867	0.40387183
2426918137	0.403505
2276274667	0.40335003
98926033	0.40307328
3005585806	0.40263516
529167074	0.4025555
2813347654	0.40249857
2905316259	0.4021994
487492096	0.40219122
600040280	0.4011792
119714444	0.4006558
276334529	0.4001964
3044159284	0.40007263
1113459896	0.39749354
219949443	0.39608613
2402502914	0.39593697
12716032	0.3957665
2373689929	0.39542326
850301360	0.3940205
232844934	0.39359513
373969891	0.3931088
367337523	0.39244246
70848605	0.391994
1273320391	0.39038736
2309838738	0.38982242
1528208486	0.38968384
2909365342	0.3889596
2420706757	0.38870797
263787098	0.38744527
2249186018	0.38735944
20048693	0.38618344
3040422957	0.38480008
239386936	0.38476598
2998925995	0.3840319
288302031	0.38370323
2443713589	0.38318968
551934175	0.38067418
2778810004	0.37966236
2881945762	0.37950075
2764769610	0.37941986
3097256958	0.37854403
372842775	0.37650055
111838410	0.37573984
110126964	0.37544382
125445231	0.37525946
385883092	0.37483972
2813321537	0.37444067
752836645	0.37369525
504094623	0.37347054
332560287	0.37314704
455673828	0.3727666
1470706141	0.37139356
15451927	0.37139356
2285443592	0.37139356
2813347534	0.37138993
3079293100	0.37067705
2981334604	0.36965513
90844212	0.36956364
139070769	0.36889684
2446971672	0.36869103
40402484	0.36868975
2972108721	0.36842585
2759377836	0.36775059
143071049	0.36745
195312482	0.36641103
2685475296	0.3653562
445775612	0.36341485
246626141	0.36329493
462710481	0.36260986
29752034	0.36254483
2733865376	0.3623411
1619522346	0.3610838
1169917530	0.36082238
472685762	0.35890633
17609113	0.35860032
1459449972	0.35789397
1739650556	0.35718358
1357126620	0.35620528
151004677	0.3556183
249882610	0.35347018
236212154	0.353455
113500123	0.3534202
2570479190	0.352746
1345862960	0.3522836
1636759074	0.3517831
2829788485	0.35169995
531384436	0.3510236
2913840473	0.35066128
2988914325	0.35031646
2973644913	0.35007513
192536618	0.3492845
613364911	0.3489623
749103409	0.3486877
747994214	0.34839293
914323507	0.34827936
234268954	0.3481802
581572648	0.34815928
2521378962	0.34765816
2378904547	0.3471469
1343777125	0.34710175
123423476	0.3471012
2743489840	0.3463822
2744239254	0.34624064
36704033	0.34507737
1656069558	0.34476537
269489101	0.34367412
1641474871	0.34366387
578159505	0.3435521
2843018131	0.34264076
588382160	0.3413688
1731910722	0.3402534
14438135	0.33959785
2902424509	0.33857727
84121886	0.33850923
474097315	0.33783156
244016622	0.3375283
62475077	0.3373577
380068884	0.33729175
2801334731	0.3370542
1331072995	0.33677322
2464632324	0.33670276
60269163	0.33660802
2872127962	0.33622795
375607166	0.33597606
35420682	0.33562195
1717260037	0.33539146
229226539	0.33517075
2778812500	0.3350039
2936659008	0.33475727
37627568	0.33396727
2974956982	0.33357397
2322029732	0.3324595
2881085115	0.33229494
34669126	0.3322631
2710604658	0.3307535
1072818308	0.3307513
51114222	0.3295614
68272244	0.32917348
989690640	0.3288638
1490576629	0.32819656
2366303634	0.32782456
204243897	0.32741565
626922492	0.3269115
295068033	0.32680076
85164299	0.32675457
354574294	0.3265097
285323487	0.3261926
281044203	0.32585043
2995482032	0.32534644
2546508666	0.3253392
74003771	0.32507926
2544098874	0.32439548
271501879	0.32420856
522814233	0.3238395
2752323946	0.32354444
425870454	0.3224647
987773264	0.32233912
1597660010	0.32233596
25548914	0.32153854
2769736419	0.32117617
2987006919	0.3205403
108362740	0.3204886
521530151	0.32015017
118705559	0.3198033
594141180	0.31965482
604858263	0.3195753
160496310	0.31949174
414590173	0.31937706
1650497851	0.3186181
19318159	0.31847197
1349856667	0.31801406
2813346178	0.31751874
1717208412	0.31749684
177551811	0.31699115
1630753388	0.31659606
2809004554	0.31601813
3002240222	0.31567165
391663017	0.31549647
3059703112	0.3154734
633690365	0.31516635
418196980	0.31510583
18316690	0.3148232
391304969	0.3142265
177799154	0.31388998
2878162830	0.3130207
2987176793	0.31106442
2929743297	0.31106362
2654379788	0.30879116
1972175041	0.30805373
2818198537	0.30803964
94032625	0.3070473
348642818	0.30694014
89707656	0.30642614
319362294	0.30634135
3097100573	0.3063314
2742105492	0.30631316
1448152554	0.30583426
2900337700	0.30535698
384483993	0.3053037
47675669	0.3046476
3092429249	0.30383015
1485332827	0.30350626
2359646928	0.3029533
2750381484	0.30270067
1464247902	0.30189204
2998419345	0.30116713
122035491	0.2999971
2778785699	0.29972214
1976390216	0.2996791
2680509826	0.2993269
1052381485	0.29922897
770089374	0.29887807
319811967	0.29823878
1907771382	0.29717055
241671272	0.29611135
193233495	0.29536662
426671145	0.29478425
2350639447	0.29454106
2988414041	0.29361188
3020358791	0.29240078
506788405	0.29240078
25110386	0.29213262
160577312	0.29186368
1080124746	0.29168698
459563249	0.29153886
110365899	0.29124904
2388496231	0.29095334
1600963664	0.29065752
2495927952	0.29063195
401711225	0.29019207
2165671231	0.28889233
104108042	0.28850302
1272751392	0.2879395
2255955607	0.2874354
748284313	0.28717542
232937979	0.28670514
100738504	0.2866797
22069449	0.28652507
110061311	0.28648108
1853668579	0.28561893
2729072255	0.28559777
2811966313	0.28529254
1149025741	0.28521258
257654076	0.2846859
1946279065	0.28446546
2901765416	0.28418103
1101216644	0.28397658
212237830	0.2838791
2816209458	0.283714
23093161	0.2830838
3034700999	0.28243792
1893858302	0.28153992
135145566	0.28153175
2444480173	0.2809611
2850490888	0.2795145
140577612	0.2783971
2580518747	0.27828115
577492700	0.27789646
3001862243	0.27751505
845641249	0.27751505
462709470	0.27749997
1632886033	0.27720088
2890512479	0.27677333
1547073288	0.27634257
326731962	0.27622652
822959113	0.27601728
2713326029	0.2758432
124263489	0.27571177
20571727	0.27562457
369162851	0.27544177
3018836009	0.27479646
1048291658	0.27473977
98561773	0.27453333
1717016598	0.27447185
2922619043	0.27415398
179022357	0.2735081
2962002346	0.2728971
100258014	0.27257565
17001831	0.27180535
2800541025	0.2713651
2319600132	0.27012607
262069886	0.2696113
322558628	0.26887816
2956157271	0.2683108
2729193625	0.2679798
2903702067	0.2679283
2828675527	0.26785383
407407474	0.2667871
2982760043	0.26662722
159428084	0.26622915
1379535314	0.26540375
995433505	0.26446018
2792041422	0.2631966
2920123972	0.2624703
2214510864	0.2624162
2863515280	0.26235306
1900274090	0.26206368
435790812	0.2617519
873086204	0.2616104
2798851708	0.26142085
361504501	0.260892
2153048065	0.26074043
1626929449	0.26071748
2174838054	0.26005304
2819345568	0.25993642
714498283	0.25991285
168860481	0.25954148
2532673520	0.2594156
1467412392	0.2593187
19700256	0.25913617
2818012008	0.25855127
2858737520	0.25846952
143647334	0.25657815
488632679	0.2558558
2584946731	0.25553808
1054610820	0.2551118
231828829	0.25487643
106593896	0.25452733
383127484	0.2541782
1107783409	0.25408837
184345490	0.25393727
282782650	0.25377274
1901386208	0.25363657
137413683	0.25340065
2921403496	0.25317156
125154154	0.25278658
1322875405	0.25260687
14645435	0.25251877
196559017	0.25241405
2239791442	0.2518537
840647364	0.25138167
2872077412	0.2511947
2897052407	0.24966413
33927725	0.24965462
500725023	0.24900538
2701756382	0.24851319
2255104090	0.24805006
809346200	0.24794462
857008494	0.24790494
163858019	0.24754344
246725894	0.24754344
272714908	0.24754344
613769800	0.24680834
2903742124	0.2466853
2362694616	0.24642423
119720315	0.24581131
2921403004	0.24573138
2249293429	0.24569741
1596814969	0.24550971
282482093	0.24528672
2612179320	0.24411328
2409698425	0.24411038
2903761786	0.24354354
37149640	0.24322702
350602939	0.24285877
2464536967	0.24234365
79136714	0.24225157
340582320	0.24100879
2210773374	0.24099997
218381264	0.24048528
2341445778	0.24048516
774657672	0.24015144
2986510300	0.23980692
25464068	0.23975468
77960747	0.2395314
466170923	0.23935817
871367222	0.23925439
2518428508	0.23912273
1645269967	0.23908795
776030970	0.23908377
40154361	0.2386213
2884225803	0.23834938
3009453446	0.23829922
292193366	0.23813987
122180291	0.23812383
370531625	0.23798792
2890853229	0.23796946
276496324	0.23674881
2935360949	0.23670167
2890191213	0.23648584
253971576	0.23639591
1165456369	0.2363182
2703482958	0.23629561
2837295532	0.23581722
1632302370	0.23572294
151848389	0.2355523
10152	0.23546773
366851862	0.23542783
330494216	0.23484051
366775608	0.23418093
1729590830	0.23410054
86796377	0.23380226
2150794934	0.23360938
2478541154	0.23346475
2229434286	0.23288426
16367775	0.23277807
2980866684	0.2327078
115221411	0.23170072
122358591	0.23170072
143131280	0.23170072
14380496	0.23170072
17541454	0.23170072
226326984	0.23170072
2543505635	0.23170072
2544607466	0.23170072
2856034139	0.23170072
2990581845	0.23170072
315671241	0.23170072
31905748	0.23170072
342741718	0.23170072
355731875	0.23170072
37092528	0.23170072
47482965	0.23170072
595074252	0.23170072
602288530	0.23170072
68900631	0.23170072
73545832	0.23170072
79342609	0.23170072
949590067	0.23170072
102932800	0.23149851
2989838704	0.2310225
241858876	0.23082155
2206391023	0.23070675
3060045194	0.23059013
616282125	0.23028837
3011976939	0.23022282
2890855647	0.23004821
3076790429	0.2299264
452853780	0.22968459
2962834552	0.22913477
1853706194	0.22868995
1830662323	0.22854424
1245579715	0.22835281
2949297775	0.22824977
463162523	0.22822805
359718770	0.22802387
2962002490	0.228003
934163634	0.2277928
14785108	0.22751775
2921368829	0.22702292
562287040	0.22590262
298030859	0.22587855
1430616955	0.22583091
47113735	0.22545704
381405578	0.22543672
29839149	0.2253634
146057813	0.2251223
2798083811	0.22421384
95384897	0.22378731
2965186691	0.22343937
2952997323	0.22313653
2872014165	0.22262599
629608455	0.22210686
1869033253	0.22194381
480393918	0.22161803
2441885916	0.22098178
1865799140	0.22090113
23898700	0.22076294
427186584	0.22056238
1724784643	0.22051713
758776808	0.22023794
986036827	0.21965958
3009073544	0.21952915
1607198011	0.21948934
2190384691	0.21929
398667445	0.21858278
2961995764	0.21857134
2493600930	0.21814908
2862601823	0.2178055
2472284360	0.21778223
2909839289	0.21764277
939086965	0.21747468
2897514482	0.2170229
230560242	0.21700248
193620259	0.21684417
2961924941	0.21673669
310875181	0.21665153
2603480221	0.21661305
3021966336	0.2164144
1544174304	0.21618599
1289703320	0.21610448
703755600	0.21529998
1665197299	0.2150917
1219728530	0.21490756
2931924171	0.21474883
2385851994	0.21440437
2270606414	0.2141415
307176697	0.21374997
2918330957	0.21277496
2268543434	0.21239612
2544913086	0.21237673
365500988	0.21220846
2997202992	0.21176703
2539363940	0.21158461
3018136305	0.21157071
435960395	0.21152337
2821427140	0.21149136
2686999627	0.21136864
712636856	0.21131916
1849104638	0.21064205
88710941	0.2097438
3102335868	0.2092264
292502674	0.20905039
59415888	0.20882499
2885861621	0.2086323
2999827295	0.20853978
232489093	0.20851922
586877641	0.20796825
2435050334	0.20785749
2977272347	0.20740457
3039629594	0.20720622
3023672743	0.20713955
388656898	0.20707399
1933410025	0.2068207
769458919	0.20650794
2283414301	0.20643993
2967119856	0.2062271
200343706	0.20595913
1485007568	0.20594496
438524472	0.20584162
93279532	0.20583034
1252376239	0.205464
445615143	0.20522873
1657210158	0.20502521
3062071730	0.20479974
2365373972	0.2045045
211797887	0.20396614
2207246305	0.20367001
131612006	0.20364502
2858252204	0.20355745
160819577	0.2035479
355486088	0.2033255
760883833	0.20295706
1308403399	0.202924
358132186	0.20283942
585114985	0.20270193
381171283	0.20267347
133171345	0.20244676
521912725	0.20239997
2921368997	0.20234053
563454346	0.2019874
317664462	0.2019673
749059344	0.20183851
2709796334	0.20178838
427342991	0.2017371
2903730731	0.20163074
1089678500	0.20142783
128033273	0.20112738
2945825295	0.20079441
1137292440	0.20072338
2232469315	0.20058058
185322076	0.20032778
1048974373	0.19983834
1590824377	0.19983834
2961995470	0.19973089
375604754	0.19939011
380117615	0.19926526
2251164769	0.19919284
3008710180	0.19905369
48364077	0.19885948
22335951	0.19868574
2305567904	0.19822493
2305769105	0.19821861
1558764090	0.19797009
263070077	0.19761029
2903730227	0.19755775
1946975239	0.19708468
2599339568	0.19686052
632604943	0.19665289
606303072	0.19572511
486616090	0.19534425
2792087110	0.19525571
169406388	0.19494975
1923224924	0.19447163
19033238	0.19400077
470001907	0.1936234
2349911012	0.1933704
3033753705	0.19330493
2889981932	0.1928913
213406971	0.1928426
2998554478	0.1926664
610904764	0.19191726
53654464	0.19138077
387592410	0.19130826
2713790683	0.19104123
1907690449	0.19088109
2592891325	0.1901768
110015414	0.1901046
2921338239	0.18973391
389353555	0.18946849
2184760158	0.18935058
1036157252	0.18926688
3014459128	0.18918715
436492163	0.18908758
2876391604	0.18904741
367579783	0.1889194
962721013	0.18890399
2885180294	0.18845859
457912977	0.18819761
718957124	0.1881234
601818798	0.1880629
2445513956	0.18800281
2371001545	0.18798813
185172888	0.18788825
2609237328	0.18778041
248641319	0.1875632
3049912797	0.18751217
198249670	0.18727371
492609021	0.18722655
2977074605	0.18721294
2946598523	0.1871887
2818243225	0.1870834
2924140816	0.18692139
1317108294	0.18638025
2903763034	0.18587795
108746125	0.1855384
2842895750	0.18552914
3038208674	0.18489008
292359995	0.18484168
3061073761	0.18461238
2716154199	0.18444145
2877274274	0.184075
2599060963	0.18359798
1402350313	0.18354493
2186813068	0.18335405
2890916938	0.18310305
2344619544	0.1829527
2818335812	0.18265533
2965713622	0.18243894
2385812455	0.18234238
2425036934	0.18230003
44123040	0.18226162
376581425	0.18222314
369772151	0.18212357
787021939	0.18206799
2285354888	0.1814129
2340470118	0.18057127
338220607	0.18057127
355555700	0.18056898
1259313956	0.18033293
2875938491	0.18002944
2351420289	0.1799087
118794845	0.17961742
2800308249	0.1792974
2936210342	0.17909259
3016728905	0.17888425
2589888374	0.17873372
633744636	0.17870587
956388752	0.17870587
858831337	0.17869961
19428637	0.17855638
3104967428	0.17829771
2535470951	0.1781935
3072211288	0.17795444
30237807	0.17774725
136902922	0.17771927
21807008	0.17757782
154178047	0.17751665
188641199	0.17742808
2235413333	0.17736736
211835836	0.17713821
238037420	0.17713821
198885815	0.17689526
2467271010	0.17650245
2850173854	0.1764462
2409801469	0.17625298
75892622	0.17600358
381159056	0.17584762
1045565478	0.17583391
1452645942	0.17583391
257027939	0.17583391
2975591233	0.17583391
2977957774	0.17583391
3053449183	0.17583391
3003301587	0.17568627
470921608	0.17559303
116710953	0.17558871
2297422230	0.17549998
2523066856	0.17532337
2530849806	0.17468162
2323955785	0.17396632
398996457	0.17396525
1617960900	0.17384662
2861954329	0.17358284
2665421136	0.17354333
1842875479	0.17347589
381169850	0.17332098
2927496331	0.1732974
2819049914	0.1730186
2753613752	0.17281498
2754179880	0.17281498
2354846684	0.17255732
1612153176	0.17223655
2350386204	0.17223655
235129342	0.17223655
2413664017	0.17223655
2831203193	0.17223655
2888729354	0.17223655
493492286	0.17223655
545837912	0.17223655
67024859	0.17223655
788937373	0.17223655
840659784	0.17223655
270597782	0.17162104
65753801	0.17160752
2194051657	0.17155974
770317610	0.17150335
2187220087	0.17123105
2807862643	0.17123105
283735677	0.17123105
3060940326	0.17123105
85673918	0.17123105
2870448418	0.17046776
2312991978	0.17029487
1285740319	0.1691607
2875602905	0.1691607
3032985433	0.1690972
2340281220	0.16892743
127053866	0.1687436
168141961	0.16872306
1246096020	0.168419
1479511032	0.16807206
846393199	0.1679873
2939844591	0.16796528
2961753289	0.16785373
2543271247	0.16773488
3066855883	0.167541
45456349	0.16690351
2823657835	0.166325
2595648880	0.16629359
123453249	0.1658427
15260789	0.1658427
1526288869	0.1658427
1676473459	0.1658427
1861103216	0.1658427
2362771794	0.1658427
286427074	0.1658427
2934684204	0.1658427
3022369502	0.1658427
402477263	0.1658427
426806293	0.1658427
518139983	0.1658427
70171872	0.1658427
187572280	0.1658107
2781492348	0.16564581
500515572	0.16564581
2342763212	0.16546331
189843602	0.16523783
326789558	0.16520846
2456823024	0.16495603
459906323	0.16442528
636974710	0.16436197
841727377	0.16431415
143442753	0.1642683
1909400192	0.1642683
2158289593	0.1642683
3025706887	0.1642683
59981930	0.1642683
2990670514	0.16352455
3053049102	0.16352455
2245986884	0.16348295
327863124	0.16313615
3026437803	0.16301614
1426030922	0.16292351
323701408	0.16206414
167150894	0.16168112
3003985426	0.1610082
1128272371	0.16067572
2767474581	0.16064861
410673248	0.1605641
2944373407	0.16035384
190266566	0.1602135
2352576090	0.1602135
1217218014	0.16015929
1298935814	0.16013932
2903549678	0.16013932
3020967674	0.16013932
3020990504	0.16013932
3021078684	0.16013932
3021133237	0.16013932
3021372549	0.16013932
3057608414	0.16013932
995518536	0.16013932
789783858	0.15999866
2230713030	0.15972485
2824357875	0.15946387
34286672	0.15946387
1051321530	0.15910828
1259510083	0.15888748
2801324170	0.15888748
2923582927	0.15888748
2316583147	0.15878473
735481688	0.15823455
165505404	0.15799737
3021723427	0.15766253
2959869516	0.15760191
2962002214	0.15742199
2841917693	0.15704967
1859676558	0.15675282
108418699	0.15671562
2762226860	0.15670855
503097141	0.15644994
66151774	0.15620132
2152406635	0.15609738
39348923	0.15592189
2837796402	0.15562034
302386450	0.15548271
1566750836	0.15529194
822670837	0.15529194
1958542087	0.15511946
902269398	0.15478984
125938071	0.15470508
182081694	0.15415068
2847876929	0.15405744
189481046	0.153767
15298375	0.15370953
571182317	0.15370953
64438641	0.15367347
61019506	0.15328155
2828169123	0.15324748
2989961139	0.15324748
3019254948	0.15324748
3019268126	0.15324748
3019323110	0.15324748
3019501668	0.15324748
3019571600	0.15324748
3019829384	0.15324748
3019852123	0.15324748
3019923686	0.15324748
3019954074	0.15324748
3019972470	0.15324748
3044852217	0.15324748
221638815	0.15250705
101694847	0.14999998
102258057	0.14999998
1024482170	0.14999998
107077120	0.14999998
1118300634	0.14999998
113659342	0.14999998
1250485020	0.14999998
130078153	0.14999998
1313359153	0.14999998
1326914587	0.14999998
133251329	0.14999998
1339212920	0.14999998
1341283447	0.14999998
1351193060	0.14999998
1381435759	0.14999998
1384077925	0.14999998
14184633	0.14999998
1453592347	0.14999998
1457207868	0.14999998
1470635203	0.14999998
1490346896	0.14999998
157608114	0.14999998
1581585452	0.14999998
1645627172	0.14999998
1659236520	0.14999998
1681520972	0.14999998
1720813050	0.14999998
1722356724	0.14999998
172487241	0.14999998
1734829615	0.14999998
175426467	0.14999998
180346348	0.14999998
1831593212	0.14999998
183787602	0.14999998
1865337374	0.14999998
1913915971	0.14999998
199353697	0.14999998
202275549	0.14999998
203532476	0.14999998
206338797	0.14999998
2149719834	0.14999998
2170150366	0.14999998
2193096290	0.14999998
2209523333	0.14999998
2219784955	0.14999998
222360499	0.14999998
2243596101	0.14999998
225018425	0.14999998
2251543542	0.14999998
2276415613	0.14999998
2294809898	0.14999998
23167052	0.14999998
2353130901	0.14999998
236845562	0.14999998
2383523646	0.14999998
2398664178	0.14999998
2402331338	0.14999998
24119342	0.14999998
2431884954	0.14999998
245779558	0.14999998
2463421658	0.14999998
249987722	0.14999998
250202206	0.14999998
2503995361	0.14999998
2515061570	0.14999998
252494313	0.14999998
2542780982	0.14999998
256541765	0.14999998
256595810	0.14999998
257054895	0.14999998
257590806	0.14999998
2599844436	0.14999998
2602969320	0.14999998
2655203862	0.14999998
2663858894	0.14999998
2669632328	0.14999998
26751720	0.14999998
2679287540	0.14999998
2699557074	0.14999998
2726487526	0.14999998
27347119	0.14999998
27351818	0.14999998
2737178679	0.14999998
2739829068	0.14999998
2748983663	0.14999998
278606956	0.14999998
2787452372	0.14999998
2788760875	0.14999998
2793914398	0.14999998
2828032714	0.14999998
2828038929	0.14999998
2838243009	0.14999998
2838279898	0.14999998
2838321184	0.14999998
2838330670	0.14999998
2842232865	0.14999998
2842237035	0.14999998
2842239531	0.14999998
2842242081	0.14999998
2842243563	0.14999998
2842270475	0.14999998
2842271961	0.14999998
2842274189	0.14999998
2842276391	0.14999998
2842283571	0.14999998
2842284617	0.14999998
2842292039	0.14999998
2842292979	0.14999998
2842293617	0.14999998
2842298469	0.14999998
2842301183	0.14999998
2842304188	0.14999998
2842304993	0.14999998
2842308202	0.14999998
2842314113	0.14999998
2842317455	0.14999998
2842324540	0.14999998
2842334512	0.14999998
2842337206	0.14999998
2842340110	0.14999998
2843785329	0.14999998
2849030764	0.14999998
2856176434	0.14999998
2856179188	0.14999998
286436660	0.14999998
2870663601	0.14999998
2870667639	0.14999998
2870675661	0.14999998
2870689443	0.14999998
2870692409	0.14999998
2870709669	0.14999998
2870710720	0.14999998
2870710949	0.14999998
2870714871	0.14999998
2870724406	0.14999998
2870726830	0.14999998
2870737756	0.14999998
2870739359	0.14999998
2870743282	0.14999998
2870744675	0.14999998
2870759896	0.14999998
2870762068	0.14999998
2870808981	0.14999998
2870813847	0.14999998
2870844724	0.14999998
2870848168	0.14999998
2870855512	0.14999998
2870896719	0.14999998
2870903481	0.14999998
2870907657	0.14999998
2870919033	0.14999998
2870924079	0.14999998
2870960968	0.14999998
2870967231	0.14999998
2870982166	0.14999998
2870985233	0.14999998
2870986498	0.14999998
2871010546	0.14999998
2871901110	0.14999998
2872229113	0.14999998
2873923392	0.14999998
2875013097	0.14999998
287679898	0.14999998
2882399423	0.14999998
2883331035	0.14999998
2887442926	0.14999998
2903549906	0.14999998
29057109	0.14999998
2908332092	0.14999998
2929346640	0.14999998
2929392853	0.14999998
2948939596	0.14999998
2952292472	0.14999998
2961807153	0.14999998
2963378003	0.14999998
2965713688	0.14999998
2969016409	0.14999998
2979858443	0.14999998
2985281299	0.14999998
2985870802	0.14999998
2987043201	0.14999998
2988770141	0.14999998
2998402900	0.14999998
3003333773	0.14999998
3005500258	0.14999998
3010873502	0.14999998
3011374530	0.14999998
3017486930	0.14999998
3017517320	0.14999998
3019202790	0.14999998
3019229184	0.14999998
3019230188	0.14999998
3019246848	0.14999998
3019246891	0.14999998
3019262802	0.14999998
3019263338	0.14999998
3019283839	0.14999998
3019284048	0.14999998
3019287073	0.14999998
3019288603	0.14999998
3019295430	0.14999998
3019299559	0.14999998
3019301790	0.14999998
3019305283	0.14999998
3019327638	0.14999998
3019340491	0.14999998
3019353116	0.14999998
3019359433	0.14999998
3019367928	0.14999998
3019375609	0.14999998
3019377559	0.14999998
3019379922	0.14999998
3019391869	0.14999998
3019394582	0.14999998
3019401050	0.14999998
3019403918	0.14999998
3019405428	0.14999998
3019411712	0.14999998
3019419456	0.14999998
3019463570	0.14999998
3019468490	0.14999998
3019470259	0.14999998
3019477736	0.14999998
3019506877	0.14999998
3019520364	0.14999998
3019540862	0.14999998
3019542955	0.14999998
3019558388	0.14999998
3019563943	0.14999998
3019575163	0.14999998
3019649784	0.14999998
3019674769	0.14999998
3019675454	0.14999998
3019679827	0.14999998
3019692883	0.14999998
3019715906	0.14999998
3019743266	0.14999998
3019803276	0.14999998
3019812314	0.14999998
3019875344	0.14999998
3019910034	0.14999998
3019911410	0.14999998
3019916660	0.14999998
3019932427	0.14999998
3019958900	0.14999998
3019978566	0.14999998
3019980870	0.14999998
3019990802	0.14999998
3019993602	0.14999998
3019996430	0.14999998
3020002855	0.14999998
3020006378	0.14999998
3020022066	0.14999998
3020024546	0.14999998
3020025583	0.14999998
3020037830	0.14999998
3020044850	0.14999998
3020044909	0.14999998
3020050927	0.14999998
3020116165	0.14999998
3020352846	0.14999998
3020357600	0.14999998
3020368800	0.14999998
3020377296	0.14999998
3020383128	0.14999998
3020392052	0.14999998
3020402372	0.14999998
3020404076	0.14999998
3020413813	0.14999998
3020420856	0.14999998
3020448758	0.14999998
3020463145	0.14999998
3020464370	0.14999998
3020482165	0.14999998
3020493745	0.14999998
3020527297	0.14999998
3021445059	0.14999998
3021457127	0.14999998
3021459153	0.14999998
3021475889	0.14999998
3021518997	0.14999998
3021523791	0.14999998
3021549803	0.14999998
3021597958	0.14999998
3021606066	0.14999998
3021697166	0.14999998
3021720679	0.14999998
3021814869	0.14999998
30226974	0.14999998
3023068226	0.14999998
3025587754	0.14999998
3026426097	0.14999998
3026523640	0.14999998
3027169619	0.14999998
3028192509	0.14999998
3028280722	0.14999998
3029092563	0.14999998
3029422928	0.14999998
3030431612	0.14999998
3030516292	0.14999998
3030584470	0.14999998
3030626177	0.14999998
3032445748	0.14999998
3032448370	0.14999998
3032452114	0.14999998
3032452552	0.14999998
3032460658	0.14999998
3034747425	0.14999998
3034825001	0.14999998
3034844434	0.14999998
3034880488	0.14999998
3037230422	0.14999998
3038649658	0.14999998
3039404060	0.14999998
3042380027	0.14999998
3042381609	0.14999998
3042435472	0.14999998
3042437021	0.14999998
3044569347	0.14999998
3044589357	0.14999998
3044617829	0.14999998
3044644330	0.14999998
3044645080	0.14999998
3044645392	0.14999998
3044663542	0.14999998
3044892335	0.14999998
3044894675	0.14999998
3044919820	0.14999998
3044923342	0.14999998
3047904280	0.14999998
3055010289	0.14999998
3066892202	0.14999998
3067014205	0.14999998
3075030454	0.14999998
3091622827	0.14999998
3104062466	0.14999998
320834960	0.14999998
325360638	0.14999998
326540264	0.14999998
333966208	0.14999998
336630950	0.14999998
340295329	0.14999998
340857592	0.14999998
361574443	0.14999998
36502918	0.14999998
367599005	0.14999998
368207295	0.14999998
37166677	0.14999998
371683500	0.14999998
374583372	0.14999998
381186602	0.14999998
381225061	0.14999998
38727901	0.14999998
387301360	0.14999998
398276594	0.14999998
40031846	0.14999998
406558969	0.14999998
41267271	0.14999998
425302872	0.14999998
44025923	0.14999998
444145137	0.14999998
450607522	0.14999998
457620141	0.14999998
458788209	0.14999998
467191763	0.14999998
47061394	0.14999998
47671682	0.14999998
47991037	0.14999998
484822687	0.14999998
49050128	0.14999998
491083429	0.14999998
503985047	0.14999998
50645038	0.14999998
51317722	0.14999998
521856598	0.14999998
535501088	0.14999998
537170723	0.14999998
549519187	0.14999998
573840130	0.14999998
597072591	0.14999998
606678031	0.14999998
65998825	0.14999998
67281504	0.14999998
718835348	0.14999998
720892429	0.14999998
738995263	0.14999998
76554388	0.14999998
766697400	0.14999998
771629515	0.14999998
790545462	0.14999998
803918294	0.14999998
812284626	0.14999998
818044298	0.14999998
86164252	0.14999998
870772699	0.14999998
885853693	0.14999998
91851848	0.14999998
91917519	0.14999998
91954103	0.14999998
92279264	0.14999998
98609301	0.14999998
