100024370	87
1001192245	23
10017542	2
100253491	1
100258014	2
1003088551	1
1004114520	1
1005140833	1
1005466790	1
100650665	1
1007915173	2
101023312	1
101044849	1
1011339350	2
1011882912	1
1012376300	2
10148962	1
10165242	1
1018083266	2
101823764	1
1018484418	1
101855247	1
101866726	3
1018785420	1
1020054625	1
1020067598	1
1020081481	1
1020182690	1
1020424015	1
1021169419	1
1021788536	2
102281540	1
102325185	30
1023354336	8
1023491131	1
1023594121	1
102421137	1
102452225	1
102481836	1
102816266	1
103300417	1
103504126	1
103580524	1
1036497768	1
103650751	2
103810916	1
1039081430	2
103967533	1
104034095	1
1040640698	1
1041665179	1
104185085	2
104232522	1
104271807	1
1042814112	3
104291206	1
1043744070	1
1046312670	3
1046352450	1
104712815	1
104902542	1
104952689	15
105203602	1
105258845	1
1053484388	5
1056313532	1
105665322	1
105728104	1
1058408514	1
105845978	3
105909464	1
105926515	4
1060726802	1
106203627	1
1062897307	1
1064015220	12
1064700308	1
106498703	5
106504911	5
1066801676	1
1067178060	2
106959218	3
107146393	1
107367156	1
1074309715	1
1075187563	1
107576419	1
1076438077	1
1076916151	1
1077398336	1
108021761	1
1080306914	1
108032177	1
108077798	1
108469356	1
108511039	1
108557666	1
1086523855	1
1087471117	1
1088164062	1
108938404	1
109179092	1
1092267594	2
1092298711	1
1092305288	1
1092348054	1
1092564138	1
1093347656	1
109484552	1
109498771	1
1095563516	1
1097148997	1
1097181956	1
109927499	5
109995803	2
110093517	6
110147594	4
110169083	1
1102610024	2
110277416	7
1105089212	1
110547073	1
110575482	1
110727125	1
110929302	1
1109866830	1
1110682142	1
111325868	1
111457430	1
11148192	1
1116331430	1
111981706	1
1121028973	4
112169042	1
112269293	1
11247222	1
112509786	1
112581471	2
1129206217	3
11308402	4
1131123974	1
1131449330	1
1131932318	2
1132377396	3
113410319	1
1134484321	3
1134743341	1
1137292440	1
1137633156	14
113785888	1
113977675	1
1141268886	1
1141384256	1
1142120569	1
114229421	5
1145877600	1
114845234	1
1152105936	6
115489464	1
1155007350	1
1156531974	1
1157462144	1
1161725924	3
1162268034	3
1163696714	2
1164357870	1
116914454	1
1169633580	1
116977290	2
117010080	1
117088484	2
1177083624	1
1177550208	1
117857704	2
1181702492	2
118331219	6
1187422273	1
11955082	1
119627325	1
1199071592	4
1199439283	23
1199658468	1
120130287	1
1201683000	1
1206200186	2
1206373771	2
120672388	1
120797863	1
1209338426	1
1209595398	2
120965481	1
1209991243	1
12114462	14
121158213	30
121254630	1
121321885	2
1213749469	1
1214566958	1
1214785736	4
121639325	1
121676837	1
1220386050	1
1221736705	1
1222829917	5
12234352	7
122511616	1
1225981051	1
1226035411	3
1228451929	2
1228537610	4
123125462	80
123137244	2
123147423	2
123174284	5
123228940	1
123420826	2
123425184	1
123428914	1
1238915544	1
1240477135	1
1241940475	1
1242620792	1
1244393550	1
1244482620	1
124508864	1
1245395222	4
124585235	4
1246096020	46
1246273074	4
1247556768	2
1248130122	1
125070254	1
12507792	2
125210248	1
1253312389	1
1253465496	1
125432912	1
12546722	1
1254854268	1
1256941783	1
1257970358	1
125987346	1
1261216734	1
1263284131	1
126382039	1
126413239	1
126476008	1
1264899192	1
1265023070	1
1265773064	1
1266006373	1
1266279002	1
126640430	5
126731503	1
1270061208	1
127172043	1
1272751392	2
1276129988	1
1277178181	26
127763388	1
127871544	1
12794362	3
1279746739	3
128001460	2
1280543365	1
1281072037	6
1281195463	2
128334973	1
1284466351	13
128550246	2
1285719914	1
1285949539	1
128654515	1
1287510536	1
128891933	1
1289038657	1
1289086184	2
1289175368	1
1289906790	1
129125427	1
1291850300	1
1292165288	1
1292305116	1
12959332	1
1296832422	1
1296952741	1
1297336626	1
1298935814	1
129935623	1
130408712	1
1305451382	1
130696935	1
1308035706	1
130806148	1
130859358	1
1310354202	35
1310746040	3
131506459	4
131517152	3
1315225639	1
1316087911	2
131609773	3
131626753	3
1320968377	1
132133448	1
1321679647	1
132173493	6
1322007252	1
132403102	1
1327241353	1
13278492	1
132803991	1
1329243757	3
132998918	4
133056605	7
133118156	1
13363682	2
133910588	8
133968654	2
134198237	1
134233015	1
13423622	1
1342624099	1
134301407	1
1343120126	1
134354451	2
1345862960	4
1347071545	5
13471032	2
1347855930	1
134854762	1
134931708	1
13493932	1
135092073	1
1352595571	1
135343242	1
1354181006	1
135435379	1
135502581	1
1355510426	7
1355603460	1
1356885824	1
1358146357	6
136147557	1
1362121502	1
1363347080	1
136393773	8
136447449	1
1365273054	1
1365750296	1
1366631	1
1367765233	1
136842204	3
1369183346	2
137061901	94
1370845128	2
1370906497	1
1373368518	1
1373416555	1
1373505554	1
1373510713	1
1374059611	1
1375963266	1
1376133656	1
1376353224	1
137652630	17
1377472224	4
1377910874	1
1378	1
1378065150	1
137958927	1
137960628	1
1380474283	1
138231103	1
138766162	1
1388848657	1
1389493454	21
139133793	1
139331458	2
1393603976	17
1395076646	70
1396025018	1
139774282	1
139794278	1
1398625656	1
1402824210	1
140291260	1
1402993687	1
1407559375	1
14078468	2
14097951	1
1410125744	1
14104848	1
1411402069	1
14115408	1
141258604	4
14126376	9
1412771047	1
1413027896	1
141307560	2
1413443995	2
14146896	2
1416078199	1
14175873	1
1417942526	2
1418264336	1
1418935171	1
1420021754	1
14228535	1
142351603	2
142353824	1
142384526	1
14250809	1
1425543451	1
142580507	2
142584642	1
14260491	1
14265485	1
142696626	1
142746241	1
14276189	1
1427834293	1
142827331	1
14288935	1
1429032192	1
143033198	1
1430670998	3
14310555	1
1436374802	1
143651355	1
1436715474	1
143772190	1
14380496	1
1439067241	3
143932795	2
143949701	2
14410741	1
1441232647	1
14420570	1
14443013	1
14446488	1
1447240867	6
1448127140	3
1449251635	1
144945322	1
1449880381	1
1450167168	7
145216041	1
1452408337	61
1452702914	1
14530582	1
14542355	1
14571012	1
1457218807	3
145842867	1
1458939464	1
14604040	1
146065092	1
146133213	1
1461649975	1
14626496	1
14629171	3
14633485	13
14641650	1
146529622	1
14654941	1
146552127	1
1467412392	1
14681336	1
14692383	1
146930159	4
1469977963	1
1470635203	2
1471665404	1
14718435	1
14728865	1
1473193454	1
1473431	2
14735033	1
14744629	2
1475745116	2
147596921	1
1475988331	1
1476010452	5
14780660	3
14781188	1
14783070	5
147914621	1
14818134	1
148335414	1
148448863	1
14845720	1
1485188648	1
14855210	1
1486480424	10
14867905	2
14886375	5
148883773	2
1488838998	2
1488994320	1
148912873	1
1489471572	1
14895731	1
1489855963	1
149010947	1
14902429	7
1490576629	1
1490781439	1
1490980105	14
14923738	2
14926774	1
149300800	4
1493250956	1
14933262	8
149372504	1
149571760	1
14958385	1
1496496361	1
1497145735	1
1498536354	1
1499852552	1
15003446	2
150094848	32
150110393	1
15024696	1
150531378	2
15079601	4
150830726	1
1510568178	1
1510570345	1
1511018348	1
15110357	2
1511752548	1
151357280	7
151417664	3
151568342	1
15172738	1
15180311	1
151827917	1
15202483	1
1523750112	1
15240491	1
15246621	7
15248550	1
152555926	1
1526285174	63
1526288869	1
15264378	2
152712937	1
15281391	23
15288190	1
15296897	9
153308415	1
1533781267	1
1534106538	1
153485460	1
1536327564	1
1536625916	1
15374815	2
1537838155	1
15380584	1
15384133	1
153861315	1
153871260	3
153876973	2
15391329	1
15403755	1
1541419580	1
1543212792	1
1544227476	3
1544270486	12
1544295582	2
154535828	3
1546201075	1
1546222940	1
154679572	1
1547662243	1
15485461	3
1549642243	4
15518304	1
155283632	4
1553871637	3
1554027631	1
1557502416	1
1557751686	2
15596117	1
1560174734	4
15601816	1
1560282486	3
1560440960	1
1561757731	1
156203223	1
156392337	1
1565751108	4
1567827828	1
15679259	1
156807394	3
156861460	1
15699248	1
1570180292	1
157050209	1
1570679526	1
1571165700	3
15711884	2
15718150	1
15730804	2
15738369	1
15752695	1
15754281	1
1576052886	1
1576266757	1
15764136	1
1579371308	8
15813904	1
15814096	1
1581430110	3
1581782214	2
158226516	1
15823893	9
1583483839	2
15856830	1
1586109433	1
1587217963	7
1588171868	1
15896903	2
15897179	1
15899320	1
15900502	1
159136516	3
159367166	2
1594697232	2
159565864	1
1596234775	2
15971805	5
159826858	3
1599085987	1
1599870660	1
159994875	1
15999548	1
1601151536	1
160298969	1
16030327	1
16033537	6
160411644	1
16043797	4
16049944	1
160533181	1
160541670	1
160625399	6
16079604	1
16082873	2
1609373209	1
160948300	1
1610060744	1
16102455	1
1610934914	2
1611017618	1
1611473052	1
1611593304	1
1611625316	1
1612027483	2
1612339386	1
161400901	2
1614491754	1
16145086	4
1615736690	1
1616185404	1
161769014	1
1618065348	1
161809086	1
16184358	1
161855898	2
16194705	5
1620686150	1
1621323433	4
16233891	1
162419093	3
1624459344	1
16246929	2
16252960	3
1625296296	4
1625358085	1
1626140443	1
1626209047	1
1626330037	1
1627248878	1
162838456	1
162925002	7
163060897	1
1632276380	1
1633729740	13
1634354948	14
1634476494	1
163537857	1
16359602	1
1636479296	3
163648850	1
16370181	1
1637781936	1
1637918923	1
16429510	3
1643123766	2
16436911	1
16437499	2
16453712	1
1645641920	1
16460151	3
1646484985	1
1646738978	2
1647145254	1
16476489	1
164784898	5
164851202	1
164860479	1
16515274	1
1651821169	1
1652541	1
1654035020	1
1654308504	36
165721692	1
1657439018	1
16576158	1
1657686121	1
1657808011	1
1657908247	1
165797117	1
16591972	1
1659497120	1
16607638	1
1662365462	1
1662367454	1
1662370753	1
1662722892	1
1663416662	1
1664138053	3
1665125166	1
166559015	1
166569708	1
166597717	11
1666068925	3
1666651962	6
1668256296	5
16687581	1
1668830792	1
1669354638	1
167073775	2
167140194	1
1671560821	2
1671828877	1
1672120591	6
1672501328	1
16727846	2
16728404	1
1672983343	1
16732770	5
1673837306	2
167406484	1
167622378	1
1676345658	1
1676916738	2
1678094172	1
16789555	2
16791749	1
168002716	2
168003554	1
1680182820	1
16802422	1
16827373	1
16827489	3
16831072	1
16838276	1
168384413	1
1684522267	1
16858417	1
1686278282	1
1686389167	5
168668045	1
1686872700	4
168691253	1
168709341	1
1687238450	2
168744961	8
16877220	1
1688657744	1
1688728182	1
1691792016	1
1691951420	1
169212615	1
1692174140	1
1692727952	1
1694098112	6
1694393618	1
1694447893	2
169534774	2
1695399997	1
169849065	1
1698582715	7
169907554	1
16991053	1
16995129	6
17001831	1
17001893	1
1700935368	1
17017254	1
1701832352	1
1702290386	1
17023162	1
1702460779	1
170366190	1
1705758318	1
17060573	1
17061648	1
170616732	1
1706183262	1
170725663	8
17116270	1
1711733179	1
1712668908	1
171269347	1
1713849307	3
171515570	1
171589790	1
171919007	2
1722581797	1
1723677468	1
1724383333	1
17246651	1
1727122164	1
1729530252	94
1729595918	1
1730011111	1
17305284	1
173226513	1
1732500181	1
173382311	1
17377396	1
17416650	1
17433343	9
174349853	2
174395328	1
174879361	1
17513829	1
175323822	1
17544620	1
175584371	4
175754840	7
17614702	4
176168308	3
176193148	1
176335062	1
17669982	6
176830279	1
17700927	1
17746914	3
177512390	5
177585732	2
17771923	1
17790265	3
177907835	1
17823481	1
17841130	5
17853293	1
179022357	1
17913	1
179318287	1
179411751	3
179527320	1
179576063	1
179709141	1
17972733	1
17991579	3
17996546	1
18022320	1
180242723	1
180268871	1
180317088	1
180473434	1
18061192	1
180777557	1
18083070	1
18094952	1
181085513	1
181246648	1
18164662	1
181750168	1
181763318	4
18189134	1
182311852	23
18231718	1
18235667	2
182440063	7
18255548	1
182628483	1
182642157	1
18265423	1
18270633	1
18271235	1
18300968	1
18316690	1
1832181	1
183294525	5
1833020461	140
1837773036	1
18378349	39
1838451102	1
183853112	1
18408384	1
184090150	1
18413616	1
18429716	1
18433619	1
184345490	1
1847302273	1
184750227	1
1850041968	127
185310946	8
18544464	2
1854900966	157
1855436449	1
18560146	2
18561874	3
185669556	1
185673983	1
18574762	4
1858389402	1
1858966682	1
186136458	2
1862024448	1
1862365172	1
1862921168	1
186365680	1
186421148	1
186533014	1
18663561	1
186813682	1
186875904	1
1869471378	2
187045609	1
1871450522	3
18719020	33
1872367116	1
18745322	2
1874713082	1
1877173856	1
18789002	1
1879593144	1
1879866679	1
1880267845	1
1881191983	1
188243290	1
18824894	1
1882661204	1
1883339952	2
1884013189	14
1884755221	3
18856867	1
18858395	1
188624714	1
1888378046	1
1888721442	1
1888745179	1
18897031	1
188985860	5
18925557	1
18944615	65
18952948	6
1895828053	1
189788477	1
18989537	1
18992649	1
19001718	3
1902076832	1
1902683484	2
19046425	1
1905184166	1
1906248601	1
1906311631	1
1906622671	1
1907922643	1
19079480	1
191005840	1
1910310072	1
191033785	1
1910475949	1
1911023395	1
1911148284	1
1911156006	1
1911268236	1
1911439063	1
1911521552	1
19116695	1
1911680414	1
1911691146	1
1912057386	1
1912106508	1
1912121448	1
1912269505	1
1912590181	1
1912608727	1
1912833643	1
1913063707	1
1913316474	1
1913702689	1
1913764244	1
1914089904	1
1914668113	1
1914912530	1
19159076	1
19171206	1
1917600852	2
1917618870	1
191775364	1
1917883639	1
1919170645	11
192170074	1
19220698	193
192339203	1
1923879936	4
1923926642	1
1923947209	2
1924256556	1
1924310023	7
1924312855	20
192583349	1
192613632	1
19270995	1
192743745	3
19277975	4
1931179794	1
193122450	1
19318159	1
193323937	11
19338198	1
19351024	1
193542064	2
1936277840	1
193919470	1
19400611	4
194119290	2
194137231	31
1944771998	1
1945935708	1
19464543	1
1946807360	4
19478383	1
19485664	1
1949701902	8
195152928	2
1952294228	1
1952436260	3
19532638	1
195368080	1
19546277	5
1954730264	6
195557465	1
19560393	2
1957796006	1
1958184416	1
1958752610	4
195976126	1
196029047	1
1961041356	10
1961333743	1
1962149498	1
19627971	1
1963384345	1
1965700238	1
19664951	2
196669584	1
1967016937	1
1967170620	1
196900797	4
1969225446	1
1969320008	1
1969320138	1
1969327748	1
1969334461	1
1969352124	1
1969365992	1
1969380512	1
1969426567	1
1969440254	1
1969446896	1
1969449206	1
1969465873	1
1969470044	1
1969472353	1
1969479445	1
1969492099	1
1969501046	1
1969503066	1
1969516938	1
1969519676	1
1969521258	1
1969538022	1
1969552244	1
1969581715	1
1969584468	1
1969594849	1
1969601916	1
1969622058	1
1969627746	1
1969631054	1
1969640629	1
1969641728	1
1969645939	1
1969661720	1
1969676114	1
1969679156	1
1969708788	1
1969728366	1
1969742863	1
1969754725	1
1969763984	1
1969784395	1
1969798825	1
1969799846	1
1969818126	1
1969822382	1
1969826696	1
1969868839	1
1969922220	1
1969925227	1
1969963682	1
1969967432	1
1969970330	1
1970070775	1
1970115625	1
1970127890	1
1970148032	1
1970167195	1
1970190690	1
1970190704	1
1970197386	1
1970221123	1
1970269903	1
1970391553	4
1972012520	1
19723900	1
197282701	1
19739279	4
197527822	1
197560845	1
1976890536	1
1977344317	4
19785281	1
197937368	1
198275980	1
19831327	1
198423421	16
19851429	3
198620623	1
19899344	1
199604325	2
19988458	18
20005393	1
200230369	2
20031601	9
20044440	1
200528348	1
200603059	1
20064603	1
20079668	2
20106796	1
20114133	1
201221109	3
201296379	23
201300044	1
20130833	1
20143373	1
201450612	1
20158190	3
20159497	1
20187378	1
201881524	2
201891203	2
20216291	1
20230811	6
20327105	5
20345218	4
20363050	1
203652149	2
20402945	2
20444746	1
20446393	1
20449296	5
20458407	195
204803220	3
204974279	4
20526076	1
20544047	1
205516699	1
20600091	2
20645546	1
20704445	1
20704612	2
20704858	1
207085361	2
20715279	2
20715638	3
207203125	1
20722021	1
207249457	1
20725359	1
207271383	3
207435193	3
20749124	1
20779382	1
20779973	1
20813587	1
20857912	2
20908746	1
2092801	2
20944292	1
2097571	2
20982582	1
210206202	1
21045893	1
21048766	1
210506986	14
210855604	45
21110732	3
211150550	3
21124751	1
21161210	1
21183938	1
212057344	1
21233042	2
212597510	1
213118052	2
21312378	1
213222099	1
21328656	10
21329777	1
21341332	1
21352349	1
21354868	1
2136001	3
213636132	1
21380147	1
213936621	1
21405308	1
214321318	1
214479702	1
214498778	1
21463400	1
214742652	1
2147877331	1
21483809	1
2148971516	1
215068830	1
2150696418	2
2150927341	2
2151247592	3
215251934	1
2152612894	1
2153467878	2
2153887392	1
2153916871	1
2154174864	2
2155185577	1
2155201019	14
2155645134	2
2156561740	1
2157806664	2
21579486	1
21579552	1
215803776	1
2159322464	107
2161206156	1
216146330	1
2162843286	1
21640980	1
21658034	1
2166358015	1
2166383894	1
2167406106	1
21679494	3
216798259	5
2168438484	2
216865166	1
21688930	1
2169254353	1
2171294112	7
217159658	2
2172003933	1
2172709752	1
2173999435	9
2175055010	3
21755922	1
217612422	1
2176420138	1
217768567	1
2177764470	7
217824512	1
2178611209	2
2178734696	2
2178853984	1
2179084381	2
218013625	2
2180452574	2
2180609708	1
2180745480	2
2181103753	5
2181281054	7
2181314366	1
2181326676	8
2181334776	20
2181346825	6
2181357950	2
2181373892	20
2181390564	2
2181403417	7
2183071524	1
2183419802	1
2185769276	5
2186813068	1
21868272	1
218718269	1
2190197779	1
2192853824	1
219329534	1
219454680	1
2194729068	1
2195055925	1
219565387	1
2196092280	1
21965432	1
2196900553	9
2197054086	110
2197078218	1
2197099980	1
2197116199	1
2197132710	5
2199095857	1
2199980814	1
2200069217	1
2200244354	1
2200829288	1
220203225	1
2202640226	1
2202735265	1
2204135624	17
2204990539	3
220574058	1
2207480136	1
220831462	1
2208541680	2
22093630	1
220943553	1
2209523333	2
220953244	1
2209630763	4
221057424	2
2211386161	1
2214510864	1
2214818162	8
2215937899	1
2216333869	2
221679174	1
2216792106	1
22172264	1
221802830	1
2219662940	1
2220015630	1
222164515	4
222187111	5
2222682198	1
222507714	1
2225276335	1
2225300413	1
222585475	1
222635593	1
222701184	2
222739462	1
2228406901	13
2228725729	1
2230234412	1
22302444	1
2230389325	1
2230705400	4
22309591	1
2231167736	1
223170008	2
2231913055	1
2232691961	1
223329689	4
2233924628	4
22340499	1
22346782	1
2234758370	29
223609223	1
2236340478	1
2236817017	3
2237327754	1
22375779	2
2239240086	1
2240354388	1
2241308316	1
224240358	1
22426933	1
2243075472	6
2243649086	1
2244024828	3
224436549	2
2245748490	2
2246411064	3
22472329	1
2249186018	2
2249884134	2
225018425	1
2253500720	1
2253710508	1
2253783906	1
225381056	1
2254368559	1
2254752013	1
225546238	1
225595202	1
225656644	1
225858323	1
225874566	1
2259177605	1
22595859	2
226024854	3
22605541	3
2260954471	5
2261875772	1
2262191162	1
2263437272	8
2263452746	3
2264634042	47
2265200274	1
2265646925	1
2265977400	1
22661000	1
2266406946	1
226776889	1
226828258	3
22690112	70
2269331456	1
2269536694	2
2270087731	3
227045856	1
227049888	1
2270644075	1
2271967489	1
227209725	1
2272207286	21
22736244	51
2275658568	19
2276954768	5
22774516	1
227976979	1
2280064627	6
228088505	1
2280994256	1
2281127150	1
22813422	1
22814481	2
2281876218	1
228211937	13
2282347955	2
2282985871	3
2283967116	1
228426881	1
2284636699	1
2284846512	1
2285060845	1
2285388840	2
2285636454	1
2285641921	1
2285727007	1
22857612	1
2286145784	1
22867489	4
2287469286	4
2287531194	1
2288702126	1
2289003858	1
228977783	2
2290379611	1
2291026128	1
229141520	2
229179832	1
2291997421	1
2292177032	1
2293403262	1
2293885094	1
229412585	2
2294809898	2
22949704	1
2295050682	1
22960069	1
229656797	1
229726608	1
2297325180	1
2297391606	1
2297518694	1
2298030908	1
2298393194	1
229848310	1
2300464068	3
2302111766	1
230227952	1
2302298804	1
230254138	1
2302598977	2
23028301	1
2303053614	7
2304652212	1
2304817231	4
2305140048	2
23059499	29
230609065	1
23065897	1
2306868572	1
2307248647	1
23084050	3
23093161	3
2311328749	1
2311427814	1
231164809	24
2312019728	1
231282700	1
23131068	3
2313164726	1
23133870	2
2314227612	1
2314270747	3
2314532492	1
231494313	1
2315241744	1
2315274787	1
231582881	1
2315988728	1
2316310555	1
2317336524	1
2317438183	2
2317833127	1
2319092342	1
2319599660	1
2319600132	4
2320863031	1
2321168600	1
2321350494	2
2321522203	1
23221109	2
2322963240	1
2322968462	1
2324022344	1
2324990623	1
232503690	3
232603676	9
23269592	1
23285206	2
2328972139	6
2329199215	1
2329595875	2
232963053	1
2329754462	1
2330594815	2
2332557906	1
23331419	1
2334410965	2
2334614718	25
2334681132	1
2335651058	7
233566392	1
23368614	2
233704756	1
23393259	1
23400557	4
23409323	2
23409407	1
2341038491	1
2341281566	84
2341358222	1
2341445778	61
2341543052	1
2341918375	1
23420231	1
2342215530	82
2342591485	7
2342763212	58
23434774	4
2343953910	1
2344531388	10
2344619544	61
234516403	1
2345522113	1
234576928	1
2346652446	1
2347049569	4
2348716116	5
234881342	1
2348871315	2
2349386298	1
2349604986	1
234990690	1
2350639447	1
2350728631	4
2351076098	3
23518353	5
2353511190	1
2353552285	3
2353975496	11
235422006	1
235494818	1
2355225980	3
2355258919	3
2355444464	1
235648313	22
2356631918	1
2357782172	1
2357835411	1
2359276710	2
2361116670	1
2361410524	1
2362277231	3
2363504850	1
236387997	1
2363914387	30
2364038506	2
2364495792	6
2364728233	1
2364889134	2
236520510	3
23656286	1
2366303634	3
236648634	1
2366528114	1
23665498	5
2368238768	34
2369236911	1
2369289710	1
2369308483	1
23694512	1
236960559	1
2371001545	4
2371173529	1
2371387338	9
2372014244	3
2372162220	1
2373273025	1
2373671456	1
2373813025	5
2373819572	2
2374027874	1
237425641	1
2374404228	1
237591901	3
2376070188	1
2376390996	1
2376617646	2
237714644	1
23792255	2
237988530	1
238013898	1
2380491180	1
2381409420	1
2383634756	1
2383717754	2
238411032	1
238555087	1
2385812455	3
2385851994	4
2385944899	17
2386248745	1
23881645	1
238936702	1
239080208	1
2391718256	1
2392077660	1
2394550880	1
2394624246	1
2394993860	1
23954327	2
2395725385	1
2396930972	32
2398137084	2
2398532839	1
2398658929	1
2398847761	1
2399337037	1
239939002	1
2399391152	1
2399527458	1
2399834502	1
2400287502	5
240033834	1
2400446299	10
2400480938	6
2400601442	1
2400809395	2
2401255520	1
2401334202	1
240185280	1
2402287723	1
2402357612	1
2402584634	1
2403446119	1
2403787108	2
24040931	2
2405169193	1
2405531310	6
2407502291	1
240775180	1
2407817682	1
2407879965	1
2408337535	1
2409124448	1
2409129084	1
2409197628	1
2409554736	2
2411148931	5
2411740520	1
2411998718	8
241205239	1
2412346352	1
2412746016	1
2412858253	1
2413556592	1
2413897500	1
2413901845	1
2414124386	1
2414656938	1
241582083	1
2415908742	1
2417020256	1
241732378	1
2417675437	2
2417993377	2
2418486325	1
2419094443	1
2419162136	1
2419472630	1
242006769	1
2420713926	1
2420774935	2
24210676	1
242114389	1
2422681957	1
2422703600	1
24229126	1
2423293340	1
2423766300	1
2424241236	1
2424364068	11
2424552684	1
242469235	191
2425399141	1
2426037691	1
2426471287	9
242706639	1
2427357128	1
2427717919	1
2427773827	1
2427811237	1
2428243346	2
2428916787	10
2429328553	1
242954869	7
2429554514	1
2429857154	1
2430039230	1
2430178969	1
2430214135	1
2430692664	1
2430919999	1
2431112274	1
2431469324	1
2431469365	1
2431560098	1
2431563888	1
2431962474	3
2432456940	4
2433030943	1
2433161322	1
243318995	2
2433237991	1
243331655	1
2433399133	1
2433559154	1
2433737982	1
2433795890	1
2433897396	1
2434295839	1
2434816278	1
2435097210	1
24353445	1
2435786581	1
2435931235	8
243618345	1
2436306917	2
243645538	6
2436464876	1
2436574704	1
2437228290	1
2437345560	1
2437432268	1
2437527103	1
2437898124	1
243825288	4
2438988133	1
2438992889	1
2439071094	1
2439074089	6
2439709722	1
24403493	6
2440536794	1
2440758955	1
2440894303	38
2440944728	1
2441035322	1
24410456	1
2441166338	1
2441177480	1
2441234647	1
2441277408	1
2441513833	1
2441590862	1
2442506906	1
2442879740	1
2443141226	1
24432664	3
2444922048	1
2445382134	1
2445565417	1
244564036	1
2445864164	1
2446282075	1
2446369843	1
244677736	6
2447098447	1
2447351600	1
2447901655	33
2447928920	19
2447962082	8
2447967798	27
2448524059	1
2448859862	2
2449238888	1
2449342321	1
24509699	1
2451401162	1
24515114	1
2451660901	1
2451710119	1
2451977599	1
2452116132	1
2452122962	3
2452168122	1
2452241491	1
2452767372	1
2453046745	1
2453333708	1
245475764	1
2455275456	1
2455582472	1
2455667970	1
2456015623	1
2456447149	1
2456836447	1
2456850254	7
2457018552	1
2457135631	1
245723776	1
2457414422	1
2457516126	1
2457833663	1
2458002474	1
2458412982	1
2458947588	1
2458964328	1
2459188800	1
2459484787	1
2459994672	1
2460415308	1
2460552805	1
2460797539	1
2460843212	1
24609836	2
2461090021	1
246134345	62
2461556142	11
24618777	1
246248928	8
2462992933	1
2463188461	1
2463334585	1
246338946	1
2463974346	1
2464026949	1
2464284763	3
24648540	14
2465991367	1
2466015984	1
2466987067	1
2467213297	1
2467342878	1
2467549892	1
2467588464	1
2467914348	1
24680689	2
2468326928	1
2468355906	1
2468917100	1
2469350898	1
24696001	1
2469960229	1
2471368838	1
2471488147	1
2471879203	5
2472415335	1
24732019	2
247391816	1
2474497338	1
2475368160	1
2475892022	1
247609940	6
24763036	1
2476955233	1
2477081305	1
2477281189	1
2477345347	3
24773922	1
2477525948	1
247780932	1
2478748854	2
2478778274	1
2478981685	1
247901684	3
247946309	3
2480246893	1
24808228	1
2481524150	1
2482407307	1
2482710715	15
2483381707	1
248372234	2
248401870	2
2484323647	1
2484337225	1
2484494197	1
2484513824	1
248749158	1
248836670	2
2488851054	2
2489558197	1
2490834003	1
2491481930	1
2491897104	3
24925062	2
24941044	1
2495542669	1
24960249	1
2496073711	1
2496832734	1
2497045194	2
249907007	2
2499352022	1
25013841	1
2502904729	1
2502970082	2
2506307970	5
2507181212	1
2507495906	2
250758475	1
250785407	1
2508727218	1
2509490906	1
251092819	1
2510957265	1
2511509383	1
2512416025	1
2513161543	1
2513733852	1
2513809958	1
2514026192	1
2516249520	1
251660478	1
2516675941	1
25185828	1
2518870585	2
2520602246	1
2520719083	24
252130524	1
2522382476	1
2522903221	1
2523014592	2
2523483728	1
25243724	2
252530515	1
2525892205	4
2526921303	1
2527494464	5
2527511184	1
2531566951	1
2531971782	1
2532829262	1
25331628	3
2533183399	3
253483915	1
25360971	1
25366284	2
2538117242	1
2538221346	1
25396291	1
25399535	1
2540665153	9
254136706	1
254207829	1
254228322	7
254232727	8
2542559888	1
254280603	4
2543042814	1
254305228	1
254345961	1
2543505635	1
2544001098	1
2544217964	1
254507476	5
2545125114	1
2545263044	1
2545296044	1
2546418334	17
2546899920	1
2546974418	1
25473303	3
2547458076	1
2547577723	1
2547605779	1
2548156224	2
2548341984	1
2548348537	1
2548424136	1
2548454875	1
2548497230	4
2548751058	1
2548766216	1
2548789856	1
254908062	2
2549098015	1
2549123088	1
2549445512	1
254953707	1
2549723574	1
2549855790	1
2549877990	1
2549896526	1
2549990030	1
2550010632	2
2550806222	1
2550859334	1
2550976747	1
255249826	1
255319156	1
25535586	1
2554107798	40
2554811497	1
2556820691	1
2557515984	1
2557652040	1
2558260549	1
2558859198	1
2559031353	8
255996385	3
2561724956	3
2562104737	1
2564981	1
2567518027	6
25691224	2
2569155864	1
2570001	1
2570216542	1
2570233256	6
257037374	1
2570479190	14
257074833	1
2570872131	1
257111338	5
2571590701	1
257211283	1
25728663	2
2573551328	2
2574112584	2
2575101426	1
2576304205	1
25770215	1
2577380516	18
257805760	4
2579477766	17
2580518747	2
2580713054	15
258216150	1
25827743	12
25828514	1
25828527	18
2582880452	1
2582977038	1
2583551816	1
258372647	1
2584146662	1
2585209226	1
2585404027	2
2586315260	1
2586354205	1
2587943407	1
258893411	1
258898141	1
25892484	15
2590325786	2
2590675464	1
25906852	1
2591771400	1
2592273597	1
2592536545	1
2593571024	1
2593739383	1
2594326794	1
2594930994	1
2595519847	2
259554796	3
2596288916	1
2597068002	1
259795115	2
2600389056	4
2600623928	1
26009167	1
26012309	1
2601272977	1
260380754	1
260408207	1
26046662	1
2605384560	1
260559365	4
2607611453	1
260804576	5
2609555142	2
26100789	1
26101798	1
2610865814	1
2611581830	2
2612607522	1
2613531324	1
2614076311	1
2614169172	1
2614480104	2
2615738922	4
2616078031	1
261705971	1
26170805	1
26191703	1
26192006	1
26231474	1
262475315	1
26250595	1
262592705	1
2625949894	1
262763182	4
26293572	1
263276880	1
2633998622	1
263461999	1
2635765061	2
263873737	2
264153788	1
2641565950	1
264308166	1
264624088	1
2646419491	4
26468371	3
2648434771	1
265066062	1
2656454198	1
26574283	1
2657436853	2
2657738660	1
2659473481	1
26605563	2
2662031333	2
26621851	1
266227773	3
2662319473	1
2662398010	1
2662475986	1
2663503780	1
2664415705	1
2664521455	1
2664773935	1
2666229565	1
266721246	1
2668381109	1
26699062	2
266992898	1
26705006	9
267149304	7
267310661	1
26736040	1
267384172	1
2674489975	1
267471777	1
2675018526	1
2675575645	1
2676674210	1
2676762737	3
26775476	18
267802367	1
2678090893	2
2679081186	1
268006481	5
2684011837	2
26849804	5
268579450	2
2686078278	1
2687288359	1
2687624274	1
2687819936	1
2688337855	1
26884129	1
268844094	21
2688470512	10
2688542402	1
2688686191	1
2688795049	1
2689570814	1
2689732152	1
2689877132	1
2689880504	1
2689892654	1
2689915794	1
26899727	2
2690002717	1
2690213130	1
2690366960	1
2690621580	1
2690637547	48
2690665146	1
2690708125	1
2690819250	1
2690874529	1
2690880577	1
2691922597	2
2692801200	3
269294861	1
2693713662	2
2693791370	1
2693814990	1
2693910080	1
2694089544	1
2694161869	1
2694624362	3
2694662244	1
269505972	1
2695594412	1
2695899913	1
2695900904	1
2696097134	1
2696324868	1
2696559390	1
2696585702	1
2696862205	1
2698977878	1
2699557074	1
2699591221	1
2700086005	1
2700266765	1
2700615403	1
270125360	1
2701436990	4
2701496070	1
2701794086	1
2703101706	1
270430076	1
2705298391	1
2705919258	1
270597782	4
2707222694	1
2707246902	1
27079510	1
2709019986	3
270971628	1
271002958	1
27103664	1
2710595881	1
271099845	3
271138078	1
271143276	1
2711628616	1
2711726433	1
271211220	12
271361465	1
2713659063	1
271466595	1
2714985810	1
2715894908	1
271618423	2
2716261360	1
2716326589	1
2717697042	1
2720144785	2
272085122	1
272125054	5
272178433	1
2722167346	3
272357654	82
272487947	1
27289559	4
2730167084	1
2730423494	2
273117809	1
2731385984	1
2731859877	1
2731989089	1
2732425088	4
2732498090	3
2735458209	1
2735568390	1
27359464	1
273645645	2
2736659260	1
2737173747	1
2737519909	1
2737832680	1
2737924896	2
2738270835	1
2738651650	1
2738952436	1
2739044695	1
2739781156	1
273984441	1
2739857289	1
2740013001	1
2740926376	1
274109345	1
2741402788	1
2741816900	1
2742137299	1
2742287301	1
2742786597	1
2743641378	5
2743744946	1
2745075751	1
2746265676	1
2746342691	1
274646034	1
2746598829	1
2746667618	1
2746880920	1
2746952052	1
2747096669	1
2747217973	1
2747398030	1
2747583881	1
2747588848	1
2747700453	1
2747965469	1
2748403698	1
2748448133	1
2749152885	1
2749457926	1
2749558517	1
2749707221	1
2750545378	1
275099779	2
2751069308	16
2751146074	1
2751194333	1
2751257343	1
2751520283	1
2751550606	1
2751805497	1
2751890410	1
2751982143	1
2751992195	1
2752132558	1
2752148602	1
2752429100	17
2752458748	1
2752710693	1
2752838548	1
2752958391	1
2753036032	1
2753041300	1
2753093987	1
2753314281	1
2753418735	2
2754088175	1
2754090695	1
2754250706	1
2754266770	1
2754286829	1
2754596674	1
2754696185	2
2754702379	1
2754744741	1
2754748674	1
2754778120	1
2755288803	1
2755302647	1
2755476141	1
2755527814	1
2755733193	1
2755842107	1
2756555216	1
275667670	1
2756726384	1
2757042696	7
2757047259	1
2757062206	1
2757177062	1
2757273835	1
2757383741	1
2757388535	1
2757424648	1
2757833652	1
2757958901	1
2758001153	1
2758004979	1
2758014063	1
2758018414	1
2758032352	1
2758037717	1
2758041143	1
2758072168	1
275822906	1
2758377628	1
2758506003	2
27585679	1
2758585953	1
2758896709	1
2758996683	1
2759094929	1
2759235773	1
2759305931	1
2759321501	1
275942684	1
275952717	4
2759740398	1
2759796531	1
2760578693	1
2760808768	1
2760879996	1
2760957474	1
2761005039	1
276126434	1
2761566520	1
2761629659	1
2761659017	1
2761667332	1
2761689081	1
2761705509	1
2761747339	1
2761778417	1
2761781951	1
2761820278	1
2761860903	1
27618790	1
2762026605	1
2762046815	1
2762097711	1
2762235879	1
2762245365	1
2762645214	1
2762675417	1
2762727623	1
2762865321	1
2762939720	1
2762944234	1
2763013478	1
2763315303	1
276334529	2
2763593074	1
2763635783	1
2763919606	1
2763956898	1
2764088429	1
2764398179	1
2764633060	1
2764638280	1
2764739508	3
2765603292	8
2765612307	1
2765624577	1
2765730322	1
2765787281	1
2766059960	1
2766082990	1
2766115745	1
2766161915	1
2766256143	1
2766605890	1
276679058	2
2766858219	1
2766864087	1
2767004849	1
2767158941	1
2767186835	1
2767265003	1
2767855283	1
2767950287	1
2768069109	1
2768182809	1
2768196976	1
276829677	1
2768299137	1
2768395575	1
2768403356	1
2768419857	1
2768552889	1
2769016313	1
2769130925	1
2769362001	1
2769528423	1
2769703270	1
2769811354	1
2770608200	1
2770792169	1
2770820787	1
2770828156	1
2771954373	1
2772010364	1
277219335	1
27724029	1
27725668	1
2773040013	1
2773188592	1
27734496	8
2773514064	4
2773640069	1
2773644496	1
2773688905	1
2774262549	1
2774380985	1
2774731351	3
2775242860	1
277561227	1
277618799	1
2776939101	1
2776980665	1
2777101742	1
2777126336	2
2777353337	1
2777786091	1
2777878690	1
2778182643	2
2778706062	1
2778809762	1
2779291541	1
2779374238	1
2779474599	1
2780117446	1
2780155305	1
2780531997	1
278090765	1
27809814	1
2781523419	1
2781550178	9
2781810656	1
2782036363	1
2782062341	1
2782376599	4
2782686796	1
27828974	16
2782910871	1
2782953538	1
2783242593	1
2783314897	2
2783340112	1
2783471525	1
2784168617	1
2784757491	1
2785023952	1
2785049536	1
2785069703	1
2785169000	1
2785328266	1
278584330	1
2785894342	1
2786042901	1
2786113012	1
2786295634	1
2786447685	1
2786934532	1
2787084424	1
2787363167	1
2787735928	1
2787826627	1
2788369540	1
2788398967	4
2788588083	2
2788723941	1
2788883017	1
2789017005	1
278995634	3
2790075131	1
2790358110	1
2790363503	1
2790369209	1
2790390946	1
2790393664	1
2790407694	1
2790545412	1
2791102042	1
2792041422	6
27923233	1
2792675129	1
2792767959	1
2792802479	23
2792936242	1
2793185561	1
2793370043	1
2793372045	1
2793376878	1
2793383223	1
2793688485	1
2793918427	1
2794252005	1
2794804156	1
2795702795	1
2795789015	10
279585313	2
2796004904	1
2796866333	1
2796938558	319
27971592	1
2797704688	1
2797714918	1
279786446	1
2798460002	1
2798701	1
2798829562	1
27990259	7
2799908841	4
2800005597	1
2801179914	1
2801259520	1
2801334731	366
2801474746	1
2802003115	1
2802289489	1
2802578580	2
2803098295	1
28031074	1
2803375610	1
2803574543	1
28040308	1
2804036364	1
2804870168	12
2805252240	1
2806070984	1
2806294664	3
2806394569	1
2808738798	1
2810700994	1
2811901524	1
281229500	1
281293538	1
2812960932	1
2812985849	1
2813095044	1
281325712	1
2813468532	1
2813480010	1
2813492280	1
2813520439	1
2813546611	1
2813549575	1
28137012	1
2813981196	1
281408254	1
2814172134	1
2814663165	2
2814840025	1
2814888799	1
2815380997	1
281588903	1
2815979137	1
28164923	1
28167086	2
2817303490	1
281795966	1
2817966517	4
2818012008	6
2818198537	1
2818243225	1
2818760479	2
2818985232	1
2819256792	2
281955649	1
2820135667	1
2820414090	1
2820450228	1
2820521167	1
2821393991	1
28221389	1
2822379212	1
2823145225	1
2823147779	1
2823188604	1
2823193770	1
2823257707	1
282349518	1
2823763911	17
2825071862	1
2825270328	78
2825810342	38
282599080	8
28263739	6
2826674667	1
2827417141	1
2827442674	1
2828273607	1
2828274108	1
2828456851	1
28289402	1
2830105093	7
283012565	1
2830318542	7
283048190	1
2830903194	1
2834541675	1
2836657442	1
2837165382	1
28372030	2
2837841	2
28381768	1
283969398	1
2839975129	1
2840105555	15
2840234932	1
28402887	4
2840319232	1
284044769	1
2841194833	1
2841516743	1
284174585	1
2842269627	1
28425090	5
2842852898	1
2843213793	1
2844521283	1
2844758418	1
2846237865	1
2846650551	1
284667903	1
2847020799	4
2847302014	1
2848072954	2
284849163	1
2848864980	1
2849030764	13
2849131247	1
2849226865	8
284946253	1
2850153345	1
2850345055	1
2850592417	1
2851185024	1
2853392013	1
28538854	1
2855355331	1
285594128	2
2857000499	1
285706984	1
28571999	2
2857355741	1
285738285	1
2857505232	1
285871622	2
2858949710	1
2859275388	1
2859426516	5
28600400	1
286006788	5
28618520	5
286241251	1
2862758476	1
2862909478	3
2863019401	5
2863635291	1
2864193298	2
286427074	4
2864524709	1
286774989	1
2868036082	1
2868125596	1
286872188	1
2869074334	1
2869897174	1
2870145192	1
2872791845	1
2873426073	1
2873457441	1
2874302062	1
287441095	2
2874489085	2
2874538467	1
2875196356	1
28755331	1
2875715945	3
2875909930	1
28769199	51
2877539236	1
2878623047	1
2878895430	1
287910843	1
287966215	2
2879846194	1
2880068579	1
2880143019	14
2880175250	1
28803148	3
2880369196	1
28815213	1
2881595931	68
288286101	5
288303766	1
2883467183	2
2883711988	1
28838306	1
2883878790	12
2883907999	7
2885532683	1
2886050423	1
2886084567	1
28863327	1
2888729354	22
2888882327	4
2889807635	1
2889858040	2
2890701232	1
2891014893	1
289104912	4
28917096	1
2893115784	4
2893134987	9
2894688159	1
2894712106	1
2894750572	1
2894916328	1
2894977510	1
2895037234	1
2895073336	1
2895127227	1
2895270117	1
2895272943	1
2895281099	1
2895310293	1
2895355835	1
2895372119	1
2895378118	1
2895382799	1
2895386902	1
2895389277	1
2895398255	1
2895403390	1
2895418323	1
2895424822	1
2895428517	1
2895460517	1
2895464639	1
2895505018	1
2895511216	1
2895518300	1
2895525310	1
289556231	11
2895578956	1
2895651573	1
2895887071	1
2895967803	1
2896059335	1
2896131543	1
2896552577	1
2896651557	1
2896692645	1
2896801510	1
2896916872	1
2896958137	1
2897001791	1
2897077666	1
2897149472	1
2897498647	1
2897551642	1
2897850910	1
2898093386	1
2898274101	1
2898440841	1
2901123513	1
2902029266	1
2902216326	4
2902969040	3
2903001760	1
2903110151	4
2903269091	2
2903843159	1
2903933126	1
2904196516	1
2904610481	1
2904641538	1
2904643643	2
2904875196	1
290535225	1
2905636554	2
290635145	1
2908435338	1
2908494810	13
2908625013	1
290922075	1
2911376125	1
2912091884	1
2912513947	1
2912736918	1
2912967347	6
2912980432	1
2913023527	1
2915023888	6
2915039698	1
2915103594	1
29157032	4
2917083711	1
2917783564	1
2917972925	3
29185148	1
2920160187	1
2920448947	2
2920720174	1
2921811167	1
2921952326	28
2922793359	1
2923161125	1
2923205548	2
2924234608	1
2924623681	3
2925204334	15
2925308775	1
2926591872	1
292716961	1
2928995946	3
29315609	1
2931656797	1
2931684557	1
29323628	1
2933058848	1
2933447393	6
2934024528	12
29341599	1
2934684204	1
293550313	5
2936006231	3
293607250	1
293751993	1
2938271	2
2939297001	1
2939652681	1
294058898	1
294160927	1
2945111705	3
2945396869	1
2945638013	1
2945948723	1
2946623685	1
2946624364	6
294682872	1
2947838270	1
2949170655	1
2949826379	1
2950905753	1
2950990932	1
2952217727	2
2952409203	1
295299583	1
29533988	1
2953529908	1
29557958	2
2955972622	1
2956204705	31
2956974718	1
2957004662	1
2957014948	1
2957447799	1
2957470156	1
2957497080	1
2957793492	1
2957837847	5
2960231085	1
29618541	1
2962375990	1
2962634187	1
2964569193	2
296636214	1
2967945348	1
296804226	1
2968210600	1
2968256134	3
2968276594	19
2968301068	1
2968398126	1
2968704831	1
2968815778	1
296915175	1
296924721	2
296947400	2
2969819560	1
2971379765	1
2973147219	1
29737876	21
2974027611	1
2974323027	1
29748372	43
2974858709	1
2977467859	1
2978056401	1
297817296	2
2979331109	2
2979886367	1
2981182130	4
2981416106	4
2981617769	4
298218590	1
2983182948	9
2984242248	1
2985147995	1
2985818862	2
2986202697	1
2986365485	4
29870954	6
298746750	1
2987537122	5
2988742673	1
2990106209	1
2990706009	3
2991114906	1
2991142287	1
2991256428	3
2991767790	1
29927236	2
299413616	8
2994454250	1
2994774947	2
2994993419	1
299539715	1
29955111	2
2996632821	1
2997013028	2
2997350589	6
2997560252	1
2997737550	1
2998159793	2
29988256	1
299891017	6
299943599	8
2999464231	1
2999658401	1
2999672518	2
2999735878	1
2999752275	9
2999804950	3
2999842234	15
3000215526	1
30012714	2
3002100596	1
3002257200	2
300235486	1
300488362	1
3005559517	374
3005585554	1
3006987760	4
3007426797	3
3007704313	3
3008614621	1
3009819962	3
3010725104	1
3010751912	1
3010837787	1
3011436775	1
3011681420	1
3012114444	1
3012117156	1
3012147210	1
3012215264	1
3012220333	1
301225161	1
3012409231	1
3012446198	1
3012454927	1
3012496645	1
3012666504	1
3012838345	1
301363956	1
3014211659	2
30149549	1
3015464547	1
3015937503	2
301634641	2
3016371735	2
3016441887	1
3016858651	2
301731134	2
3017626887	1
3017654325	23
3017699838	1
3018136305	1
3018224861	3
3018513503	2
3018617616	1
3018682291	1
3018836009	15
3019480997	1
3019890759	1
3022343638	2
3022533471	1
3022668393	6
302273348	2
3022739430	1
3022875832	1
3022903949	1
3023048847	1
3023055089	1
3023094207	1
3023184237	1
3023193112	1
3023215419	1
3023217659	1
3023219619	1
3023250329	1
3023250627	1
3023251397	1
3023254881	1
3023263823	1
3023338204	1
302349992	1
3023637538	1
302400861	3
3024207885	2
302427757	2
302545862	1
3025587754	3
3025937891	1
3026227839	1
3026920238	2
3026997355	1
3027579419	1
3027634724	1
3028247079	4
3028986579	1
3029090631	2
3029426344	1
302951876	6
3030449423	1
3031182821	1
3031723380	1
30322151	1
3032706416	1
303278822	1
3033188231	1
3033207830	1
3033480629	1
3035804476	1
303590335	1
3037061194	6
303764580	1
3037735825	1
3037839954	1
3038256952	1
3038329518	1
3038817992	1
3039494043	1
303968801	1
3040395718	1
30404396	1
3040696495	1
3040832363	2
3040956619	2
304099486	1
3041358687	1
304202454	1
30422978	3
3042440150	11
3043312763	4
3044159284	262
3044774013	319
3045408737	2
3047425012	1
3047606012	1
3048189131	13
3049639986	3
3051829922	1
305216074	1
3052509402	6
3053651819	1
3054124897	2
3054214751	6
3054344943	1
3054346369	9
3055162358	4
3055641318	4
3055756890	3
3056150047	1
3056385843	1
305685110	1
3057210684	5
305821203	1
3058970304	1
3059204524	1
3059429526	1
3059592298	1
306074476	6
306193299	1
3062071730	2
3062949434	1
3063353547	1
3063418949	1
30641157	1
3064388656	3
3064499531	3
3064520638	1
3064653303	1
3065074336	3
3065964106	1
3065985377	1
3066071951	2
3066198028	2
3066380613	1
3066445547	1
3066545500	1
3067072911	3
3067358270	1
3068563303	1
3069051065	3
30694719	1
3072280286	1
3073103655	1
3073241957	4
30736948	1
3075212357	1
307669289	2
3077676425	1
308058864	1
3082188466	1
3082216233	1
308502637	1
3087769032	1
3089755275	1
3090419415	1
3091014032	1
3091077265	1
30913882	1
3091880403	11
3091884801	11
3091904206	2
309342441	1
3093709537	2
30940468	1
30946410	1
30951174	3
3095436401	55
309574588	1
30983589	1
31001654	5
3100250551	8
3101996487	3
3103803095	1
31038303	1
310466490	1
310604241	2
31064165	1
3108351	3
311040881	9
3112422220	1
31175797	1
31181566	1
311852242	1
312266530	2
312280698	8
312442664	1
312664499	1
312681971	1
312785410	1
312848810	3
31288110	1
313353130	1
313525664	3
313888969	4
314005753	2
314251966	1
314281991	1
31429565	1
314295655	1
314346929	2
314515725	1
314525100	1
314695175	9
315380373	1
315620847	1
31566066	1
315783277	1
315880622	1
316319018	1
316766037	1
316960435	1
317039841	1
317574792	1
317714245	1
318171818	1
318630104	1
318666070	1
31892617	1
319084057	1
319102548	1
319522097	1
319727721	1
320039724	4
320235595	1
320365482	1
320694748	1
32161395	1
321692995	3
322138756	11
322139329	1
32227044	3
322650695	2
32280068	1
322910032	2
322940319	1
322963627	8
32345912	1
32362720	2
323808915	5
323845126	1
32389968	20
324167015	1
324459250	1
324995389	10
32516638	1
32527206	2
32586099	1
326404886	1
326629646	2
32778531	1
328265166	1
32880742	1
328878936	2
329787485	1
329838136	1
330129840	1
330196261	1
330293740	1
33042193	1
330433460	1
330845166	1
33098114	1
33116723	1
331265757	1
331403822	1
331877263	1
33286321	12
33292567	1
33328619	2
33362490	1
33447326	1
334873228	1
334958809	2
335473990	1
336714819	1
336793402	1
336871220	1
33700317	1
337965408	1
33815837	1
338330795	1
33833817	15
33841192	1
33846113	1
338521549	1
339232710	1
339690898	1
339754154	18
339767118	1
33980532	2
340037225	1
340087803	1
340214063	1
34255540	8
342577543	1
34259389	1
34261199	1
34261473	1
342621151	1
34389648	1
34404430	1
34413897	1
34424004	2
344990680	1
34521445	1
345217288	1
345398377	1
345778482	1
346144728	4
347323219	1
347608150	1
347880292	1
34837514	1
34844235	2
348487598	1
348512823	1
348642818	2
348757190	1
348780685	1
34903803	1
349249475	2
34939208	1
349574943	1
34966884	1
349752114	1
35002876	1
350253000	1
350262515	2
350970228	1
351149827	1
3512101	4
351244762	1
353623440	1
35411199	2
35420682	4
35480744	1
354924835	1
35509119	1
35528954	1
355764143	1
356296224	1
35643668	1
35668892	1
357599560	1
357671429	1
358377682	1
359108791	1
36041084	1
361196291	2
361259643	2
36128731	1
36148700	1
361657018	1
362311295	1
362631365	1
362646324	1
36301067	1
363365584	1
363603883	1
36420170	1
364333944	1
364349937	1
364514620	2
364574679	1
36460987	1
364930955	1
365052236	1
365213367	1
365321928	5
365479827	1
36605335	1
366081654	2
366225579	1
367337523	2
367774923	1
368055938	1
368409800	1
36864249	1
368683423	1
368774680	1
369162851	1
36964924	1
36974383	3
36989270	1
36998358	2
370008201	1
37011010	2
370119419	2
370291744	1
37040959	1
370662547	4
37091176	1
370990786	1
371074938	1
37137898	1
37147602	1
37148595	1
37200189	1
372020500	1
37230319	1
37238868	3
37297803	1
373101970	1
37320236	1
373457750	3
373975228	1
374101804	2
37469211	18
374845889	1
375244445	1
375279433	1
37551808	1
37564410	1
37589900	1
376133178	1
376722924	3
376753833	5
376809369	3
37716108	2
37718217	1
377666101	2
377777180	1
37810754	2
378528260	1
379365767	1
37982404	11
379990521	1
380058540	1
38053161	1
381174451	1
381186485	1
381186602	1
381191249	1
381191772	1
381217815	1
381218136	1
381219812	1
381224958	1
38127880	1
381307704	1
38131856	1
381696140	1
381872892	6
382036965	1
382281165	1
382394154	1
382744715	1
38301261	4
383077253	1
38308188	3
383554263	1
38370465	1
383927121	9
383951841	6
384151362	1
384159461	1
384717221	1
38476367	1
38493354	1
384972455	1
385245375	4
385249901	2
385338646	1
385378092	1
385397497	1
385447766	1
385658781	1
385769531	1
385779209	9
385813376	2
386770863	2
386787305	24
386818806	1
38727901	1
38743751	1
387998844	1
388236176	2
388391442	1
389060072	4
389353816	4
389551062	1
38964336	2
390056165	2
390113236	1
390138699	1
390381898	2
390579448	1
390641663	1
390761637	1
391464226	1
39181833	1
391912821	1
39196736	1
39264827	1
392860200	1
39297925	1
39310714	1
393125588	5
393568517	1
393650409	1
393797909	1
39407356	1
394153761	1
39459843	1
39466932	2
395032876	1
39513092	2
395299098	1
395416760	1
3959931	1
396742778	1
396977069	1
397230151	3
397402573	1
39755884	1
397584382	1
397714114	1
39800128	1
39822256	1
39853973	1
39871016	1
398992000	1
400172392	1
40045763	15
400784846	3
400839033	2
401100868	5
40133681	4
401840141	1
402154483	1
402876893	1
4029531	1
40303450	5
40334932	1
40353438	1
403846162	1
403855355	5
404056339	1
404789840	4
404853456	6
405099240	1
405820375	1
405855006	2
40615089	1
406161150	1
406658908	1
406921518	2
407221784	1
407231524	1
407308739	4
407407474	1
40811479	3
408136428	1
408677509	2
40916331	1
410077863	1
41061537	1
41101983	1
411058138	3
41140413	1
411786151	9
41205522	1
41239267	1
412611622	3
412748397	1
414527508	1
41453076	1
41458395	3
414600500	26
414904961	1
414909904	1
415298517	1
41537564	2
4157261	1
41588986	1
415932537	1
416018380	1
416749415	1
41712041	1
41753918	3
417632113	2
418299880	18
41832285	1
41947301	1
420277941	1
420649483	1
42091991	1
421129757	1
421812337	1
421859002	1
42281329	1
423031535	1
42335846	1
423985204	1
42414303	1
425005583	1
425310228	1
42589787	2
425907178	1
425909589	1
425921042	1
425935315	2
426441965	1
426693209	1
42684729	1
42703075	1
427465564	2
427851636	1
428225985	1
428300627	1
428478594	1
428971031	6
429065890	4
42916239	1
429437003	1
429989368	1
430738001	1
430780202	4
430815517	1
430841130	2
43113775	1
43123567	1
431239530	1
431831209	1
432521961	1
432726108	4
433158220	3
433543251	1
433590732	1
433881517	1
434649810	2
435273572	1
435528282	2
436077076	1
436248154	1
436478691	1
437603468	1
438050932	1
438864627	1
439464127	1
439711666	2
440003456	1
440228392	1
440238281	1
44060322	57
44078873	2
441248955	5
441260402	1
441266245	2
44228135	2
44309364	1
44354128	1
444273139	1
44498216	1
445291350	2
445748390	1
445976402	2
44609710	1
44695601	3
447061276	42
447090210	1
447129562	3
44724005	1
447289978	1
447761474	1
44782357	3
448077183	1
448593400	1
448689268	4
449464016	1
45003255	1
450067470	26
450217139	1
450610574	2
450739739	1
450761751	4
453013039	1
454047464	1
454392264	1
454436659	1
455578285	2
455824771	4
455956652	1
456107944	1
456427755	1
457697712	1
458195844	1
458861749	1
458996219	1
45937084	1
459394546	1
459906323	1
460707454	1
461734125	11
461777869	1
462132518	2
462710481	1
463162523	2
463861175	1
46475276	1
46506260	1
465064414	1
465446226	1
465521255	1
465537763	1
465708045	1
46583723	1
465897557	1
466185506	1
466264546	1
466333756	7
466616319	1
466821972	2
467594742	1
468703129	1
468796650	1
468952471	1
469081878	1
47047946	1
470506640	1
470919829	1
47092472	1
471121755	10
472072419	1
47247213	16
472607721	7
47263673	2
47331948	1
473359335	1
473463275	2
473745411	1
475524030	22
47562338	1
475809343	3
47612006	1
476337209	1
47671682	2
477600738	1
477803311	2
478259431	2
478792870	1
479193641	1
479757960	1
47993676	1
48041449	1
480586426	1
480650271	1
481352356	3
481990482	4
48215514	1
48248802	1
482917509	1
48306662	1
483202572	1
484380777	1
484408012	2
48476699	1
484773756	4
485844722	1
486072725	1
486106100	2
486112997	2
486230049	1
486361268	1
486476991	2
486494732	1
486507374	2
487089617	7
48739932	1
48766737	1
487818318	17
488584876	2
488742192	1
48893635	1
489022370	7
489112694	1
48928380	1
48981442	2
490808118	7
490966566	1
49105771	1
49118282	1
49138823	3
49150852	1
49161513	1
49248666	1
49257629	1
492613179	1
492671190	1
49320694	1
49327527	2
493399862	1
49340990	3
493475736	3
49379187	1
493988146	1
49412961	1
494655876	1
49533260	25
49537735	1
495402195	1
495974881	2
49605610	2
496340165	1
49637104	5
496404590	6
49663205	1
49663664	5
49665600	1
49706633	1
497129954	3
497194674	2
497226427	1
49755033	1
498166332	1
498922117	1
49905937	1
499411395	1
50042050	1
50083194	1
501402943	1
50206233	1
50228468	2
50263268	1
50334860	2
50463387	1
505685183	1
506411052	1
50700978	1
507972021	3
50797793	1
50800056	1
508168526	1
510812041	1
511970896	17
512242691	1
51317722	1
514864995	1
514934371	1
514970022	1
515722717	1
515780586	1
51588108	1
516096222	2
516723501	1
51765059	1
51826077	1
51932290	1
51963389	1
519930044	26
52006424	1
520104860	4
52018346	1
520991846	1
52126417	1
52130223	3
52145349	1
52166809	1
521737922	13
522109018	2
52222427	2
52247328	15
52252883	1
52288216	1
52326829	2
523462279	3
52392444	1
52429763	5
524359584	2
524512963	1
524732173	26
52494989	3
525044453	1
526116933	1
52718098	1
52746656	1
52811891	1
528770977	2
529082928	1
529167074	1
529733928	1
53091480	1
531384436	3
532000431	1
53215424	26
533466606	2
533972176	1
53500054	1
53567779	2
53584956	6
536289817	2
537018713	2
53708329	2
537128946	20
537528558	1
53805301	1
53867772	1
53919282	1
539426021	4
53970139	4
53978117	1
539965699	1
540346883	3
54054172	1
54101438	1
54113256	1
54204222	1
54244012	3
542686347	2
54325904	1
54353301	1
544193337	4
54481103	1
544833331	1
545618101	1
545618159	21
546213528	6
54627563	7
54653742	1
54675700	1
54679779	1
547429255	1
547554661	1
54856859	1
54931385	1
549533958	1
549688383	1
54975036	1
551303014	1
552126296	1
55354528	1
553658449	1
553713584	1
554208493	1
555186610	1
555476277	1
55561590	14
556077690	3
556276670	1
55668231	1
55737961	2
557493438	1
557783735	1
558080068	11
55841370	1
559118898	1
559675462	1
559888108	1
561218711	1
561742581	10
561956131	2
562442004	1
56255882	1
56281348	1
562817303	1
562995991	4
564028178	1
564306618	1
564964181	1
565059874	2
56515244	1
565969885	23
56641554	1
566539833	1
56660706	1
567133316	1
567220738	5
56789832	1
568178203	5
568633159	2
56896918	2
568971429	1
56946066	2
569542024	1
56959274	1
570154956	1
570324105	1
57177822	1
57256421	1
57260327	1
572961420	1
57343654	2
57362322	1
575495944	1
575576964	18
575637441	1
575887522	1
576131873	1
576367925	1
577187858	12
578074990	1
578081311	1
578383794	1
579962917	1
581221150	4
581445220	1
58170665	1
581933321	1
58216713	2
582868501	2
585934344	1
586451848	1
58652546	1
586724399	1
586734515	1
58705195	1
587516393	1
587701649	3
5882802	1
58828387	1
588555496	1
588775819	3
589261652	1
58930874	1
589402824	1
590046242	1
59035579	2
59073202	2
591314252	2
591331840	1
591335059	3
591380208	1
591390306	2
591417279	1
592005003	1
592355101	2
59357374	1
59393368	1
594052448	1
59415917	1
595169279	1
595841888	1
59606920	2
596686824	1
596805219	2
59696106	1
5976502	1
599065130	1
599449330	3
60113926	2
601310318	1
60139630	9
60150406	1
602288530	2
602355833	2
602449513	7
603660185	2
604009725	1
604393879	1
60458678	1
604610969	1
604701612	1
604730014	1
605044124	2
605342007	1
605490451	2
60555449	1
606340754	8
6067992	1
60693789	3
607013952	1
60705956	1
607617514	1
60927389	2
609304305	5
610105255	1
61070331	1
611798627	1
612135517	3
61216389	1
612457394	1
61342056	2
613753095	1
613876677	1
6144332	1
61501509	1
615329833	1
61661638	11
6172452	7
61810653	1
618228289	5
619123865	1
619451030	2
62015308	3
620782954	1
621053575	1
62109990	1
621297875	1
62135215	7
62155958	2
621891939	1
622111302	1
623428159	1
624413	2
624920658	1
624927669	1
624935877	1
62500872	1
625182176	1
625376520	1
62562916	3
625814873	1
62597423	1
62615103	1
626345722	5
626836550	1
626840066	1
627695874	2
63023412	2
630428077	5
630439865	1
630574262	1
63061242	1
631797674	1
632104194	2
632296843	9
632352868	2
632464676	1
632956955	1
63351677	1
634020001	2
634245300	1
634534933	1
634735245	2
634862511	1
63497552	2
635580208	1
636453747	1
636545451	5
636855158	1
63716200	4
63772180	1
64109894	8
64391036	1
64444815	1
64730375	1
6477792	1
6502202	1
65208304	1
65681636	13
65841393	1
66103873	1
66128806	1
66172538	3
66317240	1
66358738	1
66414138	1
66583271	1
66638587	1
66915233	1
66985306	1
67003795	1
67016149	1
67032086	1
67582229	1
67638947	1
67683728	1
67803007	1
6793222	1
68407650	1
68412171	1
68512972	1
68537333	3
68559732	4
68658717	1
6870462	1
6872422	2
68739089	2
69212076	1
69253776	1
69476342	5
69605961	2
69620713	1
69627447	60
6968182	7
69906279	2
700351122	1
7013562	1
701411095	3
701825197	1
70306883	1
703285112	1
70498392	5
70564640	2
706119139	2
70696337	1
70755249	1
707566513	1
70778344	1
70879614	1
70940461	3
71147314	1
712066902	1
712632668	1
713218818	1
713281530	1
713466386	1
713680091	1
716552396	1
71680880	4
7172232	1
718182886	5
718293108	7
71885806	2
718928220	17
719233244	1
72105856	1
72229444	1
72311906	1
724674919	1
725577499	6
72621480	2
72697426	1
72699258	1
72868679	2
728700470	3
72892215	2
729246649	1
72928001	3
72937260	1
72987385	1
73027895	1
73201848	1
732429464	7
73298797	1
733533786	4
733717446	1
734289750	1
735021824	1
73540921	1
73545832	2
73547194	1
73549391	2
735643934	8
737866058	1
73795426	1
7380362	1
740684990	1
74104397	47
74471499	1
74571277	1
746938556	1
75002150	1
751374678	1
7517052	1
754022876	1
75559675	1
759574556	1
760195754	4
760544600	1
76058980	1
76083444	1
76113067	1
76132385	1
761884866	2
76229647	1
762326510	1
762917023	4
76311584	1
76369001	1
76547516	1
76554388	5
766003172	1
76603741	1
76607138	3
767658752	1
76851675	1
76921999	4
76922155	1
76987535	1
77132656	1
771587202	1
771629515	7
77195555	1
774599383	5
77479563	1
776473878	1
777329870	1
779946648	1
7802422	1
78166923	3
782030712	5
7836182	10
78383733	1
784527522	1
785359525	1
78644968	3
786766700	1
78690504	1
787383000	1
788333744	1
78925997	5
78959991	2
789932292	1
790062926	10
79047876	1
793728973	2
794108792	2
794233338	2
794728100	2
795366560	1
795408560	41
79563975	3
7965702	1
797769606	2
797942226	1
7993232	1
800487793	1
80104835	1
801218796	1
80166642	1
801698222	1
802944248	1
803977459	1
804995882	2
805935860	1
80660848	3
80697114	6
809122560	7
81004958	1
81061068	1
811652462	1
815636605	1
81653032	1
818071	2
818081647	3
81818159	1
818248710	2
81964831	2
819738901	1
820031509	7
820110584	4
821118710	1
82142636	2
82143051	1
821464674	1
821618390	1
822049651	1
822159158	1
822234342	1
823319828	1
823440576	1
825286027	1
825744584	2
82724369	1
829080926	1
829442994	1
830020351	19
83005470	1
83046543	2
8317872	1
83224833	1
833565728	1
833689177	1
834239323	1
83637812	1
83784088	1
83816037	3
83837948	1
83878816	1
84121886	1
84355003	1
84402174	4
84444981	2
847376136	2
849593029	1
849617886	1
84964090	3
84989659	2
849923298	2
85092004	2
85127466	1
851670715	1
8524892	1
85253884	9
85413569	2
854986999	2
85540596	1
855628410	3
857189384	1
857462130	1
860766289	1
861420990	1
862105645	1
862110601	1
863145667	1
8632782	1
864255662	1
864319676	1
86512669	1
866118042	1
86624521	1
867148020	3
86796377	1
86803454	1
86911334	1
86985623	1
869918281	2
869939479	1
87032076	1
870818204	8
87098546	2
87122499	1
87133189	2
87258499	1
874438663	4
874806470	1
876168212	1
879376561	1
879711720	6
880451970	1
88090593	1
88321965	3
884306288	2
886837747	1
890031644	4
89100278	1
89225644	2
893810545	1
893846334	2
894225536	1
89491245	2
89538046	2
89571091	1
89854883	1
8991482	1
900605659	1
902104226	1
902419718	1
904039608	1
90439860	2
90466492	1
904968246	2
906249536	1
906735979	2
90704666	3
9071062	4
908405826	1
91321449	1
914071254	1
91418281	4
91439909	1
9175592	1
917763661	1
919868366	1
921464372	4
9215452	1
921585962	1
92335219	1
923722700	2
924239384	1
925858910	1
92655055	1
92670248	1
92769204	1
929083760	4
932502344	22
932652001	1
93279637	1
932806561	4
933545473	1
933854671	1
935242836	12
93688789	2
93723527	2
937517270	9
93775042	1
93913891	7
94118268	1
94172546	3
942010891	2
942422774	1
942634814	1
944075622	1
94613020	1
94626353	1
94653842	4
946726027	10
946957866	3
94734762	10
94794618	1
94872508	1
94897198	2
949758140	1
95004577	1
95037522	2
9505502	1
95083293	9
951865711	1
952328491	6
95249944	1
95334996	1
9547482	2
95483024	1
956645150	2
95863011	1
960834355	9
96093102	1
961566769	1
9626082	2
962744707	4
964372705	7
96640040	1
966726223	3
96679651	1
96697770	1
9681052	2
96815285	1
9681572	1
97334517	16
973469222	1
97382065	12
975116011	1
975844711	1
976482234	1
976797445	1
977308820	1
977532660	2
977677104	1
97769873	1
978671796	1
97927889	2
98134904	1
98272618	1
982924214	1
983270113	1
983655260	7
98480529	1
98560220	1
9875242	1
987771205	1
987773264	1
987787243	2
9888972	1
98926033	1
989651166	1
989657845	3
989660850	1
989695484	1
990047840	1
992017670	1
992182100	4
993282182	1
994158086	1
9952152	1
996051864	1
996335270	1
998283762	1
999029864	1
99977579	1
