100024370	1.0
1001192245	1.0
10017542	1.0
100253491	1.0
100258014	1.0
1003088551	1.0
1004114520	1.0
1005140833	1.0
1005466790	1.0
100650665	1.0
1007915173	1.0
101023312	1.0
101044849	1.0
1011339350	1.0
1011882912	1.0
1012376300	1.0
10148962	1.0
10165242	1.0
1018083266	1.0
101823764	1.0
1018484418	1.0
101855247	1.0
101866726	1.0
1018785420	1.0
1020054625	1.0
1020067598	1.0
1020081481	1.0
1020182690	1.0
1020424015	1.0
1021169419	1.0
1021788536	1.0
102281540	1.0
102325185	1.0
1023354336	1.0
1023491131	1.0
1023594121	1.0
102421137	1.0
102452225	1.0
102481836	1.0
102816266	1.0
103300417	1.0
103504126	1.0
103580524	1.0
1036497768	1.0
103650751	1.0
103810916	1.0
1039081430	1.0
103967533	1.0
104034095	1.0
1040640698	1.0
1041665179	1.0
104185085	1.0
104232522	1.0
104271807	1.0
1042814112	1.0
104291206	1.0
1043744070	1.0
1046312670	1.0
1046352450	1.0
104712815	1.0
104902542	1.0
104952689	1.0
105203602	1.0
105258845	1.0
1053484388	1.0
1056313532	1.0
105665322	1.0
105728104	1.0
1058408514	1.0
105845978	1.0
105909464	1.0
105926515	1.0
1060726802	1.0
106203627	1.0
1062897307	1.0
1064015220	1.0
1064700308	1.0
106498703	1.0
106504911	1.0
1066801676	1.0
1067178060	1.0
106959218	1.0
107146393	1.0
107367156	1.0
1074309715	1.0
1075187563	1.0
107576419	1.0
1076438077	1.0
1076916151	1.0
1077398336	1.0
108021761	1.0
1080306914	1.0
108032177	1.0
108077798	1.0
108469356	1.0
108511039	1.0
108557666	1.0
1086523855	1.0
1087471117	1.0
1088164062	1.0
108938404	1.0
109179092	1.0
1092267594	1.0
1092298711	1.0
1092305288	1.0
1092348054	1.0
1092564138	1.0
1093347656	1.0
109484552	1.0
109498771	1.0
1095563516	1.0
1097148997	1.0
1097181956	1.0
109927499	1.0
109995803	1.0
110093517	1.0
110147594	1.0
110169083	1.0
1102610024	1.0
110277416	1.0
1105089212	1.0
110547073	1.0
110575482	1.0
110727125	1.0
110929302	1.0
1109866830	1.0
1110682142	1.0
111325868	1.0
111457430	1.0
11148192	1.0
1116331430	1.0
111981706	1.0
1121028973	1.0
112169042	1.0
112269293	1.0
11247222	1.0
112509786	1.0
112581471	1.0
1129206217	1.0
11308402	1.0
1131123974	1.0
1131449330	1.0
1131932318	1.0
1132377396	1.0
113410319	1.0
1134484321	1.0
1134743341	1.0
1137292440	1.0
1137633156	1.0
113785888	1.0
113977675	1.0
1141268886	1.0
1141384256	1.0
1142120569	1.0
114229421	1.0
1145877600	1.0
114845234	1.0
1152105936	1.0
115489464	1.0
1155007350	1.0
1156531974	1.0
1157462144	1.0
1161725924	1.0
1162268034	1.0
1163696714	1.0
1164357870	1.0
116914454	1.0
1169633580	1.0
116977290	1.0
117010080	1.0
117088484	1.0
1177083624	1.0
1177550208	1.0
117857704	1.0
1181702492	1.0
118331219	1.0
1187422273	1.0
11955082	1.0
119627325	1.0
1199071592	1.0
1199439283	1.0
1199658468	1.0
120130287	1.0
1201683000	1.0
1206200186	1.0
1206373771	1.0
120672388	1.0
120797863	1.0
1209338426	1.0
1209595398	1.0
120965481	1.0
1209991243	1.0
12114462	1.0
121158213	1.0
121254630	1.0
121321885	1.0
1213749469	1.0
1214566958	1.0
1214785736	1.0
121639325	1.0
121676837	1.0
1220386050	1.0
1221736705	1.0
1222829917	1.0
12234352	1.0
122511616	1.0
1225981051	1.0
1226035411	1.0
1228451929	1.0
1228537610	1.0
123125462	1.0
123137244	1.0
123147423	1.0
123174284	1.0
123228940	1.0
123420826	1.0
123425184	1.0
123428914	1.0
1238915544	1.0
1240477135	1.0
1241940475	1.0
1242620792	1.0
1244393550	1.0
1244482620	1.0
124508864	1.0
1245395222	1.0
124585235	1.0
1246096020	1.0
1246273074	1.0
1247556768	1.0
1248130122	1.0
125070254	1.0
12507792	1.0
125210248	1.0
1253312389	1.0
1253465496	1.0
125432912	1.0
12546722	1.0
1254854268	1.0
1256941783	1.0
1257970358	1.0
125987346	1.0
1261216734	1.0
1263284131	1.0
126382039	1.0
126413239	1.0
126476008	1.0
1264899192	1.0
1265023070	1.0
1265773064	1.0
1266006373	1.0
1266279002	1.0
126640430	1.0
126731503	1.0
1270061208	1.0
127172043	1.0
1272751392	1.0
1276129988	1.0
1277178181	1.0
127763388	1.0
127871544	1.0
12794362	1.0
1279746739	1.0
128001460	1.0
1280543365	1.0
1281072037	1.0
1281195463	1.0
128334973	1.0
1284466351	1.0
128550246	1.0
1285719914	1.0
1285949539	1.0
128654515	1.0
1287510536	1.0
128891933	1.0
1289038657	1.0
1289086184	1.0
1289175368	1.0
1289906790	1.0
129125427	1.0
1291850300	1.0
1292165288	1.0
1292305116	1.0
12959332	1.0
1296832422	1.0
1296952741	1.0
1297336626	1.0
1298935814	1.0
129935623	1.0
130408712	1.0
1305451382	1.0
130696935	1.0
1308035706	1.0
130806148	1.0
130859358	1.0
1310354202	1.0
1310746040	1.0
131506459	1.0
131517152	1.0
1315225639	1.0
1316087911	1.0
131609773	1.0
131626753	1.0
1320968377	1.0
132133448	1.0
1321679647	1.0
132173493	1.0
1322007252	1.0
132403102	1.0
1327241353	1.0
13278492	1.0
132803991	1.0
1329243757	1.0
132998918	1.0
133056605	1.0
133118156	1.0
13363682	1.0
133910588	1.0
133968654	1.0
134198237	1.0
134233015	1.0
13423622	1.0
1342624099	1.0
134301407	1.0
1343120126	1.0
134354451	1.0
1345862960	1.0
1347071545	1.0
13471032	1.0
1347855930	1.0
134854762	1.0
134931708	1.0
13493932	1.0
135092073	1.0
1352595571	1.0
135343242	1.0
1354181006	1.0
135435379	1.0
135502581	1.0
1355510426	1.0
1355603460	1.0
1356885824	1.0
1358146357	1.0
136147557	1.0
1362121502	1.0
1363347080	1.0
136393773	1.0
136447449	1.0
1365273054	1.0
1365750296	1.0
1366631	1.0
1367765233	1.0
136842204	1.0
1369183346	1.0
137061901	1.0
1370845128	1.0
1370906497	1.0
1373368518	1.0
1373416555	1.0
1373505554	1.0
1373510713	1.0
1374059611	1.0
1375963266	1.0
1376133656	1.0
1376353224	1.0
137652630	1.0
1377472224	1.0
1377910874	1.0
1378	1.0
1378065150	1.0
137958927	1.0
137960628	1.0
1380474283	1.0
138231103	1.0
138766162	1.0
1388848657	1.0
1389493454	1.0
139133793	1.0
139331458	1.0
1393603976	1.0
1395076646	1.0
1396025018	1.0
139774282	1.0
139794278	1.0
1398625656	1.0
1402824210	1.0
140291260	1.0
1402993687	1.0
1407559375	1.0
14078468	1.0
14097951	1.0
1410125744	1.0
14104848	1.0
1411402069	1.0
14115408	1.0
141258604	1.0
14126376	1.0
1412771047	1.0
1413027896	1.0
141307560	1.0
1413443995	1.0
14146896	1.0
1416078199	1.0
14175873	1.0
1417942526	1.0
1418264336	1.0
1418935171	1.0
1420021754	1.0
14228535	1.0
142351603	1.0
142353824	1.0
142384526	1.0
14250809	1.0
1425543451	1.0
142580507	1.0
142584642	1.0
14260491	1.0
14265485	1.0
142696626	1.0
142746241	1.0
14276189	1.0
1427834293	1.0
142827331	1.0
14288935	1.0
1429032192	1.0
143033198	1.0
1430670998	1.0
14310555	1.0
1436374802	1.0
143651355	1.0
1436715474	1.0
143772190	1.0
14380496	1.0
1439067241	1.0
143932795	1.0
143949701	1.0
14410741	1.0
1441232647	1.0
14420570	1.0
14443013	1.0
14446488	1.0
1447240867	1.0
1448127140	1.0
1449251635	1.0
144945322	1.0
1449880381	1.0
1450167168	1.0
145216041	1.0
1452408337	1.0
1452702914	1.0
14530582	1.0
14542355	1.0
14571012	1.0
1457218807	1.0
145842867	1.0
1458939464	1.0
14604040	1.0
146065092	1.0
146133213	1.0
1461649975	1.0
14626496	1.0
14629171	1.0
14633485	1.0
14641650	1.0
146529622	1.0
14654941	1.0
146552127	1.0
1467412392	1.0
14681336	1.0
14692383	1.0
146930159	1.0
1469977963	1.0
1470635203	1.0
1471665404	1.0
14718435	1.0
14728865	1.0
1473193454	1.0
1473431	1.0
14735033	1.0
14744629	1.0
1475745116	1.0
147596921	1.0
1475988331	1.0
1476010452	1.0
14780660	1.0
14781188	1.0
14783070	1.0
147914621	1.0
14818134	1.0
148335414	1.0
148448863	1.0
14845720	1.0
1485188648	1.0
14855210	1.0
1486480424	1.0
14867905	1.0
14886375	1.0
148883773	1.0
1488838998	1.0
1488994320	1.0
148912873	1.0
1489471572	1.0
14895731	1.0
1489855963	1.0
149010947	1.0
14902429	1.0
1490576629	1.0
1490781439	1.0
1490980105	1.0
14923738	1.0
14926774	1.0
149300800	1.0
1493250956	1.0
14933262	1.0
149372504	1.0
149571760	1.0
14958385	1.0
1496496361	1.0
1497145735	1.0
1498536354	1.0
1499852552	1.0
15003446	1.0
150094848	1.0
150110393	1.0
15024696	1.0
150531378	1.0
15079601	1.0
150830726	1.0
1510568178	1.0
1510570345	1.0
1511018348	1.0
15110357	1.0
1511752548	1.0
151357280	1.0
151417664	1.0
151568342	1.0
15172738	1.0
15180311	1.0
151827917	1.0
15202483	1.0
1523750112	1.0
15240491	1.0
15246621	1.0
15248550	1.0
152555926	1.0
1526285174	1.0
1526288869	1.0
15264378	1.0
152712937	1.0
15281391	1.0
15288190	1.0
15296897	1.0
153308415	1.0
1533781267	1.0
1534106538	1.0
153485460	1.0
1536327564	1.0
1536625916	1.0
15374815	1.0
1537838155	1.0
15380584	1.0
15384133	1.0
153861315	1.0
153871260	1.0
153876973	1.0
15391329	1.0
15403755	1.0
1541419580	1.0
1543212792	1.0
1544227476	1.0
1544270486	1.0
1544295582	1.0
154535828	1.0
1546201075	1.0
1546222940	1.0
154679572	1.0
1547662243	1.0
15485461	1.0
1549642243	1.0
15518304	1.0
155283632	1.0
1553871637	1.0
1554027631	1.0
1557502416	1.0
1557751686	1.0
15596117	1.0
1560174734	1.0
15601816	1.0
1560282486	1.0
1560440960	1.0
1561757731	1.0
156203223	1.0
156392337	1.0
1565751108	1.0
1567827828	1.0
15679259	1.0
156807394	1.0
156861460	1.0
15699248	1.0
1570180292	1.0
157050209	1.0
1570679526	1.0
1571165700	1.0
15711884	1.0
15718150	1.0
15730804	1.0
15738369	1.0
15752695	1.0
15754281	1.0
1576052886	1.0
1576266757	1.0
15764136	1.0
1579371308	1.0
15813904	1.0
15814096	1.0
1581430110	1.0
1581782214	1.0
158226516	1.0
15823893	1.0
1583483839	1.0
15856830	1.0
1586109433	1.0
1587217963	1.0
1588171868	1.0
15896903	1.0
15897179	1.0
15899320	1.0
15900502	1.0
159136516	1.0
159367166	1.0
1594697232	1.0
159565864	1.0
1596234775	1.0
15971805	1.0
159826858	1.0
1599085987	1.0
1599870660	1.0
159994875	1.0
15999548	1.0
1601151536	1.0
160298969	1.0
16030327	1.0
16033537	1.0
160411644	1.0
16043797	1.0
16049944	1.0
160533181	1.0
160541670	1.0
160625399	1.0
16079604	1.0
16082873	1.0
1609373209	1.0
160948300	1.0
1610060744	1.0
16102455	1.0
1610934914	1.0
1611017618	1.0
1611473052	1.0
1611593304	1.0
1611625316	1.0
1612027483	1.0
1612339386	1.0
161400901	1.0
1614491754	1.0
16145086	1.0
1615736690	1.0
1616185404	1.0
161769014	1.0
1618065348	1.0
161809086	1.0
16184358	1.0
161855898	1.0
16194705	1.0
1620686150	1.0
1621323433	1.0
16233891	1.0
162419093	1.0
1624459344	1.0
16246929	1.0
16252960	1.0
1625296296	1.0
1625358085	1.0
1626140443	1.0
1626209047	1.0
1626330037	1.0
1627248878	1.0
162838456	1.0
162925002	1.0
163060897	1.0
1632276380	1.0
1633729740	1.0
1634354948	1.0
1634476494	1.0
163537857	1.0
16359602	1.0
1636479296	1.0
163648850	1.0
16370181	1.0
1637781936	1.0
1637918923	1.0
16429510	1.0
1643123766	1.0
16436911	1.0
16437499	1.0
16453712	1.0
1645641920	1.0
16460151	1.0
1646484985	1.0
1646738978	1.0
1647145254	1.0
16476489	1.0
164784898	1.0
164851202	1.0
164860479	1.0
16515274	1.0
1651821169	1.0
1652541	1.0
1654035020	1.0
1654308504	1.0
165721692	1.0
1657439018	1.0
16576158	1.0
1657686121	1.0
1657808011	1.0
1657908247	1.0
165797117	1.0
16591972	1.0
1659497120	1.0
16607638	1.0
1662365462	1.0
1662367454	1.0
1662370753	1.0
1662722892	1.0
1663416662	1.0
1664138053	1.0
1665125166	1.0
166559015	1.0
166569708	1.0
166597717	1.0
1666068925	1.0
1666651962	1.0
1668256296	1.0
16687581	1.0
1668830792	1.0
1669354638	1.0
167073775	1.0
167140194	1.0
1671560821	1.0
1671828877	1.0
1672120591	1.0
1672501328	1.0
16727846	1.0
16728404	1.0
1672983343	1.0
16732770	1.0
1673837306	1.0
167406484	1.0
167622378	1.0
1676345658	1.0
1676916738	1.0
1678094172	1.0
16789555	1.0
16791749	1.0
168002716	1.0
168003554	1.0
1680182820	1.0
16802422	1.0
16827373	1.0
16827489	1.0
16831072	1.0
16838276	1.0
168384413	1.0
1684522267	1.0
16858417	1.0
1686278282	1.0
1686389167	1.0
168668045	1.0
1686872700	1.0
168691253	1.0
168709341	1.0
1687238450	1.0
168744961	1.0
16877220	1.0
1688657744	1.0
1688728182	1.0
1691792016	1.0
1691951420	1.0
169212615	1.0
1692174140	1.0
1692727952	1.0
1694098112	1.0
1694393618	1.0
1694447893	1.0
169534774	1.0
1695399997	1.0
169849065	1.0
1698582715	1.0
169907554	1.0
16991053	1.0
16995129	1.0
17001831	1.0
17001893	1.0
1700935368	1.0
17017254	1.0
1701832352	1.0
1702290386	1.0
17023162	1.0
1702460779	1.0
170366190	1.0
1705758318	1.0
17060573	1.0
17061648	1.0
170616732	1.0
1706183262	1.0
170725663	1.0
17116270	1.0
1711733179	1.0
1712668908	1.0
171269347	1.0
1713849307	1.0
171515570	1.0
171589790	1.0
171919007	1.0
1722581797	1.0
1723677468	1.0
1724383333	1.0
17246651	1.0
1727122164	1.0
1729530252	1.0
1729595918	1.0
1730011111	1.0
17305284	1.0
173226513	1.0
1732500181	1.0
173382311	1.0
17377396	1.0
17416650	1.0
17433343	1.0
174349853	1.0
174395328	1.0
174879361	1.0
17513829	1.0
175323822	1.0
17544620	1.0
175584371	1.0
175754840	1.0
17614702	1.0
176168308	1.0
176193148	1.0
176335062	1.0
17669982	1.0
176830279	1.0
17700927	1.0
17746914	1.0
177512390	1.0
177585732	1.0
17771923	1.0
17790265	1.0
177907835	1.0
17823481	1.0
17841130	1.0
17853293	1.0
179022357	1.0
17913	1.0
179318287	1.0
179411751	1.0
179527320	1.0
179576063	1.0
179709141	1.0
17972733	1.0
17991579	1.0
17996546	1.0
18022320	1.0
180242723	1.0
180268871	1.0
180317088	1.0
180473434	1.0
18061192	1.0
180777557	1.0
18083070	1.0
18094952	1.0
181085513	1.0
181246648	1.0
18164662	1.0
181750168	1.0
181763318	1.0
18189134	1.0
182311852	1.0
18231718	1.0
18235667	1.0
182440063	1.0
18255548	1.0
182628483	1.0
182642157	1.0
18265423	1.0
18270633	1.0
18271235	1.0
18300968	1.0
18316690	1.0
1832181	1.0
183294525	1.0
1833020461	1.0
1837773036	1.0
18378349	1.0
1838451102	1.0
183853112	1.0
18408384	1.0
184090150	1.0
18413616	1.0
18429716	1.0
18433619	1.0
184345490	1.0
1847302273	1.0
184750227	1.0
1850041968	1.0
185310946	1.0
18544464	1.0
1854900966	1.0
1855436449	1.0
18560146	1.0
18561874	1.0
185669556	1.0
185673983	1.0
18574762	1.0
1858389402	1.0
1858966682	1.0
186136458	1.0
1862024448	1.0
1862365172	1.0
1862921168	1.0
186365680	1.0
186421148	1.0
186533014	1.0
18663561	1.0
186813682	1.0
186875904	1.0
1869471378	1.0
187045609	1.0
1871450522	1.0
18719020	1.0
1872367116	1.0
18745322	1.0
1874713082	1.0
1877173856	1.0
18789002	1.0
1879593144	1.0
1879866679	1.0
1880267845	1.0
1881191983	1.0
188243290	1.0
18824894	1.0
1882661204	1.0
1883339952	1.0
1884013189	1.0
1884755221	1.0
18856867	1.0
18858395	1.0
188624714	1.0
1888378046	1.0
1888721442	1.0
1888745179	1.0
18897031	1.0
188985860	1.0
18925557	1.0
18944615	1.0
18952948	1.0
1895828053	1.0
189788477	1.0
18989537	1.0
18992649	1.0
19001718	1.0
1902076832	1.0
1902683484	1.0
19046425	1.0
1905184166	1.0
1906248601	1.0
1906311631	1.0
1906622671	1.0
1907922643	1.0
19079480	1.0
191005840	1.0
1910310072	1.0
191033785	1.0
1910475949	1.0
1911023395	1.0
1911148284	1.0
1911156006	1.0
1911268236	1.0
1911439063	1.0
1911521552	1.0
19116695	1.0
1911680414	1.0
1911691146	1.0
1912057386	1.0
1912106508	1.0
1912121448	1.0
1912269505	1.0
1912590181	1.0
1912608727	1.0
1912833643	1.0
1913063707	1.0
1913316474	1.0
1913702689	1.0
1913764244	1.0
1914089904	1.0
1914668113	1.0
1914912530	1.0
19159076	1.0
19171206	1.0
1917600852	1.0
1917618870	1.0
191775364	1.0
1917883639	1.0
1919170645	1.0
192170074	1.0
19220698	1.0
192339203	1.0
1923879936	1.0
1923926642	1.0
1923947209	1.0
1924256556	1.0
1924310023	1.0
1924312855	1.0
192583349	1.0
192613632	1.0
19270995	1.0
192743745	1.0
19277975	1.0
1931179794	1.0
193122450	1.0
19318159	1.0
193323937	1.0
19338198	1.0
19351024	1.0
193542064	1.0
1936277840	1.0
193919470	1.0
19400611	1.0
194119290	1.0
194137231	1.0
1944771998	1.0
1945935708	1.0
19464543	1.0
1946807360	1.0
19478383	1.0
19485664	1.0
1949701902	1.0
195152928	1.0
1952294228	1.0
1952436260	1.0
19532638	1.0
195368080	1.0
19546277	1.0
1954730264	1.0
195557465	1.0
19560393	1.0
1957796006	1.0
1958184416	1.0
1958752610	1.0
195976126	1.0
196029047	1.0
1961041356	1.0
1961333743	1.0
1962149498	1.0
19627971	1.0
1963384345	1.0
1965700238	1.0
19664951	1.0
196669584	1.0
1967016937	1.0
1967170620	1.0
196900797	1.0
1969225446	1.0
1969320008	1.0
1969320138	1.0
1969327748	1.0
1969334461	1.0
1969352124	1.0
1969365992	1.0
1969380512	1.0
1969426567	1.0
1969440254	1.0
1969446896	1.0
1969449206	1.0
1969465873	1.0
1969470044	1.0
1969472353	1.0
1969479445	1.0
1969492099	1.0
1969501046	1.0
1969503066	1.0
1969516938	1.0
1969519676	1.0
1969521258	1.0
1969538022	1.0
1969552244	1.0
1969581715	1.0
1969584468	1.0
1969594849	1.0
1969601916	1.0
1969622058	1.0
1969627746	1.0
1969631054	1.0
1969640629	1.0
1969641728	1.0
1969645939	1.0
1969661720	1.0
1969676114	1.0
1969679156	1.0
1969708788	1.0
1969728366	1.0
1969742863	1.0
1969754725	1.0
1969763984	1.0
1969784395	1.0
1969798825	1.0
1969799846	1.0
1969818126	1.0
1969822382	1.0
1969826696	1.0
1969868839	1.0
1969922220	1.0
1969925227	1.0
1969963682	1.0
1969967432	1.0
1969970330	1.0
1970070775	1.0
1970115625	1.0
1970127890	1.0
1970148032	1.0
1970167195	1.0
1970190690	1.0
1970190704	1.0
1970197386	1.0
1970221123	1.0
1970269903	1.0
1970391553	1.0
1972012520	1.0
19723900	1.0
197282701	1.0
19739279	1.0
197527822	1.0
197560845	1.0
1976890536	1.0
1977344317	1.0
19785281	1.0
197937368	1.0
198275980	1.0
19831327	1.0
198423421	1.0
19851429	1.0
198620623	1.0
19899344	1.0
199604325	1.0
19988458	1.0
20005393	1.0
200230369	1.0
20031601	1.0
20044440	1.0
200528348	1.0
200603059	1.0
20064603	1.0
20079668	1.0
20106796	1.0
20114133	1.0
201221109	1.0
201296379	1.0
201300044	1.0
20130833	1.0
20143373	1.0
201450612	1.0
20158190	1.0
20159497	1.0
20187378	1.0
201881524	1.0
201891203	1.0
20216291	1.0
20230811	1.0
20327105	1.0
20345218	1.0
20363050	1.0
203652149	1.0
20402945	1.0
20444746	1.0
20446393	1.0
20449296	1.0
20458407	1.0
204803220	1.0
204974279	1.0
20526076	1.0
20544047	1.0
205516699	1.0
20600091	1.0
20645546	1.0
20704445	1.0
20704612	1.0
20704858	1.0
207085361	1.0
20715279	1.0
20715638	1.0
207203125	1.0
20722021	1.0
207249457	1.0
20725359	1.0
207271383	1.0
207435193	1.0
20749124	1.0
20779382	1.0
20779973	1.0
20813587	1.0
20857912	1.0
20908746	1.0
2092801	1.0
20944292	1.0
2097571	1.0
20982582	1.0
210206202	1.0
21045893	1.0
21048766	1.0
210506986	1.0
210855604	1.0
21110732	1.0
211150550	1.0
21124751	1.0
21161210	1.0
21183938	1.0
212057344	1.0
21233042	1.0
212597510	1.0
213118052	1.0
21312378	1.0
213222099	1.0
21328656	1.0
21329777	1.0
21341332	1.0
21352349	1.0
21354868	1.0
2136001	1.0
213636132	1.0
21380147	1.0
213936621	1.0
21405308	1.0
214321318	1.0
214479702	1.0
214498778	1.0
21463400	1.0
214742652	1.0
2147877331	1.0
21483809	1.0
2148971516	1.0
215068830	1.0
2150696418	1.0
2150927341	1.0
2151247592	1.0
215251934	1.0
2152612894	1.0
2153467878	1.0
2153887392	1.0
2153916871	1.0
2154174864	1.0
2155185577	1.0
2155201019	1.0
2155645134	1.0
2156561740	1.0
2157806664	1.0
21579486	1.0
21579552	1.0
215803776	1.0
2159322464	1.0
2161206156	1.0
216146330	1.0
2162843286	1.0
21640980	1.0
21658034	1.0
2166358015	1.0
2166383894	1.0
2167406106	1.0
21679494	1.0
216798259	1.0
2168438484	1.0
216865166	1.0
21688930	1.0
2169254353	1.0
2171294112	1.0
217159658	1.0
2172003933	1.0
2172709752	1.0
2173999435	1.0
2175055010	1.0
21755922	1.0
217612422	1.0
2176420138	1.0
217768567	1.0
2177764470	1.0
217824512	1.0
2178611209	1.0
2178734696	1.0
2178853984	1.0
2179084381	1.0
218013625	1.0
2180452574	1.0
2180609708	1.0
2180745480	1.0
2181103753	1.0
2181281054	1.0
2181314366	1.0
2181326676	1.0
2181334776	1.0
2181346825	1.0
2181357950	1.0
2181373892	1.0
2181390564	1.0
2181403417	1.0
2183071524	1.0
2183419802	1.0
2185769276	1.0
2186813068	1.0
21868272	1.0
218718269	1.0
2190197779	1.0
2192853824	1.0
219329534	1.0
219454680	1.0
2194729068	1.0
2195055925	1.0
219565387	1.0
2196092280	1.0
21965432	1.0
2196900553	1.0
2197054086	1.0
2197078218	1.0
2197099980	1.0
2197116199	1.0
2197132710	1.0
2199095857	1.0
2199980814	1.0
2200069217	1.0
2200244354	1.0
2200829288	1.0
220203225	1.0
2202640226	1.0
2202735265	1.0
2204135624	1.0
2204990539	1.0
220574058	1.0
2207480136	1.0
220831462	1.0
2208541680	1.0
22093630	1.0
220943553	1.0
2209523333	1.0
220953244	1.0
2209630763	1.0
221057424	1.0
2211386161	1.0
2214510864	1.0
2214818162	1.0
2215937899	1.0
2216333869	1.0
221679174	1.0
2216792106	1.0
22172264	1.0
221802830	1.0
2219662940	1.0
2220015630	1.0
222164515	1.0
222187111	1.0
2222682198	1.0
222507714	1.0
2225276335	1.0
2225300413	1.0
222585475	1.0
222635593	1.0
222701184	1.0
222739462	1.0
2228406901	1.0
2228725729	1.0
2230234412	1.0
22302444	1.0
2230389325	1.0
2230705400	1.0
22309591	1.0
2231167736	1.0
223170008	1.0
2231913055	1.0
2232691961	1.0
223329689	1.0
2233924628	1.0
22340499	1.0
22346782	1.0
2234758370	1.0
223609223	1.0
2236340478	1.0
2236817017	1.0
2237327754	1.0
22375779	1.0
2239240086	1.0
2240354388	1.0
2241308316	1.0
224240358	1.0
22426933	1.0
2243075472	1.0
2243649086	1.0
2244024828	1.0
224436549	1.0
2245748490	1.0
2246411064	1.0
22472329	1.0
2249186018	1.0
2249884134	1.0
225018425	1.0
2253500720	1.0
2253710508	1.0
2253783906	1.0
225381056	1.0
2254368559	1.0
2254752013	1.0
225546238	1.0
225595202	1.0
225656644	1.0
225858323	1.0
225874566	1.0
2259177605	1.0
22595859	1.0
226024854	1.0
22605541	1.0
2260954471	1.0
2261875772	1.0
2262191162	1.0
2263437272	1.0
2263452746	1.0
2264634042	1.0
2265200274	1.0
2265646925	1.0
2265977400	1.0
22661000	1.0
2266406946	1.0
226776889	1.0
226828258	1.0
22690112	1.0
2269331456	1.0
2269536694	1.0
2270087731	1.0
227045856	1.0
227049888	1.0
2270644075	1.0
2271967489	1.0
227209725	1.0
2272207286	1.0
22736244	1.0
2275658568	1.0
2276954768	1.0
22774516	1.0
227976979	1.0
2280064627	1.0
228088505	1.0
2280994256	1.0
2281127150	1.0
22813422	1.0
22814481	1.0
2281876218	1.0
228211937	1.0
2282347955	1.0
2282985871	1.0
2283967116	1.0
228426881	1.0
2284636699	1.0
2284846512	1.0
2285060845	1.0
2285388840	1.0
2285636454	1.0
2285641921	1.0
2285727007	1.0
22857612	1.0
2286145784	1.0
22867489	1.0
2287469286	1.0
2287531194	1.0
2288702126	1.0
2289003858	1.0
228977783	1.0
2290379611	1.0
2291026128	1.0
229141520	1.0
229179832	1.0
2291997421	1.0
2292177032	1.0
2293403262	1.0
2293885094	1.0
229412585	1.0
2294809898	1.0
22949704	1.0
2295050682	1.0
22960069	1.0
229656797	1.0
229726608	1.0
2297325180	1.0
2297391606	1.0
2297518694	1.0
2298030908	1.0
2298393194	1.0
229848310	1.0
2300464068	1.0
2302111766	1.0
230227952	1.0
2302298804	1.0
230254138	1.0
2302598977	1.0
23028301	1.0
2303053614	1.0
2304652212	1.0
2304817231	1.0
2305140048	1.0
23059499	1.0
230609065	1.0
23065897	1.0
2306868572	1.0
2307248647	1.0
23084050	1.0
23093161	1.0
2311328749	1.0
2311427814	1.0
231164809	1.0
2312019728	1.0
231282700	1.0
23131068	1.0
2313164726	1.0
23133870	1.0
2314227612	1.0
2314270747	1.0
2314532492	1.0
231494313	1.0
2315241744	1.0
2315274787	1.0
231582881	1.0
2315988728	1.0
2316310555	1.0
2317336524	1.0
2317438183	1.0
2317833127	1.0
2319092342	1.0
2319599660	1.0
2319600132	1.0
2320863031	1.0
2321168600	1.0
2321350494	1.0
2321522203	1.0
23221109	1.0
2322963240	1.0
2322968462	1.0
2324022344	1.0
2324990623	1.0
232503690	1.0
232603676	1.0
23269592	1.0
23285206	1.0
2328972139	1.0
2329199215	1.0
2329595875	1.0
232963053	1.0
2329754462	1.0
2330594815	1.0
2332557906	1.0
23331419	1.0
2334410965	1.0
2334614718	1.0
2334681132	1.0
2335651058	1.0
233566392	1.0
23368614	1.0
233704756	1.0
23393259	1.0
23400557	1.0
23409323	1.0
23409407	1.0
2341038491	1.0
2341281566	1.0
2341358222	1.0
2341445778	1.0
2341543052	1.0
2341918375	1.0
23420231	1.0
2342215530	1.0
2342591485	1.0
2342763212	1.0
23434774	1.0
2343953910	1.0
2344531388	1.0
2344619544	1.0
234516403	1.0
2345522113	1.0
234576928	1.0
2346652446	1.0
2347049569	1.0
2348716116	1.0
234881342	1.0
2348871315	1.0
2349386298	1.0
2349604986	1.0
234990690	1.0
2350639447	1.0
2350728631	1.0
2351076098	1.0
23518353	1.0
2353511190	1.0
2353552285	1.0
2353975496	1.0
235422006	1.0
235494818	1.0
2355225980	1.0
2355258919	1.0
2355444464	1.0
235648313	1.0
2356631918	1.0
2357782172	1.0
2357835411	1.0
2359276710	1.0
2361116670	1.0
2361410524	1.0
2362277231	1.0
2363504850	1.0
236387997	1.0
2363914387	1.0
2364038506	1.0
2364495792	1.0
2364728233	1.0
2364889134	1.0
236520510	1.0
23656286	1.0
2366303634	1.0
236648634	1.0
2366528114	1.0
23665498	1.0
2368238768	1.0
2369236911	1.0
2369289710	1.0
2369308483	1.0
23694512	1.0
236960559	1.0
2371001545	1.0
2371173529	1.0
2371387338	1.0
2372014244	1.0
2372162220	1.0
2373273025	1.0
2373671456	1.0
2373813025	1.0
2373819572	1.0
2374027874	1.0
237425641	1.0
2374404228	1.0
237591901	1.0
2376070188	1.0
2376390996	1.0
2376617646	1.0
237714644	1.0
23792255	1.0
237988530	1.0
238013898	1.0
2380491180	1.0
2381409420	1.0
2383634756	1.0
2383717754	1.0
238411032	1.0
238555087	1.0
2385812455	1.0
2385851994	1.0
2385944899	1.0
2386248745	1.0
23881645	1.0
238936702	1.0
239080208	1.0
2391718256	1.0
2392077660	1.0
2394550880	1.0
2394624246	1.0
2394993860	1.0
23954327	1.0
2395725385	1.0
2396930972	1.0
2398137084	1.0
2398532839	1.0
2398658929	1.0
2398847761	1.0
2399337037	1.0
239939002	1.0
2399391152	1.0
2399527458	1.0
2399834502	1.0
2400287502	1.0
240033834	1.0
2400446299	1.0
2400480938	1.0
2400601442	1.0
2400809395	1.0
2401255520	1.0
2401334202	1.0
240185280	1.0
2402287723	1.0
2402357612	1.0
2402584634	1.0
2403446119	1.0
2403787108	1.0
24040931	1.0
2405169193	1.0
2405531310	1.0
2407502291	1.0
240775180	1.0
2407817682	1.0
2407879965	1.0
2408337535	1.0
2409124448	1.0
2409129084	1.0
2409197628	1.0
2409554736	1.0
2411148931	1.0
2411740520	1.0
2411998718	1.0
241205239	1.0
2412346352	1.0
2412746016	1.0
2412858253	1.0
2413556592	1.0
2413897500	1.0
2413901845	1.0
2414124386	1.0
2414656938	1.0
241582083	1.0
2415908742	1.0
2417020256	1.0
241732378	1.0
2417675437	1.0
2417993377	1.0
2418486325	1.0
2419094443	1.0
2419162136	1.0
2419472630	1.0
242006769	1.0
2420713926	1.0
2420774935	1.0
24210676	1.0
242114389	1.0
2422681957	1.0
2422703600	1.0
24229126	1.0
2423293340	1.0
2423766300	1.0
2424241236	1.0
2424364068	1.0
2424552684	1.0
242469235	1.0
2425399141	1.0
2426037691	1.0
2426471287	1.0
242706639	1.0
2427357128	1.0
2427717919	1.0
2427773827	1.0
2427811237	1.0
2428243346	1.0
2428916787	1.0
2429328553	1.0
242954869	1.0
2429554514	1.0
2429857154	1.0
2430039230	1.0
2430178969	1.0
2430214135	1.0
2430692664	1.0
2430919999	1.0
2431112274	1.0
2431469324	1.0
2431469365	1.0
2431560098	1.0
2431563888	1.0
2431962474	1.0
2432456940	1.0
2433030943	1.0
2433161322	1.0
243318995	1.0
2433237991	1.0
243331655	1.0
2433399133	1.0
2433559154	1.0
2433737982	1.0
2433795890	1.0
2433897396	1.0
2434295839	1.0
2434816278	1.0
2435097210	1.0
24353445	1.0
2435786581	1.0
2435931235	1.0
243618345	1.0
2436306917	1.0
243645538	1.0
2436464876	1.0
2436574704	1.0
2437228290	1.0
2437345560	1.0
2437432268	1.0
2437527103	1.0
2437898124	1.0
243825288	1.0
2438988133	1.0
2438992889	1.0
2439071094	1.0
2439074089	1.0
2439709722	1.0
24403493	1.0
2440536794	1.0
2440758955	1.0
2440894303	1.0
2440944728	1.0
2441035322	1.0
24410456	1.0
2441166338	1.0
2441177480	1.0
2441234647	1.0
2441277408	1.0
2441513833	1.0
2441590862	1.0
2442506906	1.0
2442879740	1.0
2443141226	1.0
24432664	1.0
2444922048	1.0
2445382134	1.0
2445565417	1.0
244564036	1.0
2445864164	1.0
2446282075	1.0
2446369843	1.0
244677736	1.0
2447098447	1.0
2447351600	1.0
2447901655	1.0
2447928920	1.0
2447962082	1.0
2447967798	1.0
2448524059	1.0
2448859862	1.0
2449238888	1.0
2449342321	1.0
24509699	1.0
2451401162	1.0
24515114	1.0
2451660901	1.0
2451710119	1.0
2451977599	1.0
2452116132	1.0
2452122962	1.0
2452168122	1.0
2452241491	1.0
2452767372	1.0
2453046745	1.0
2453333708	1.0
245475764	1.0
2455275456	1.0
2455582472	1.0
2455667970	1.0
2456015623	1.0
2456447149	1.0
2456836447	1.0
2456850254	1.0
2457018552	1.0
2457135631	1.0
245723776	1.0
2457414422	1.0
2457516126	1.0
2457833663	1.0
2458002474	1.0
2458412982	1.0
2458947588	1.0
2458964328	1.0
2459188800	1.0
2459484787	1.0
2459994672	1.0
2460415308	1.0
2460552805	1.0
2460797539	1.0
2460843212	1.0
24609836	1.0
2461090021	1.0
246134345	1.0
2461556142	1.0
24618777	1.0
246248928	1.0
2462992933	1.0
2463188461	1.0
2463334585	1.0
246338946	1.0
2463974346	1.0
2464026949	1.0
2464284763	1.0
24648540	1.0
2465991367	1.0
2466015984	1.0
2466987067	1.0
2467213297	1.0
2467342878	1.0
2467549892	1.0
2467588464	1.0
2467914348	1.0
24680689	1.0
2468326928	1.0
2468355906	1.0
2468917100	1.0
2469350898	1.0
24696001	1.0
2469960229	1.0
2471368838	1.0
2471488147	1.0
2471879203	1.0
2472415335	1.0
24732019	1.0
247391816	1.0
2474497338	1.0
2475368160	1.0
2475892022	1.0
247609940	1.0
24763036	1.0
2476955233	1.0
2477081305	1.0
2477281189	1.0
2477345347	1.0
24773922	1.0
2477525948	1.0
247780932	1.0
2478748854	1.0
2478778274	1.0
2478981685	1.0
247901684	1.0
247946309	1.0
2480246893	1.0
24808228	1.0
2481524150	1.0
2482407307	1.0
2482710715	1.0
2483381707	1.0
248372234	1.0
248401870	1.0
2484323647	1.0
2484337225	1.0
2484494197	1.0
2484513824	1.0
248749158	1.0
248836670	1.0
2488851054	1.0
2489558197	1.0
2490834003	1.0
2491481930	1.0
2491897104	1.0
24925062	1.0
24941044	1.0
2495542669	1.0
24960249	1.0
2496073711	1.0
2496832734	1.0
2497045194	1.0
249907007	1.0
2499352022	1.0
25013841	1.0
2502904729	1.0
2502970082	1.0
2506307970	1.0
2507181212	1.0
2507495906	1.0
250758475	1.0
250785407	1.0
2508727218	1.0
2509490906	1.0
251092819	1.0
2510957265	1.0
2511509383	1.0
2512416025	1.0
2513161543	1.0
2513733852	1.0
2513809958	1.0
2514026192	1.0
2516249520	1.0
251660478	1.0
2516675941	1.0
25185828	1.0
2518870585	1.0
2520602246	1.0
2520719083	1.0
252130524	1.0
2522382476	1.0
2522903221	1.0
2523014592	1.0
2523483728	1.0
25243724	1.0
252530515	1.0
2525892205	1.0
2526921303	1.0
2527494464	1.0
2527511184	1.0
2531566951	1.0
2531971782	1.0
2532829262	1.0
25331628	1.0
2533183399	1.0
253483915	1.0
25360971	1.0
25366284	1.0
2538117242	1.0
2538221346	1.0
25396291	1.0
25399535	1.0
2540665153	1.0
254136706	1.0
254207829	1.0
254228322	1.0
254232727	1.0
2542559888	1.0
254280603	1.0
2543042814	1.0
254305228	1.0
254345961	1.0
2543505635	1.0
2544001098	1.0
2544217964	1.0
254507476	1.0
2545125114	1.0
2545263044	1.0
2545296044	1.0
2546418334	1.0
2546899920	1.0
2546974418	1.0
25473303	1.0
2547458076	1.0
2547577723	1.0
2547605779	1.0
2548156224	1.0
2548341984	1.0
2548348537	1.0
2548424136	1.0
2548454875	1.0
2548497230	1.0
2548751058	1.0
2548766216	1.0
2548789856	1.0
254908062	1.0
2549098015	1.0
2549123088	1.0
2549445512	1.0
254953707	1.0
2549723574	1.0
2549855790	1.0
2549877990	1.0
2549896526	1.0
2549990030	1.0
2550010632	1.0
2550806222	1.0
2550859334	1.0
2550976747	1.0
255249826	1.0
255319156	1.0
25535586	1.0
2554107798	1.0
2554811497	1.0
2556820691	1.0
2557515984	1.0
2557652040	1.0
2558260549	1.0
2558859198	1.0
2559031353	1.0
255996385	1.0
2561724956	1.0
2562104737	1.0
2564981	1.0
2567518027	1.0
25691224	1.0
2569155864	1.0
2570001	1.0
2570216542	1.0
2570233256	1.0
257037374	1.0
2570479190	1.0
257074833	1.0
2570872131	1.0
257111338	1.0
2571590701	1.0
257211283	1.0
25728663	1.0
2573551328	1.0
2574112584	1.0
2575101426	1.0
2576304205	1.0
25770215	1.0
2577380516	1.0
257805760	1.0
2579477766	1.0
2580518747	1.0
2580713054	1.0
258216150	1.0
25827743	1.0
25828514	1.0
25828527	1.0
2582880452	1.0
2582977038	1.0
2583551816	1.0
258372647	1.0
2584146662	1.0
2585209226	1.0
2585404027	1.0
2586315260	1.0
2586354205	1.0
2587943407	1.0
258893411	1.0
258898141	1.0
25892484	1.0
2590325786	1.0
2590675464	1.0
25906852	1.0
2591771400	1.0
2592273597	1.0
2592536545	1.0
2593571024	1.0
2593739383	1.0
2594326794	1.0
2594930994	1.0
2595519847	1.0
259554796	1.0
2596288916	1.0
2597068002	1.0
259795115	1.0
2600389056	1.0
2600623928	1.0
26009167	1.0
26012309	1.0
2601272977	1.0
260380754	1.0
260408207	1.0
26046662	1.0
2605384560	1.0
260559365	1.0
2607611453	1.0
260804576	1.0
2609555142	1.0
26100789	1.0
26101798	1.0
2610865814	1.0
2611581830	1.0
2612607522	1.0
2613531324	1.0
2614076311	1.0
2614169172	1.0
2614480104	1.0
2615738922	1.0
2616078031	1.0
261705971	1.0
26170805	1.0
26191703	1.0
26192006	1.0
26231474	1.0
262475315	1.0
26250595	1.0
262592705	1.0
2625949894	1.0
262763182	1.0
26293572	1.0
263276880	1.0
2633998622	1.0
263461999	1.0
2635765061	1.0
263873737	1.0
264153788	1.0
2641565950	1.0
264308166	1.0
264624088	1.0
2646419491	1.0
26468371	1.0
2648434771	1.0
265066062	1.0
2656454198	1.0
26574283	1.0
2657436853	1.0
2657738660	1.0
2659473481	1.0
26605563	1.0
2662031333	1.0
26621851	1.0
266227773	1.0
2662319473	1.0
2662398010	1.0
2662475986	1.0
2663503780	1.0
2664415705	1.0
2664521455	1.0
2664773935	1.0
2666229565	1.0
266721246	1.0
2668381109	1.0
26699062	1.0
266992898	1.0
26705006	1.0
267149304	1.0
267310661	1.0
26736040	1.0
267384172	1.0
2674489975	1.0
267471777	1.0
2675018526	1.0
2675575645	1.0
2676674210	1.0
2676762737	1.0
26775476	1.0
267802367	1.0
2678090893	1.0
2679081186	1.0
268006481	1.0
2684011837	1.0
26849804	1.0
268579450	1.0
2686078278	1.0
2687288359	1.0
2687624274	1.0
2687819936	1.0
2688337855	1.0
26884129	1.0
268844094	1.0
2688470512	1.0
2688542402	1.0
2688686191	1.0
2688795049	1.0
2689570814	1.0
2689732152	1.0
2689877132	1.0
2689880504	1.0
2689892654	1.0
2689915794	1.0
26899727	1.0
2690002717	1.0
2690213130	1.0
2690366960	1.0
2690621580	1.0
2690637547	1.0
2690665146	1.0
2690708125	1.0
2690819250	1.0
2690874529	1.0
2690880577	1.0
2691922597	1.0
2692801200	1.0
269294861	1.0
2693713662	1.0
2693791370	1.0
2693814990	1.0
2693910080	1.0
2694089544	1.0
2694161869	1.0
2694624362	1.0
2694662244	1.0
269505972	1.0
2695594412	1.0
2695899913	1.0
2695900904	1.0
2696097134	1.0
2696324868	1.0
2696559390	1.0
2696585702	1.0
2696862205	1.0
2698977878	1.0
2699557074	1.0
2699591221	1.0
2700086005	1.0
2700266765	1.0
2700615403	1.0
270125360	1.0
2701436990	1.0
2701496070	1.0
2701794086	1.0
2703101706	1.0
270430076	1.0
2705298391	1.0
2705919258	1.0
270597782	1.0
2707222694	1.0
2707246902	1.0
27079510	1.0
2709019986	1.0
270971628	1.0
271002958	1.0
27103664	1.0
2710595881	1.0
271099845	1.0
271138078	1.0
271143276	1.0
2711628616	1.0
2711726433	1.0
271211220	1.0
271361465	1.0
2713659063	1.0
271466595	1.0
2714985810	1.0
2715894908	1.0
271618423	1.0
2716261360	1.0
2716326589	1.0
2717697042	1.0
2720144785	1.0
272085122	1.0
272125054	1.0
272178433	1.0
2722167346	1.0
272357654	1.0
272487947	1.0
27289559	1.0
2730167084	1.0
2730423494	1.0
273117809	1.0
2731385984	1.0
2731859877	1.0
2731989089	1.0
2732425088	1.0
2732498090	1.0
2735458209	1.0
2735568390	1.0
27359464	1.0
273645645	1.0
2736659260	1.0
2737173747	1.0
2737519909	1.0
2737832680	1.0
2737924896	1.0
2738270835	1.0
2738651650	1.0
2738952436	1.0
2739044695	1.0
2739781156	1.0
273984441	1.0
2739857289	1.0
2740013001	1.0
2740926376	1.0
274109345	1.0
2741402788	1.0
2741816900	1.0
2742137299	1.0
2742287301	1.0
2742786597	1.0
2743641378	1.0
2743744946	1.0
2745075751	1.0
2746265676	1.0
2746342691	1.0
274646034	1.0
2746598829	1.0
2746667618	1.0
2746880920	1.0
2746952052	1.0
2747096669	1.0
2747217973	1.0
2747398030	1.0
2747583881	1.0
2747588848	1.0
2747700453	1.0
2747965469	1.0
2748403698	1.0
2748448133	1.0
2749152885	1.0
2749457926	1.0
2749558517	1.0
2749707221	1.0
2750545378	1.0
275099779	1.0
2751069308	1.0
2751146074	1.0
2751194333	1.0
2751257343	1.0
2751520283	1.0
2751550606	1.0
2751805497	1.0
2751890410	1.0
2751982143	1.0
2751992195	1.0
2752132558	1.0
2752148602	1.0
2752429100	1.0
2752458748	1.0
2752710693	1.0
2752838548	1.0
2752958391	1.0
2753036032	1.0
2753041300	1.0
2753093987	1.0
2753314281	1.0
2753418735	1.0
2754088175	1.0
2754090695	1.0
2754250706	1.0
2754266770	1.0
2754286829	1.0
2754596674	1.0
2754696185	1.0
2754702379	1.0
2754744741	1.0
2754748674	1.0
2754778120	1.0
2755288803	1.0
2755302647	1.0
2755476141	1.0
2755527814	1.0
2755733193	1.0
2755842107	1.0
2756555216	1.0
275667670	1.0
2756726384	1.0
2757042696	1.0
2757047259	1.0
2757062206	1.0
2757177062	1.0
2757273835	1.0
2757383741	1.0
2757388535	1.0
2757424648	1.0
2757833652	1.0
2757958901	1.0
2758001153	1.0
2758004979	1.0
2758014063	1.0
2758018414	1.0
2758032352	1.0
2758037717	1.0
2758041143	1.0
2758072168	1.0
275822906	1.0
2758377628	1.0
2758506003	1.0
27585679	1.0
2758585953	1.0
2758896709	1.0
2758996683	1.0
2759094929	1.0
2759235773	1.0
2759305931	1.0
2759321501	1.0
275942684	1.0
275952717	1.0
2759740398	1.0
2759796531	1.0
2760578693	1.0
2760808768	1.0
2760879996	1.0
2760957474	1.0
2761005039	1.0
276126434	1.0
2761566520	1.0
2761629659	1.0
2761659017	1.0
2761667332	1.0
2761689081	1.0
2761705509	1.0
2761747339	1.0
2761778417	1.0
2761781951	1.0
2761820278	1.0
2761860903	1.0
27618790	1.0
2762026605	1.0
2762046815	1.0
2762097711	1.0
2762235879	1.0
2762245365	1.0
2762645214	1.0
2762675417	1.0
2762727623	1.0
2762865321	1.0
2762939720	1.0
2762944234	1.0
2763013478	1.0
2763315303	1.0
276334529	1.0
2763593074	1.0
2763635783	1.0
2763919606	1.0
2763956898	1.0
2764088429	1.0
2764398179	1.0
2764633060	1.0
2764638280	1.0
2764739508	1.0
2765603292	1.0
2765612307	1.0
2765624577	1.0
2765730322	1.0
2765787281	1.0
2766059960	1.0
2766082990	1.0
2766115745	1.0
2766161915	1.0
2766256143	1.0
2766605890	1.0
276679058	1.0
2766858219	1.0
2766864087	1.0
2767004849	1.0
2767158941	1.0
2767186835	1.0
2767265003	1.0
2767855283	1.0
2767950287	1.0
2768069109	1.0
2768182809	1.0
2768196976	1.0
276829677	1.0
2768299137	1.0
2768395575	1.0
2768403356	1.0
2768419857	1.0
2768552889	1.0
2769016313	1.0
2769130925	1.0
2769362001	1.0
2769528423	1.0
2769703270	1.0
2769811354	1.0
2770608200	1.0
2770792169	1.0
2770820787	1.0
2770828156	1.0
2771954373	1.0
2772010364	1.0
277219335	1.0
27724029	1.0
27725668	1.0
2773040013	1.0
2773188592	1.0
27734496	1.0
2773514064	1.0
2773640069	1.0
2773644496	1.0
2773688905	1.0
2774262549	1.0
2774380985	1.0
2774731351	1.0
2775242860	1.0
277561227	1.0
277618799	1.0
2776939101	1.0
2776980665	1.0
2777101742	1.0
2777126336	1.0
2777353337	1.0
2777786091	1.0
2777878690	1.0
2778182643	1.0
2778706062	1.0
2778809762	1.0
2779291541	1.0
2779374238	1.0
2779474599	1.0
2780117446	1.0
2780155305	1.0
2780531997	1.0
278090765	1.0
27809814	1.0
2781523419	1.0
2781550178	1.0
2781810656	1.0
2782036363	1.0
2782062341	1.0
2782376599	1.0
2782686796	1.0
27828974	1.0
2782910871	1.0
2782953538	1.0
2783242593	1.0
2783314897	1.0
2783340112	1.0
2783471525	1.0
2784168617	1.0
2784757491	1.0
2785023952	1.0
2785049536	1.0
2785069703	1.0
2785169000	1.0
2785328266	1.0
278584330	1.0
2785894342	1.0
2786042901	1.0
2786113012	1.0
2786295634	1.0
2786447685	1.0
2786934532	1.0
2787084424	1.0
2787363167	1.0
2787735928	1.0
2787826627	1.0
2788369540	1.0
2788398967	1.0
2788588083	1.0
2788723941	1.0
2788883017	1.0
2789017005	1.0
278995634	1.0
2790075131	1.0
2790358110	1.0
2790363503	1.0
2790369209	1.0
2790390946	1.0
2790393664	1.0
2790407694	1.0
2790545412	1.0
2791102042	1.0
2792041422	1.0
27923233	1.0
2792675129	1.0
2792767959	1.0
2792802479	1.0
2792936242	1.0
2793185561	1.0
2793370043	1.0
2793372045	1.0
2793376878	1.0
2793383223	1.0
2793688485	1.0
2793918427	1.0
2794252005	1.0
2794804156	1.0
2795702795	1.0
2795789015	1.0
279585313	1.0
2796004904	1.0
2796866333	1.0
2796938558	1.0
27971592	1.0
2797704688	1.0
2797714918	1.0
279786446	1.0
2798460002	1.0
2798701	1.0
2798829562	1.0
27990259	1.0
2799908841	1.0
2800005597	1.0
2801179914	1.0
2801259520	1.0
2801334731	1.0
2801474746	1.0
2802003115	1.0
2802289489	1.0
2802578580	1.0
2803098295	1.0
28031074	1.0
2803375610	1.0
2803574543	1.0
28040308	1.0
2804036364	1.0
2804870168	1.0
2805252240	1.0
2806070984	1.0
2806294664	1.0
2806394569	1.0
2808738798	1.0
2810700994	1.0
2811901524	1.0
281229500	1.0
281293538	1.0
2812960932	1.0
2812985849	1.0
2813095044	1.0
281325712	1.0
2813468532	1.0
2813480010	1.0
2813492280	1.0
2813520439	1.0
2813546611	1.0
2813549575	1.0
28137012	1.0
2813981196	1.0
281408254	1.0
2814172134	1.0
2814663165	1.0
2814840025	1.0
2814888799	1.0
2815380997	1.0
281588903	1.0
2815979137	1.0
28164923	1.0
28167086	1.0
2817303490	1.0
281795966	1.0
2817966517	1.0
2818012008	1.0
2818198537	1.0
2818243225	1.0
2818760479	1.0
2818985232	1.0
2819256792	1.0
281955649	1.0
2820135667	1.0
2820414090	1.0
2820450228	1.0
2820521167	1.0
2821393991	1.0
28221389	1.0
2822379212	1.0
2823145225	1.0
2823147779	1.0
2823188604	1.0
2823193770	1.0
2823257707	1.0
282349518	1.0
2823763911	1.0
2825071862	1.0
2825270328	1.0
2825810342	1.0
282599080	1.0
28263739	1.0
2826674667	1.0
2827417141	1.0
2827442674	1.0
2828273607	1.0
2828274108	1.0
2828456851	1.0
28289402	1.0
2830105093	1.0
283012565	1.0
2830318542	1.0
283048190	1.0
2830903194	1.0
2834541675	1.0
2836657442	1.0
2837165382	1.0
28372030	1.0
2837841	1.0
28381768	1.0
283969398	1.0
2839975129	1.0
2840105555	1.0
2840234932	1.0
28402887	1.0
2840319232	1.0
284044769	1.0
2841194833	1.0
2841516743	1.0
284174585	1.0
2842269627	1.0
28425090	1.0
2842852898	1.0
2843213793	1.0
2844521283	1.0
2844758418	1.0
2846237865	1.0
2846650551	1.0
284667903	1.0
2847020799	1.0
2847302014	1.0
2848072954	1.0
284849163	1.0
2848864980	1.0
2849030764	1.0
2849131247	1.0
2849226865	1.0
284946253	1.0
2850153345	1.0
2850345055	1.0
2850592417	1.0
2851185024	1.0
2853392013	1.0
28538854	1.0
2855355331	1.0
285594128	1.0
2857000499	1.0
285706984	1.0
28571999	1.0
2857355741	1.0
285738285	1.0
2857505232	1.0
285871622	1.0
2858949710	1.0
2859275388	1.0
2859426516	1.0
28600400	1.0
286006788	1.0
28618520	1.0
286241251	1.0
2862758476	1.0
2862909478	1.0
2863019401	1.0
2863635291	1.0
2864193298	1.0
286427074	1.0
2864524709	1.0
286774989	1.0
2868036082	1.0
2868125596	1.0
286872188	1.0
2869074334	1.0
2869897174	1.0
2870145192	1.0
2872791845	1.0
2873426073	1.0
2873457441	1.0
2874302062	1.0
287441095	1.0
2874489085	1.0
2874538467	1.0
2875196356	1.0
28755331	1.0
2875715945	1.0
2875909930	1.0
28769199	1.0
2877539236	1.0
2878623047	1.0
2878895430	1.0
287910843	1.0
287966215	1.0
2879846194	1.0
2880068579	1.0
2880143019	1.0
2880175250	1.0
28803148	1.0
2880369196	1.0
28815213	1.0
2881595931	1.0
288286101	1.0
288303766	1.0
2883467183	1.0
2883711988	1.0
28838306	1.0
2883878790	1.0
2883907999	1.0
2885532683	1.0
2886050423	1.0
2886084567	1.0
28863327	1.0
2888729354	1.0
2888882327	1.0
2889807635	1.0
2889858040	1.0
2890701232	1.0
2891014893	1.0
289104912	1.0
28917096	1.0
2893115784	1.0
2893134987	1.0
2894688159	1.0
2894712106	1.0
2894750572	1.0
2894916328	1.0
2894977510	1.0
2895037234	1.0
2895073336	1.0
2895127227	1.0
2895270117	1.0
2895272943	1.0
2895281099	1.0
2895310293	1.0
2895355835	1.0
2895372119	1.0
2895378118	1.0
2895382799	1.0
2895386902	1.0
2895389277	1.0
2895398255	1.0
2895403390	1.0
2895418323	1.0
2895424822	1.0
2895428517	1.0
2895460517	1.0
2895464639	1.0
2895505018	1.0
2895511216	1.0
2895518300	1.0
2895525310	1.0
289556231	1.0
2895578956	1.0
2895651573	1.0
2895887071	1.0
2895967803	1.0
2896059335	1.0
2896131543	1.0
2896552577	1.0
2896651557	1.0
2896692645	1.0
2896801510	1.0
2896916872	1.0
2896958137	1.0
2897001791	1.0
2897077666	1.0
2897149472	1.0
2897498647	1.0
2897551642	1.0
2897850910	1.0
2898093386	1.0
2898274101	1.0
2898440841	1.0
2901123513	1.0
2902029266	1.0
2902216326	1.0
2902969040	1.0
2903001760	1.0
2903110151	1.0
2903269091	1.0
2903843159	1.0
2903933126	1.0
2904196516	1.0
2904610481	1.0
2904641538	1.0
2904643643	1.0
2904875196	1.0
290535225	1.0
2905636554	1.0
290635145	1.0
2908435338	1.0
2908494810	1.0
2908625013	1.0
290922075	1.0
2911376125	1.0
2912091884	1.0
2912513947	1.0
2912736918	1.0
2912967347	1.0
2912980432	1.0
2913023527	1.0
2915023888	1.0
2915039698	1.0
2915103594	1.0
29157032	1.0
2917083711	1.0
2917783564	1.0
2917972925	1.0
29185148	1.0
2920160187	1.0
2920448947	1.0
2920720174	1.0
2921811167	1.0
2921952326	1.0
2922793359	1.0
2923161125	1.0
2923205548	1.0
2924234608	1.0
2924623681	1.0
2925204334	1.0
2925308775	1.0
2926591872	1.0
292716961	1.0
2928995946	1.0
29315609	1.0
2931656797	1.0
2931684557	1.0
29323628	1.0
2933058848	1.0
2933447393	1.0
2934024528	1.0
29341599	1.0
2934684204	1.0
293550313	1.0
2936006231	1.0
293607250	1.0
293751993	1.0
2938271	1.0
2939297001	1.0
2939652681	1.0
294058898	1.0
294160927	1.0
2945111705	1.0
2945396869	1.0
2945638013	1.0
2945948723	1.0
2946623685	1.0
2946624364	1.0
294682872	1.0
2947838270	1.0
2949170655	1.0
2949826379	1.0
2950905753	1.0
2950990932	1.0
2952217727	1.0
2952409203	1.0
295299583	1.0
29533988	1.0
2953529908	1.0
29557958	1.0
2955972622	1.0
2956204705	1.0
2956974718	1.0
2957004662	1.0
2957014948	1.0
2957447799	1.0
2957470156	1.0
2957497080	1.0
2957793492	1.0
2957837847	1.0
2960231085	1.0
29618541	1.0
2962375990	1.0
2962634187	1.0
2964569193	1.0
296636214	1.0
2967945348	1.0
296804226	1.0
2968210600	1.0
2968256134	1.0
2968276594	1.0
2968301068	1.0
2968398126	1.0
2968704831	1.0
2968815778	1.0
296915175	1.0
296924721	1.0
296947400	1.0
2969819560	1.0
2971379765	1.0
2973147219	1.0
29737876	1.0
2974027611	1.0
2974323027	1.0
29748372	1.0
2974858709	1.0
2977467859	1.0
2978056401	1.0
297817296	1.0
2979331109	1.0
2979886367	1.0
2981182130	1.0
2981416106	1.0
2981617769	1.0
298218590	1.0
2983182948	1.0
2984242248	1.0
2985147995	1.0
2985818862	1.0
2986202697	1.0
2986365485	1.0
29870954	1.0
298746750	1.0
2987537122	1.0
2988742673	1.0
2990106209	1.0
2990706009	1.0
2991114906	1.0
2991142287	1.0
2991256428	1.0
2991767790	1.0
29927236	1.0
299413616	1.0
2994454250	1.0
2994774947	1.0
2994993419	1.0
299539715	1.0
29955111	1.0
2996632821	1.0
2997013028	1.0
2997350589	1.0
2997560252	1.0
2997737550	1.0
2998159793	1.0
29988256	1.0
299891017	1.0
299943599	1.0
2999464231	1.0
2999658401	1.0
2999672518	1.0
2999735878	1.0
2999752275	1.0
2999804950	1.0
2999842234	1.0
3000215526	1.0
30012714	1.0
3002100596	1.0
3002257200	1.0
300235486	1.0
300488362	1.0
3005559517	1.0
3005585554	1.0
3006987760	1.0
3007426797	1.0
3007704313	1.0
3008614621	1.0
3009819962	1.0
3010725104	1.0
3010751912	1.0
3010837787	1.0
3011436775	1.0
3011681420	1.0
3012114444	1.0
3012117156	1.0
3012147210	1.0
3012215264	1.0
3012220333	1.0
301225161	1.0
3012409231	1.0
3012446198	1.0
3012454927	1.0
3012496645	1.0
3012666504	1.0
3012838345	1.0
301363956	1.0
3014211659	1.0
30149549	1.0
3015464547	1.0
3015937503	1.0
301634641	1.0
3016371735	1.0
3016441887	1.0
3016858651	1.0
301731134	1.0
3017626887	1.0
3017654325	1.0
3017699838	1.0
3018136305	1.0
3018224861	1.0
3018513503	1.0
3018617616	1.0
3018682291	1.0
3018836009	1.0
3019480997	1.0
3019890759	1.0
3022343638	1.0
3022533471	1.0
3022668393	1.0
302273348	1.0
3022739430	1.0
3022875832	1.0
3022903949	1.0
3023048847	1.0
3023055089	1.0
3023094207	1.0
3023184237	1.0
3023193112	1.0
3023215419	1.0
3023217659	1.0
3023219619	1.0
3023250329	1.0
3023250627	1.0
3023251397	1.0
3023254881	1.0
3023263823	1.0
3023338204	1.0
302349992	1.0
3023637538	1.0
302400861	1.0
3024207885	1.0
302427757	1.0
302545862	1.0
3025587754	1.0
3025937891	1.0
3026227839	1.0
3026920238	1.0
3026997355	1.0
3027579419	1.0
3027634724	1.0
3028247079	1.0
3028986579	1.0
3029090631	1.0
3029426344	1.0
302951876	1.0
3030449423	1.0
3031182821	1.0
3031723380	1.0
30322151	1.0
3032706416	1.0
303278822	1.0
3033188231	1.0
3033207830	1.0
3033480629	1.0
3035804476	1.0
303590335	1.0
3037061194	1.0
303764580	1.0
3037735825	1.0
3037839954	1.0
3038256952	1.0
3038329518	1.0
3038817992	1.0
3039494043	1.0
303968801	1.0
3040395718	1.0
30404396	1.0
3040696495	1.0
3040832363	1.0
3040956619	1.0
304099486	1.0
3041358687	1.0
304202454	1.0
30422978	1.0
3042440150	1.0
3043312763	1.0
3044159284	1.0
3044774013	1.0
3045408737	1.0
3047425012	1.0
3047606012	1.0
3048189131	1.0
3049639986	1.0
3051829922	1.0
305216074	1.0
3052509402	1.0
3053651819	1.0
3054124897	1.0
3054214751	1.0
3054344943	1.0
3054346369	1.0
3055162358	1.0
3055641318	1.0
3055756890	1.0
3056150047	1.0
3056385843	1.0
305685110	1.0
3057210684	1.0
305821203	1.0
3058970304	1.0
3059204524	1.0
3059429526	1.0
3059592298	1.0
306074476	1.0
306193299	1.0
3062071730	1.0
3062949434	1.0
3063353547	1.0
3063418949	1.0
30641157	1.0
3064388656	1.0
3064499531	1.0
3064520638	1.0
3064653303	1.0
3065074336	1.0
3065964106	1.0
3065985377	1.0
3066071951	1.0
3066198028	1.0
3066380613	1.0
3066445547	1.0
3066545500	1.0
3067072911	1.0
3067358270	1.0
3068563303	1.0
3069051065	1.0
30694719	1.0
3072280286	1.0
3073103655	1.0
3073241957	1.0
30736948	1.0
3075212357	1.0
307669289	1.0
3077676425	1.0
308058864	1.0
3082188466	1.0
3082216233	1.0
308502637	1.0
3087769032	1.0
3089755275	1.0
3090419415	1.0
3091014032	1.0
3091077265	1.0
30913882	1.0
3091880403	1.0
3091884801	1.0
3091904206	1.0
309342441	1.0
3093709537	1.0
30940468	1.0
30946410	1.0
30951174	1.0
3095436401	1.0
309574588	1.0
30983589	1.0
31001654	1.0
3100250551	1.0
3101996487	1.0
3103803095	1.0
31038303	1.0
310466490	1.0
310604241	1.0
31064165	1.0
3108351	1.0
311040881	1.0
3112422220	1.0
31175797	1.0
31181566	1.0
311852242	1.0
312266530	1.0
312280698	1.0
312442664	1.0
312664499	1.0
312681971	1.0
312785410	1.0
312848810	1.0
31288110	1.0
313353130	1.0
313525664	1.0
313888969	1.0
314005753	1.0
314251966	1.0
314281991	1.0
31429565	1.0
314295655	1.0
314346929	1.0
314515725	1.0
314525100	1.0
314695175	1.0
315380373	1.0
315620847	1.0
31566066	1.0
315783277	1.0
315880622	1.0
316319018	1.0
316766037	1.0
316960435	1.0
317039841	1.0
317574792	1.0
317714245	1.0
318171818	1.0
318630104	1.0
318666070	1.0
31892617	1.0
319084057	1.0
319102548	1.0
319522097	1.0
319727721	1.0
320039724	1.0
320235595	1.0
320365482	1.0
320694748	1.0
32161395	1.0
321692995	1.0
322138756	1.0
322139329	1.0
32227044	1.0
322650695	1.0
32280068	1.0
322910032	1.0
322940319	1.0
322963627	1.0
32345912	1.0
32362720	1.0
323808915	1.0
323845126	1.0
32389968	1.0
324167015	1.0
324459250	1.0
324995389	1.0
32516638	1.0
32527206	1.0
32586099	1.0
326404886	1.0
326629646	1.0
32778531	1.0
328265166	1.0
32880742	1.0
328878936	1.0
329787485	1.0
329838136	1.0
330129840	1.0
330196261	1.0
330293740	1.0
33042193	1.0
330433460	1.0
330845166	1.0
33098114	1.0
33116723	1.0
331265757	1.0
331403822	1.0
331877263	1.0
33286321	1.0
33292567	1.0
33328619	1.0
33362490	1.0
33447326	1.0
334873228	1.0
334958809	1.0
335473990	1.0
336714819	1.0
336793402	1.0
336871220	1.0
33700317	1.0
337965408	1.0
33815837	1.0
338330795	1.0
33833817	1.0
33841192	1.0
33846113	1.0
338521549	1.0
339232710	1.0
339690898	1.0
339754154	1.0
339767118	1.0
33980532	1.0
340037225	1.0
340087803	1.0
340214063	1.0
34255540	1.0
342577543	1.0
34259389	1.0
34261199	1.0
34261473	1.0
342621151	1.0
34389648	1.0
34404430	1.0
34413897	1.0
34424004	1.0
344990680	1.0
34521445	1.0
345217288	1.0
345398377	1.0
345778482	1.0
346144728	1.0
347323219	1.0
347608150	1.0
347880292	1.0
34837514	1.0
34844235	1.0
348487598	1.0
348512823	1.0
348642818	1.0
348757190	1.0
348780685	1.0
34903803	1.0
349249475	1.0
34939208	1.0
349574943	1.0
34966884	1.0
349752114	1.0
35002876	1.0
350253000	1.0
350262515	1.0
350970228	1.0
351149827	1.0
3512101	1.0
351244762	1.0
353623440	1.0
35411199	1.0
35420682	1.0
35480744	1.0
354924835	1.0
35509119	1.0
35528954	1.0
355764143	1.0
356296224	1.0
35643668	1.0
35668892	1.0
357599560	1.0
357671429	1.0
358377682	1.0
359108791	1.0
36041084	1.0
361196291	1.0
361259643	1.0
36128731	1.0
36148700	1.0
361657018	1.0
362311295	1.0
362631365	1.0
362646324	1.0
36301067	1.0
363365584	1.0
363603883	1.0
36420170	1.0
364333944	1.0
364349937	1.0
364514620	1.0
364574679	1.0
36460987	1.0
364930955	1.0
365052236	1.0
365213367	1.0
365321928	1.0
365479827	1.0
36605335	1.0
366081654	1.0
366225579	1.0
367337523	1.0
367774923	1.0
368055938	1.0
368409800	1.0
36864249	1.0
368683423	1.0
368774680	1.0
369162851	1.0
36964924	1.0
36974383	1.0
36989270	1.0
36998358	1.0
370008201	1.0
37011010	1.0
370119419	1.0
370291744	1.0
37040959	1.0
370662547	1.0
37091176	1.0
370990786	1.0
371074938	1.0
37137898	1.0
37147602	1.0
37148595	1.0
37200189	1.0
372020500	1.0
37230319	1.0
37238868	1.0
37297803	1.0
373101970	1.0
37320236	1.0
373457750	1.0
373975228	1.0
374101804	1.0
37469211	1.0
374845889	1.0
375244445	1.0
375279433	1.0
37551808	1.0
37564410	1.0
37589900	1.0
376133178	1.0
376722924	1.0
376753833	1.0
376809369	1.0
37716108	1.0
37718217	1.0
377666101	1.0
377777180	1.0
37810754	1.0
378528260	1.0
379365767	1.0
37982404	1.0
379990521	1.0
380058540	1.0
38053161	1.0
381174451	1.0
381186485	1.0
381186602	1.0
381191249	1.0
381191772	1.0
381217815	1.0
381218136	1.0
381219812	1.0
381224958	1.0
38127880	1.0
381307704	1.0
38131856	1.0
381696140	1.0
381872892	1.0
382036965	1.0
382281165	1.0
382394154	1.0
382744715	1.0
38301261	1.0
383077253	1.0
38308188	1.0
383554263	1.0
38370465	1.0
383927121	1.0
383951841	1.0
384151362	1.0
384159461	1.0
384717221	1.0
38476367	1.0
38493354	1.0
384972455	1.0
385245375	1.0
385249901	1.0
385338646	1.0
385378092	1.0
385397497	1.0
385447766	1.0
385658781	1.0
385769531	1.0
385779209	1.0
385813376	1.0
386770863	1.0
386787305	1.0
386818806	1.0
38727901	1.0
38743751	1.0
387998844	1.0
388236176	1.0
388391442	1.0
389060072	1.0
389353816	1.0
389551062	1.0
38964336	1.0
390056165	1.0
390113236	1.0
390138699	1.0
390381898	1.0
390579448	1.0
390641663	1.0
390761637	1.0
391464226	1.0
39181833	1.0
391912821	1.0
39196736	1.0
39264827	1.0
392860200	1.0
39297925	1.0
39310714	1.0
393125588	1.0
393568517	1.0
393650409	1.0
393797909	1.0
39407356	1.0
394153761	1.0
39459843	1.0
39466932	1.0
395032876	1.0
39513092	1.0
395299098	1.0
395416760	1.0
3959931	1.0
396742778	1.0
396977069	1.0
397230151	1.0
397402573	1.0
39755884	1.0
397584382	1.0
397714114	1.0
39800128	1.0
39822256	1.0
39853973	1.0
39871016	1.0
398992000	1.0
400172392	1.0
40045763	1.0
400784846	1.0
400839033	1.0
401100868	1.0
40133681	1.0
401840141	1.0
402154483	1.0
402876893	1.0
4029531	1.0
40303450	1.0
40334932	1.0
40353438	1.0
403846162	1.0
403855355	1.0
404056339	1.0
404789840	1.0
404853456	1.0
405099240	1.0
405820375	1.0
405855006	1.0
40615089	1.0
406161150	1.0
406658908	1.0
406921518	1.0
407221784	1.0
407231524	1.0
407308739	1.0
407407474	1.0
40811479	1.0
408136428	1.0
408677509	1.0
40916331	1.0
410077863	1.0
41061537	1.0
41101983	1.0
411058138	1.0
41140413	1.0
411786151	1.0
41205522	1.0
41239267	1.0
412611622	1.0
412748397	1.0
414527508	1.0
41453076	1.0
41458395	1.0
414600500	1.0
414904961	1.0
414909904	1.0
415298517	1.0
41537564	1.0
4157261	1.0
41588986	1.0
415932537	1.0
416018380	1.0
416749415	1.0
41712041	1.0
41753918	1.0
417632113	1.0
418299880	1.0
41832285	1.0
41947301	1.0
420277941	1.0
420649483	1.0
42091991	1.0
421129757	1.0
421812337	1.0
421859002	1.0
42281329	1.0
423031535	1.0
42335846	1.0
423985204	1.0
42414303	1.0
425005583	1.0
425310228	1.0
42589787	1.0
425907178	1.0
425909589	1.0
425921042	1.0
425935315	1.0
426441965	1.0
426693209	1.0
42684729	1.0
42703075	1.0
427465564	1.0
427851636	1.0
428225985	1.0
428300627	1.0
428478594	1.0
428971031	1.0
429065890	1.0
42916239	1.0
429437003	1.0
429989368	1.0
430738001	1.0
430780202	1.0
430815517	1.0
430841130	1.0
43113775	1.0
43123567	1.0
431239530	1.0
431831209	1.0
432521961	1.0
432726108	1.0
433158220	1.0
433543251	1.0
433590732	1.0
433881517	1.0
434649810	1.0
435273572	1.0
435528282	1.0
436077076	1.0
436248154	1.0
436478691	1.0
437603468	1.0
438050932	1.0
438864627	1.0
439464127	1.0
439711666	1.0
440003456	1.0
440228392	1.0
440238281	1.0
44060322	1.0
44078873	1.0
441248955	1.0
441260402	1.0
441266245	1.0
44228135	1.0
44309364	1.0
44354128	1.0
444273139	1.0
44498216	1.0
445291350	1.0
445748390	1.0
445976402	1.0
44609710	1.0
44695601	1.0
447061276	1.0
447090210	1.0
447129562	1.0
44724005	1.0
447289978	1.0
447761474	1.0
44782357	1.0
448077183	1.0
448593400	1.0
448689268	1.0
449464016	1.0
45003255	1.0
450067470	1.0
450217139	1.0
450610574	1.0
450739739	1.0
450761751	1.0
453013039	1.0
454047464	1.0
454392264	1.0
454436659	1.0
455578285	1.0
455824771	1.0
455956652	1.0
456107944	1.0
456427755	1.0
457697712	1.0
458195844	1.0
458861749	1.0
458996219	1.0
45937084	1.0
459394546	1.0
459906323	1.0
460707454	1.0
461734125	1.0
461777869	1.0
462132518	1.0
462710481	1.0
463162523	1.0
463861175	1.0
46475276	1.0
46506260	1.0
465064414	1.0
465446226	1.0
465521255	1.0
465537763	1.0
465708045	1.0
46583723	1.0
465897557	1.0
466185506	1.0
466264546	1.0
466333756	1.0
466616319	1.0
466821972	1.0
467594742	1.0
468703129	1.0
468796650	1.0
468952471	1.0
469081878	1.0
47047946	1.0
470506640	1.0
470919829	1.0
47092472	1.0
471121755	1.0
472072419	1.0
47247213	1.0
472607721	1.0
47263673	1.0
47331948	1.0
473359335	1.0
473463275	1.0
473745411	1.0
475524030	1.0
47562338	1.0
475809343	1.0
47612006	1.0
476337209	1.0
47671682	1.0
477600738	1.0
477803311	1.0
478259431	1.0
478792870	1.0
479193641	1.0
479757960	1.0
47993676	1.0
48041449	1.0
480586426	1.0
480650271	1.0
481352356	1.0
481990482	1.0
48215514	1.0
48248802	1.0
482917509	1.0
48306662	1.0
483202572	1.0
484380777	1.0
484408012	1.0
48476699	1.0
484773756	1.0
485844722	1.0
486072725	1.0
486106100	1.0
486112997	1.0
486230049	1.0
486361268	1.0
486476991	1.0
486494732	1.0
486507374	1.0
487089617	1.0
48739932	1.0
48766737	1.0
487818318	1.0
488584876	1.0
488742192	1.0
48893635	1.0
489022370	1.0
489112694	1.0
48928380	1.0
48981442	1.0
490808118	1.0
490966566	1.0
49105771	1.0
49118282	1.0
49138823	1.0
49150852	1.0
49161513	1.0
49248666	1.0
49257629	1.0
492613179	1.0
492671190	1.0
49320694	1.0
49327527	1.0
493399862	1.0
49340990	1.0
493475736	1.0
49379187	1.0
493988146	1.0
49412961	1.0
494655876	1.0
49533260	1.0
49537735	1.0
495402195	1.0
495974881	1.0
49605610	1.0
496340165	1.0
49637104	1.0
496404590	1.0
49663205	1.0
49663664	1.0
49665600	1.0
49706633	1.0
497129954	1.0
497194674	1.0
497226427	1.0
49755033	1.0
498166332	1.0
498922117	1.0
49905937	1.0
499411395	1.0
50042050	1.0
50083194	1.0
501402943	1.0
50206233	1.0
50228468	1.0
50263268	1.0
50334860	1.0
50463387	1.0
505685183	1.0
506411052	1.0
50700978	1.0
507972021	1.0
50797793	1.0
50800056	1.0
508168526	1.0
510812041	1.0
511970896	1.0
512242691	1.0
51317722	1.0
514864995	1.0
514934371	1.0
514970022	1.0
515722717	1.0
515780586	1.0
51588108	1.0
516096222	1.0
516723501	1.0
51765059	1.0
51826077	1.0
51932290	1.0
51963389	1.0
519930044	1.0
52006424	1.0
520104860	1.0
52018346	1.0
520991846	1.0
52126417	1.0
52130223	1.0
52145349	1.0
52166809	1.0
521737922	1.0
522109018	1.0
52222427	1.0
52247328	1.0
52252883	1.0
52288216	1.0
52326829	1.0
523462279	1.0
52392444	1.0
52429763	1.0
524359584	1.0
524512963	1.0
524732173	1.0
52494989	1.0
525044453	1.0
526116933	1.0
52718098	1.0
52746656	1.0
52811891	1.0
528770977	1.0
529082928	1.0
529167074	1.0
529733928	1.0
53091480	1.0
531384436	1.0
532000431	1.0
53215424	1.0
533466606	1.0
533972176	1.0
53500054	1.0
53567779	1.0
53584956	1.0
536289817	1.0
537018713	1.0
53708329	1.0
537128946	1.0
537528558	1.0
53805301	1.0
53867772	1.0
53919282	1.0
539426021	1.0
53970139	1.0
53978117	1.0
539965699	1.0
540346883	1.0
54054172	1.0
54101438	1.0
54113256	1.0
54204222	1.0
54244012	1.0
542686347	1.0
54325904	1.0
54353301	1.0
544193337	1.0
54481103	1.0
544833331	1.0
545618101	1.0
545618159	1.0
546213528	1.0
54627563	1.0
54653742	1.0
54675700	1.0
54679779	1.0
547429255	1.0
547554661	1.0
54856859	1.0
54931385	1.0
549533958	1.0
549688383	1.0
54975036	1.0
551303014	1.0
552126296	1.0
55354528	1.0
553658449	1.0
553713584	1.0
554208493	1.0
555186610	1.0
555476277	1.0
55561590	1.0
556077690	1.0
556276670	1.0
55668231	1.0
55737961	1.0
557493438	1.0
557783735	1.0
558080068	1.0
55841370	1.0
559118898	1.0
559675462	1.0
559888108	1.0
561218711	1.0
561742581	1.0
561956131	1.0
562442004	1.0
56255882	1.0
56281348	1.0
562817303	1.0
562995991	1.0
564028178	1.0
564306618	1.0
564964181	1.0
565059874	1.0
56515244	1.0
565969885	1.0
56641554	1.0
566539833	1.0
56660706	1.0
567133316	1.0
567220738	1.0
56789832	1.0
568178203	1.0
568633159	1.0
56896918	1.0
568971429	1.0
56946066	1.0
569542024	1.0
56959274	1.0
570154956	1.0
570324105	1.0
57177822	1.0
57256421	1.0
57260327	1.0
572961420	1.0
57343654	1.0
57362322	1.0
575495944	1.0
575576964	1.0
575637441	1.0
575887522	1.0
576131873	1.0
576367925	1.0
577187858	1.0
578074990	1.0
578081311	1.0
578383794	1.0
579962917	1.0
581221150	1.0
581445220	1.0
58170665	1.0
581933321	1.0
58216713	1.0
582868501	1.0
585934344	1.0
586451848	1.0
58652546	1.0
586724399	1.0
586734515	1.0
58705195	1.0
587516393	1.0
587701649	1.0
5882802	1.0
58828387	1.0
588555496	1.0
588775819	1.0
589261652	1.0
58930874	1.0
589402824	1.0
590046242	1.0
59035579	1.0
59073202	1.0
591314252	1.0
591331840	1.0
591335059	1.0
591380208	1.0
591390306	1.0
591417279	1.0
592005003	1.0
592355101	1.0
59357374	1.0
59393368	1.0
594052448	1.0
59415917	1.0
595169279	1.0
595841888	1.0
59606920	1.0
596686824	1.0
596805219	1.0
59696106	1.0
5976502	1.0
599065130	1.0
599449330	1.0
60113926	1.0
601310318	1.0
60139630	1.0
60150406	1.0
602288530	1.0
602355833	1.0
602449513	1.0
603660185	1.0
604009725	1.0
604393879	1.0
60458678	1.0
604610969	1.0
604701612	1.0
604730014	1.0
605044124	1.0
605342007	1.0
605490451	1.0
60555449	1.0
606340754	1.0
6067992	1.0
60693789	1.0
607013952	1.0
60705956	1.0
607617514	1.0
60927389	1.0
609304305	1.0
610105255	1.0
61070331	1.0
611798627	1.0
612135517	1.0
61216389	1.0
612457394	1.0
61342056	1.0
613753095	1.0
613876677	1.0
6144332	1.0
61501509	1.0
615329833	1.0
61661638	1.0
6172452	1.0
61810653	1.0
618228289	1.0
619123865	1.0
619451030	1.0
62015308	1.0
620782954	1.0
621053575	1.0
62109990	1.0
621297875	1.0
62135215	1.0
62155958	1.0
621891939	1.0
622111302	1.0
623428159	1.0
624413	1.0
624920658	1.0
624927669	1.0
624935877	1.0
62500872	1.0
625182176	1.0
625376520	1.0
62562916	1.0
625814873	1.0
62597423	1.0
62615103	1.0
626345722	1.0
626836550	1.0
626840066	1.0
627695874	1.0
63023412	1.0
630428077	1.0
630439865	1.0
630574262	1.0
63061242	1.0
631797674	1.0
632104194	1.0
632296843	1.0
632352868	1.0
632464676	1.0
632956955	1.0
63351677	1.0
634020001	1.0
634245300	1.0
634534933	1.0
634735245	1.0
634862511	1.0
63497552	1.0
635580208	1.0
636453747	1.0
636545451	1.0
636855158	1.0
63716200	1.0
63772180	1.0
64109894	1.0
64391036	1.0
64444815	1.0
64730375	1.0
6477792	1.0
6502202	1.0
65208304	1.0
65681636	1.0
65841393	1.0
66103873	1.0
66128806	1.0
66172538	1.0
66317240	1.0
66358738	1.0
66414138	1.0
66583271	1.0
66638587	1.0
66915233	1.0
66985306	1.0
67003795	1.0
67016149	1.0
67032086	1.0
67582229	1.0
67638947	1.0
67683728	1.0
67803007	1.0
6793222	1.0
68407650	1.0
68412171	1.0
68512972	1.0
68537333	1.0
68559732	1.0
68658717	1.0
6870462	1.0
6872422	1.0
68739089	1.0
69212076	1.0
69253776	1.0
69476342	1.0
69605961	1.0
69620713	1.0
69627447	1.0
6968182	1.0
69906279	1.0
700351122	1.0
7013562	1.0
701411095	1.0
701825197	1.0
70306883	1.0
703285112	1.0
70498392	1.0
70564640	1.0
706119139	1.0
70696337	1.0
70755249	1.0
707566513	1.0
70778344	1.0
70879614	1.0
70940461	1.0
71147314	1.0
712066902	1.0
712632668	1.0
713218818	1.0
713281530	1.0
713466386	1.0
713680091	1.0
716552396	1.0
71680880	1.0
7172232	1.0
718182886	1.0
718293108	1.0
71885806	1.0
718928220	1.0
719233244	1.0
72105856	1.0
72229444	1.0
72311906	1.0
724674919	1.0
725577499	1.0
72621480	1.0
72697426	1.0
72699258	1.0
72868679	1.0
728700470	1.0
72892215	1.0
729246649	1.0
72928001	1.0
72937260	1.0
72987385	1.0
73027895	1.0
73201848	1.0
732429464	1.0
73298797	1.0
733533786	1.0
733717446	1.0
734289750	1.0
735021824	1.0
73540921	1.0
73545832	1.0
73547194	1.0
73549391	1.0
735643934	1.0
737866058	1.0
73795426	1.0
7380362	1.0
740684990	1.0
74104397	1.0
74471499	1.0
74571277	1.0
746938556	1.0
75002150	1.0
751374678	1.0
7517052	1.0
754022876	1.0
75559675	1.0
759574556	1.0
760195754	1.0
760544600	1.0
76058980	1.0
76083444	1.0
76113067	1.0
76132385	1.0
761884866	1.0
76229647	1.0
762326510	1.0
762917023	1.0
76311584	1.0
76369001	1.0
76547516	1.0
76554388	1.0
766003172	1.0
76603741	1.0
76607138	1.0
767658752	1.0
76851675	1.0
76921999	1.0
76922155	1.0
76987535	1.0
77132656	1.0
771587202	1.0
771629515	1.0
77195555	1.0
774599383	1.0
77479563	1.0
776473878	1.0
777329870	1.0
779946648	1.0
7802422	1.0
78166923	1.0
782030712	1.0
7836182	1.0
78383733	1.0
784527522	1.0
785359525	1.0
78644968	1.0
786766700	1.0
78690504	1.0
787383000	1.0
788333744	1.0
78925997	1.0
78959991	1.0
789932292	1.0
790062926	1.0
79047876	1.0
793728973	1.0
794108792	1.0
794233338	1.0
794728100	1.0
795366560	1.0
795408560	1.0
79563975	1.0
7965702	1.0
797769606	1.0
797942226	1.0
7993232	1.0
800487793	1.0
80104835	1.0
801218796	1.0
80166642	1.0
801698222	1.0
802944248	1.0
803977459	1.0
804995882	1.0
805935860	1.0
80660848	1.0
80697114	1.0
809122560	1.0
81004958	1.0
81061068	1.0
811652462	1.0
815636605	1.0
81653032	1.0
818071	1.0
818081647	1.0
81818159	1.0
818248710	1.0
81964831	1.0
819738901	1.0
820031509	1.0
820110584	1.0
821118710	1.0
82142636	1.0
82143051	1.0
821464674	1.0
821618390	1.0
822049651	1.0
822159158	1.0
822234342	1.0
823319828	1.0
823440576	1.0
825286027	1.0
825744584	1.0
82724369	1.0
829080926	1.0
829442994	1.0
830020351	1.0
83005470	1.0
83046543	1.0
8317872	1.0
83224833	1.0
833565728	1.0
833689177	1.0
834239323	1.0
83637812	1.0
83784088	1.0
83816037	1.0
83837948	1.0
83878816	1.0
84121886	1.0
84355003	1.0
84402174	1.0
84444981	1.0
847376136	1.0
849593029	1.0
849617886	1.0
84964090	1.0
84989659	1.0
849923298	1.0
85092004	1.0
85127466	1.0
851670715	1.0
8524892	1.0
85253884	1.0
85413569	1.0
854986999	1.0
85540596	1.0
855628410	1.0
857189384	1.0
857462130	1.0
860766289	1.0
861420990	1.0
862105645	1.0
862110601	1.0
863145667	1.0
8632782	1.0
864255662	1.0
864319676	1.0
86512669	1.0
866118042	1.0
86624521	1.0
867148020	1.0
86796377	1.0
86803454	1.0
86911334	1.0
86985623	1.0
869918281	1.0
869939479	1.0
87032076	1.0
870818204	1.0
87098546	1.0
87122499	1.0
87133189	1.0
87258499	1.0
874438663	1.0
874806470	1.0
876168212	1.0
879376561	1.0
879711720	1.0
880451970	1.0
88090593	1.0
88321965	1.0
884306288	1.0
886837747	1.0
890031644	1.0
89100278	1.0
89225644	1.0
893810545	1.0
893846334	1.0
894225536	1.0
89491245	1.0
89538046	1.0
89571091	1.0
89854883	1.0
8991482	1.0
900605659	1.0
902104226	1.0
902419718	1.0
904039608	1.0
90439860	1.0
90466492	1.0
904968246	1.0
906249536	1.0
906735979	1.0
90704666	1.0
9071062	1.0
908405826	1.0
91321449	1.0
914071254	1.0
91418281	1.0
91439909	1.0
9175592	1.0
917763661	1.0
919868366	1.0
921464372	1.0
9215452	1.0
921585962	1.0
92335219	1.0
923722700	1.0
924239384	1.0
925858910	1.0
92655055	1.0
92670248	1.0
92769204	1.0
929083760	1.0
932502344	1.0
932652001	1.0
93279637	1.0
932806561	1.0
933545473	1.0
933854671	1.0
935242836	1.0
93688789	1.0
93723527	1.0
937517270	1.0
93775042	1.0
93913891	1.0
94118268	1.0
94172546	1.0
942010891	1.0
942422774	1.0
942634814	1.0
944075622	1.0
94613020	1.0
94626353	1.0
94653842	1.0
946726027	1.0
946957866	1.0
94734762	1.0
94794618	1.0
94872508	1.0
94897198	1.0
949758140	1.0
95004577	1.0
95037522	1.0
9505502	1.0
95083293	1.0
951865711	1.0
952328491	1.0
95249944	1.0
95334996	1.0
9547482	1.0
95483024	1.0
956645150	1.0
95863011	1.0
960834355	1.0
96093102	1.0
961566769	1.0
9626082	1.0
962744707	1.0
964372705	1.0
96640040	1.0
966726223	1.0
96679651	1.0
96697770	1.0
9681052	1.0
96815285	1.0
9681572	1.0
97334517	1.0
973469222	1.0
97382065	1.0
975116011	1.0
975844711	1.0
976482234	1.0
976797445	1.0
977308820	1.0
977532660	1.0
977677104	1.0
97769873	1.0
978671796	1.0
97927889	1.0
98134904	1.0
98272618	1.0
982924214	1.0
983270113	1.0
983655260	1.0
98480529	1.0
98560220	1.0
9875242	1.0
987771205	1.0
987773264	1.0
987787243	1.0
9888972	1.0
98926033	1.0
989651166	1.0
989657845	1.0
989660850	1.0
989695484	1.0
990047840	1.0
992017670	1.0
992182100	1.0
993282182	1.0
994158086	1.0
9952152	1.0
996051864	1.0
996335270	1.0
998283762	1.0
999029864	1.0
99977579	1.0
