3108351	69.861725
16838276	54.98547
1652541	42.489006
14886375	38.532616
20402945	37.308056
18856867	35.997192
624413	33.335453
15110357	31.498938
19546277	29.829811
18858395	24.724964
16184358	24.386131
14276189	23.712696
7517052	23.163363
28164923	21.640684
19988458	21.579254
28571999	20.954382
15485461	20.850536
14115408	19.824877
20449296	19.824211
8524892	19.680882
1347071545	19.65772
16732770	19.18952
35002876	18.436176
37718217	18.017275
15281391	17.719929
14078468	16.846552
271211220	16.784298
39264827	16.723188
44060322	16.48148
2097571	16.39488
16827489	15.756409
69620713	15.686157
106498703	15.600964
104952689	15.126639
68739089	14.849721
26574283	14.785604
143949701	14.183454
23059499	13.822387
455824771	13.818866
84402174	13.806455
97334517	13.759758
3512101	13.553687
61342056	13.446622
24410456	13.218876
16246929	12.920362
818071	12.817696
15246621	12.775968
28167086	12.7469635
389551062	12.694846
65681636	12.064107
18378349	11.875365
12794362	11.826672
603660185	11.778452
21328656	11.65526
28289402	11.631319
62562916	11.547706
13471032	11.537697
559675462	11.4857855
42703075	11.345089
80697114	11.109464
52166809	11.082144
15296897	11.061713
39853973	11.027153
19785281	10.894092
108021761	10.842933
10165242	10.822593
468703129	10.717233
19739279	10.693033
182642157	10.645029
475524030	10.496813
15764136	10.458446
28137012	10.272185
18560146	10.185216
1209991243	10.170176
38053161	10.134038
30913882	9.919721
1958752610	9.918698
553713584	9.910592
599065130	9.894862
250758475	9.696456
201296379	9.596747
38476367	9.527651
93723527	9.454084
14780660	9.429004
3017654325	9.263696
15754281	9.254079
34939208	9.227
2999735878	9.170575
2999752275	9.167211
338330795	9.151553
207435193	9.127021
14250809	9.124176
36974383	9.121565
2999658401	9.1020355
545618159	9.075624
2999804950	9.073529
26009167	9.067277
15079601	9.06226
2999842234	9.036032
233704756	8.984788
16359602	8.955347
165721692	8.921044
21312378	8.907068
60113926	8.891431
562995991	8.808676
271143276	8.574077
72928001	8.517302
632104194	8.492954
2999672518	8.406206
353623440	8.351099
1413027896	8.097428
254136706	7.954065
163537857	7.8855577
224240358	7.8661437
466185506	7.8548656
2334614718	7.8147926
222164515	7.730572
19079480	7.7093654
203652149	7.677508
289556231	7.6211047
14626496	7.5961447
216798259	7.127455
49637104	7.082055
201891203	6.9509068
430841130	6.9196906
66172538	6.9191046
273984441	6.868577
53215424	6.8278418
18719020	6.805351
243318995	6.7776494
14097951	6.7281017
22774516	6.7233653
23131068	6.6345963
82142636	6.5700936
33980532	6.47687
15897179	6.4228144
44078873	6.418498
17841130	6.369352
15003446	6.336241
15971805	6.318141
19478383	6.3080063
7836182	6.301018
10017542	6.261369
160625399	6.2455864
23221109	6.1120305
18164662	6.1035075
9505502	6.093374
25360971	6.0597186
19001718	6.055016
14126376	5.963114
1473431	5.947091
302545862	5.8582926
70778344	5.827523
1264899192	5.818225
254280603	5.783211
25827743	5.7710915
1832181	5.7574983
42589787	5.754494
166597717	5.7051163
49663664	5.683598
104271807	5.6483426
22302444	5.6331525
2151247592	5.609551
1358146357	5.5862703
296924721	5.5541143
87098546	5.539898
217612422	5.4582567
389060072	5.317065
397230151	5.2865725
136842204	5.27823
18952948	5.2298265
160948300	5.2174506
26736040	5.1732187
132803991	5.1690564
23694512	5.074079
314005753	5.0668893
456107944	5.0405107
243331655	4.9905567
466333756	4.9706564
262763182	4.9567766
17790265	4.931484
70498392	4.8531857
15202483	4.8167086
815636605	4.7992473
1378	4.7677574
121158213	4.7331085
549533958	4.7267294
23434774	4.7116985
1080306914	4.6960073
177585732	4.684751
22867489	4.6668625
93913891	4.6582365
51963389	4.626397
1961333743	4.6220813
11247222	4.584317
29748372	4.5764537
100024370	4.519069
26250595	4.516392
21463400	4.4501667
2272207286	4.42284
21045893	4.411934
145216041	4.4034534
17746914	4.367987
32778531	4.3259296
238411032	4.3247247
67638947	4.2814426
271138078	4.271303
194137231	4.2688875
2837841	4.2564783
358377682	4.2480493
829442994	4.222861
20106796	4.2181735
1485188648	4.197346
339754154	4.1929975
39459843	4.170109
270971628	4.1482
52222427	4.139924
53978117	4.1375356
101855247	4.132952
31001654	4.1132894
26899727	4.109993
37297803	4.100971
19046425	4.0962534
28402887	4.0656824
21868272	4.0584927
823319828	4.046795
403855355	4.0225563
1064700308	3.9888697
18083070	3.9581718
18300968	3.9110713
84444981	3.907229
7380362	3.8603635
21354868	3.8136573
49605610	3.7922602
85253884	3.7459335
59393368	3.7440963
285738285	3.7279572
14446488	3.7207146
1058408514	3.71835
23368614	3.7093263
55561590	3.678987
168668045	3.6622229
19400611	3.647869
19351024	3.5034113
27990259	3.4700322
47247213	3.456544
414527508	3.4552536
40045763	3.4457989
54675700	3.4457006
272125054	3.4444652
89225644	3.4329896
118331219	3.408926
80660848	3.3881736
735021824	3.3625445
257805760	3.3518577
143651355	3.3487787
229141520	3.3130074
204803220	3.304288
2394624246	3.2776752
141307560	3.250237
1546201075	3.2202501
1461649975	3.2001228
16515274	3.1906943
17060573	3.1823616
160298969	3.1792307
16049944	3.1605382
4029531	3.148512
41458395	3.148025
22814481	3.131618
237591901	3.0965452
82143051	3.0765214
1576052886	3.0673957
18944615	3.065198
20704612	2.9168072
312266530	2.9122992
1329243757	2.897849
1665125166	2.8833027
611798627	2.880106
194119290	2.8609376
70755249	2.8472733
186136458	2.839744
2253500720	2.8158827
24941044	2.8072886
38743751	2.7830515
1475988331	2.7651186
20327105	2.763133
818081647	2.7534823
36041084	2.7417827
102421137	2.720374
18897031	2.709526
306193299	2.7075348
26775476	2.6738071
418299880	2.673046
407231524	2.6533647
1228537610	2.6505647
381696140	2.6403189
2353511190	2.6318717
27828974	2.6294584
298218590	2.620245
26705006	2.5703578
983655260	2.549809
254207829	2.549127
131506459	2.5423093
21183938	2.4818993
2281127150	2.4685478
186875904	2.4470963
122511616	2.445294
2885532683	2.4448009
318171818	2.432279
1666651962	2.4313235
2482710715	2.4087281
17991579	2.407631
20704445	2.3659306
106504911	2.360896
1018083266	2.3469472
255996385	2.3355236
890031644	2.3353658
20526076	2.325148
529733928	2.2891808
16728404	2.2857137
1526285174	2.2741117
1077398336	2.2631001
1969708788	2.2508225
2471879203	2.234593
622111302	2.2239113
14443013	2.2191896
88321965	2.2097301
185673983	2.2073793
874438663	2.1871018
63061242	2.1474266
18433619	2.1418934
20345218	2.1263046
1698582715	2.104248
124585235	2.0977716
314695175	2.0933504
32345912	2.0920138
701825197	2.0891979
176168308	2.0850582
1152105936	2.049403
78644968	2.0110765
1869471378	2.0085583
126640430	1.9902332
254228322	1.9860278
55354528	1.9749775
230609065	1.9635466
2239240086	1.9540324
404789840	1.9404265
18022320	1.940284
37469211	1.9399095
1544270486	1.9254946
3005559517	1.9216958
20079668	1.9145902
1490980105	1.9125882
67003795	1.9097047
1499852552	1.8999504
1544227476	1.88452
175754840	1.879774
20159497	1.8794247
2768552889	1.8729311
342577543	1.8714656
18408384	1.8706492
390641663	1.8680552
78925997	1.8673694
218718269	1.86265
60150406	1.8432252
39800128	1.8428893
15823893	1.8322442
2590675464	1.824924
402876893	1.8243936
28381768	1.8066275
16437499	1.7840872
306074476	1.7776111
14933262	1.7771474
1544295582	1.7711062
1969728366	1.755296
447129562	1.7454407
52429763	1.7418792
219329534	1.7379283
21329777	1.7366432
1931179794	1.733863
1902683484	1.7312955
23409407	1.7306743
142351603	1.7174864
110547073	1.7076906
1310354202	1.6962192
1969601916	1.6933721
286774989	1.6892234
2615738922	1.6854163
2231913055	1.6812478
1389493454	1.6709462
247780932	1.6638461
416749415	1.6624796
1969868839	1.642661
277618799	1.6414262
28803148	1.6326059
478792870	1.6203232
246134345	1.6152534
1489471572	1.6100173
17433343	1.5983812
201300044	1.5982579
795408560	1.5818336
37982404	1.580034
2364889134	1.5660708
50206233	1.5659105
1969334461	1.5610497
761884866	1.5596626
197282701	1.5575926
142353824	1.5547537
962744707	1.5490466
302400861	1.5452377
521737922	1.5439425
586734515	1.5258409
725577499	1.5220382
25399535	1.5176185
255249826	1.5171771
149571760	1.5113196
14692383	1.5086888
2888882327	1.5056744
581221150	1.4933959
313888969	1.49037
18745322	1.4851102
20857912	1.4787582
1969798825	1.4721292
107146393	1.460808
407308739	1.4575213
820031509	1.4520364
784527522	1.4520006
40133681	1.4460855
193542064	1.4406459
163648850	1.4338487
76987535	1.4324905
15738369	1.4286667
1410125744	1.4253888
244677736	1.4247551
329838136	1.4225848
15896903	1.4136003
2196092280	1.4041616
36148700	1.400834
110929302	1.3962488
2342591485	1.3954722
14629171	1.3889806
2216333869	1.388222
1668256296	1.3853626
373457750	1.3830162
545618101	1.3790061
1570180292	1.3736086
146930159	1.3708256
992182100	1.3680078
385779209	1.3619394
1676916738	1.3601832
553658449	1.3565357
19851429	1.3560052
37564410	1.3482006
1064015220	1.3450546
1450167168	1.3349761
794728100	1.3212042
1367765233	1.3177196
44695601	1.3175665
966726223	1.3174152
89538046	1.317401
105926515	1.3145206
16194705	1.3111475
626345722	1.3105304
447061276	1.3058031
33841192	1.3026189
241582083	1.3026026
91418281	1.2994812
24040931	1.2829317
977532660	1.2702954
2825270328	1.2649498
254507476	1.2611362
52247328	1.2580334
248836670	1.2580117
31064165	1.2539264
137652630	1.2531989
13423622	1.2416773
1970190704	1.240588
2426471287	1.2400104
94653842	1.2373625
1088164062	1.2316941
104185085	1.2298102
175584371	1.2289946
30322151	1.2240841
15180311	1.2216295
821618390	1.2194105
2456850254	1.2153411
568971429	1.2137821
250785407	1.2054175
228426881	1.2049658
44498216	1.2034655
18992649	1.2006695
618228289	1.200086
300235486	1.1779784
247946309	1.1744677
37716108	1.1712395
370119419	1.166802
524512963	1.1663456
2396930972	1.1645879
25243724	1.1630151
264153788	1.1532317
1393603976	1.1525843
235648313	1.1523955
30694719	1.1494238
2968256134	1.1480978
1970167195	1.1423564
56896918	1.1407754
14902429	1.1365559
87133189	1.1334696
1315225639	1.1302757
2960231085	1.1291816
17853293	1.122684
319102548	1.1163412
2355225980	1.114943
498166332	1.1144391
24680689	1.1103442
161855898	1.1095121
41140413	1.096548
2287469286	1.09652
95037522	1.0953071
60555449	1.0898719
222739462	1.0889664
90704666	1.0877047
3065964106	1.0868502
18989537	1.0848073
1969754725	1.082104
229412585	1.0760977
23400557	1.0738041
14923738	1.0720689
247391816	1.0716865
1969645939	1.0695608
35643668	1.0669026
1687238450	1.0656033
361259643	1.0649241
569542024	1.0629337
604701612	1.0591702
132173493	1.0569055
1969622058	1.0566411
416018380	1.0565152
3053651819	1.0558419
2933447393	1.0543101
26012309	1.0504007
904039608	1.0486953
37011010	1.0477443
260380754	1.0457575
1011882912	1.0448904
365321928	1.0444827
489022370	1.0420983
210855604	1.0411438
609304305	1.038683
32161395	1.036822
20715279	1.0360811
56789832	1.0358267
1969352124	1.0357456
104034095	1.0323694
217159658	1.029521
1969538022	1.0269046
1969676114	1.0253576
61216389	1.0253217
906735979	1.0223885
93688789	1.0204477
25366284	1.0170834
50228468	1.0158277
52126417	1.0155371
349249475	1.0153457
562817303	1.014996
1277178181	1.0122223
95083293	1.0054759
1969594849	1.0034329
522109018	1.0029247
788333744	1.002089
112509786	1.0
15601816	1.0
2776939101	1.0
2776980665	1.0
2790363503	1.0
2790369209	1.0
2790390946	1.0
2790393664	1.0
2820414090	1.0
2820450228	1.0
2820521167	1.0
2823188604	1.0
2823193770	1.0
2823257707	1.0
2840319232	0.99395484
214479702	0.98849374
1970148032	0.98604757
2373819572	0.9854276
2467914348	0.9843134
226776889	0.9831895
28263739	0.98308575
12546722	0.98273474
2788398967	0.9821923
1418264336	0.98050195
1969631054	0.9794546
28769199	0.9776578
383077253	0.9744621
1969922220	0.96937966
1439067241	0.9666471
1187422273	0.9638592
20044440	0.9630605
1969449206	0.9628659
1297336626	0.96283233
465897557	0.9618952
1969967432	0.96025664
8317872	0.9553872
21161210	0.955245
29557958	0.9542834
790062926	0.9538394
35411199	0.9535111
15718150	0.95278543
23656286	0.952408
32362720	0.9504872
2405531310	0.94965017
1296952741	0.94820106
539965699	0.94695115
53091480	0.9402556
760544600	0.93812406
2676762737	0.938023
215068830	0.9375898
47993676	0.93624294
470506640	0.933663
1396025018	0.9295987
2813095044	0.9292939
24609836	0.9281129
200230369	0.9264647
18189134	0.9258164
2781550178	0.92515635
16877220	0.92138547
52288216	0.919449
23954327	0.91894066
2398137084	0.9165295
511970896	0.9132242
604610969	0.9123347
14718435	0.911364
1969472353	0.91078883
25892484	0.91077876
2181103753	0.9055693
259554796	0.9020646
2215937899	0.8996756
1969503066	0.8993016
377777180	0.89590985
1969970330	0.8941907
1040640698	0.8934988
123147423	0.8934972
2796938558	0.88061404
62135215	0.88034666
2946624364	0.8776744
619123865	0.87186414
237425641	0.8711503
7802422	0.86851096
19485664	0.86811614
1970127890	0.8662997
1969519676	0.8659927
559118898	0.8651768
2204135624	0.8564621
733533786	0.84981763
2903843159	0.8481867
1352595571	0.8480988
231164809	0.84731
1969440254	0.843834
2664521455	0.8431116
3040832363	0.840508
14958385	0.8375788
28372030	0.8370696
879376561	0.83583003
612135517	0.8299706
588775819	0.8280203
33042193	0.8277619
161400901	0.8270653
19270995	0.8262724
1225981051	0.81987286
11308402	0.81771106
2409554736	0.81659263
2159322464	0.8147078
22813422	0.8127223
2366303634	0.8120552
1969963682	0.8067665
26849804	0.8067105
1969365992	0.80661297
1970070775	0.8044942
150094848	0.8024179
412611622	0.8019539
200528348	0.8016636
2678090893	0.8010827
1565751108	0.80059594
299413616	0.7991128
9681052	0.7987683
2346652446	0.7975301
635580208	0.79592896
27618790	0.7956558
2363914387	0.79506797
1945935708	0.79156005
28425090	0.79080915
33328619	0.79041445
26231474	0.7871105
168691253	0.7870951
16831072	0.7866559
223329689	0.7864788
54244012	0.7860622
1969584468	0.7849556
271002958	0.7832086
94172546	0.78190315
302427757	0.7800534
364514620	0.7785565
116914454	0.77801573
1969763984	0.77731466
23420231	0.7752215
28618520	0.77377474
1056313532	0.77239615
565059874	0.7713563
1969327748	0.7713319
68537333	0.76949036
120965481	0.76731044
189788477	0.76678133
76132385	0.7658844
565969885	0.76571727
34255540	0.7652353
220203225	0.7628873
20230811	0.76130253
1871450522	0.7604732
2214818162	0.7591668
1169633580	0.7556546
14310555	0.75202894
1969501046	0.7519618
713218818	0.7477628
41239267	0.7458088
21483809	0.7448092
605490451	0.74239624
590046242	0.74236286
410077863	0.7419913
101044849	0.7407786
1457218807	0.73993206
33286321	0.73886126
2302298804	0.73776186
263276880	0.7372031
425907178	0.7354508
1291850300	0.7346774
2373813025	0.7336405
75002150	0.7328573
870818204	0.728243
97382065	0.72672075
1969516938	0.72466433
2520719083	0.7216482
1969784395	0.72028875
318666070	0.7195644
85127466	0.7192159
1244393550	0.715887
396977069	0.7152985
1969822382	0.71399146
14633485	0.71220195
1969627746	0.71193486
171515570	0.709216
270430076	0.70831704
20645546	0.7074353
313525664	0.70613873
314281991	0.70595884
1141384256	0.70533144
34521445	0.7043606
2557515984	0.7020681
2915103594	0.70200664
1969320008	0.70129156
486112997	0.7007667
1969661720	0.6994625
365052236	0.6978915
2523483728	0.6967401
15374815	0.69559294
123137244	0.6939283
15730804	0.69237447
385338646	0.6891738
2225300413	0.6884483
1246096020	0.686867
23792255	0.68672943
153861315	0.68568087
4157261	0.6847461
6144332	0.68366116
3101996487	0.6827901
1281072037	0.6763318
471121755	0.67606914
2303053614	0.6759126
385658781	0.6746997
486106100	0.6730261
1969742863	0.6726787
57362322	0.67212933
613876677	0.6715022
44782357	0.67106587
254232727	0.67023015
14175873	0.6693462
14735033	0.66933274
121321885	0.66835
109995803	0.66757417
49755033	0.6673881
811652462	0.6670125
386770863	0.66637856
594052448	0.6651658
494655876	0.6626013
421129757	0.66250306
2448524059	0.6622016
441248955	0.6610468
2962375990	0.660413
89491245	0.66030633
732429464	0.65982044
112581471	0.65836
284044769	0.6561989
459906323	0.6554687
349752114	0.65522027
9626082	0.6550313
386787305	0.654407
20187378	0.6542143
367337523	0.653742
486494732	0.65370244
393568517	0.65289485
1476010452	0.6509732
366081654	0.65085727
2329595875	0.6498693
12114462	0.64947927
3044159284	0.6489388
473463275	0.64678264
445976402	0.6463652
81653032	0.6456859
96640040	0.645374
211150550	0.6436069
3010837787	0.64246476
421859002	0.642022
58216713	0.6417788
636545451	0.6390718
599449330	0.6388513
15856830	0.63775086
120672388	0.6365769
1969640629	0.63575596
19664951	0.6330571
17614702	0.63264084
1691951420	0.63262314
54931385	0.6318094
585934344	0.6303915
187045609	0.6295606
67683728	0.6280709
619451030	0.6265819
2319600132	0.62525415
591335059	0.62461233
25473303	0.6238253
220953244	0.62382376
408136428	0.6231134
414600500	0.62213826
3063353547	0.6211339
16079604	0.6200956
602355833	0.61886907
20458407	0.61865866
975116011	0.6181754
384972455	0.6179761
561742581	0.6179174
65208304	0.6177877
385245375	0.6173648
591331840	0.6143909
338521549	0.6141821
2945948723	0.6126536
213636132	0.61243325
117010080	0.6113841
1969426567	0.6081048
1969818126	0.6062064
924239384	0.60604084
425921042	0.6058223
229726608	0.6054653
1969581715	0.60500026
2197099980	0.6044328
2176420138	0.604251
586451848	0.60096556
2350639447	0.6003187
383951841	0.60020506
233566392	0.59741575
2427357128	0.59582376
2463974346	0.5951906
6968182	0.5949427
383927121	0.59494007
2452122962	0.5947573
293607250	0.59406286
1970221123	0.59314233
904968246	0.5922171
3048189131	0.58745
2359276710	0.58719563
2717697042	0.5870758
1969799846	0.58689547
1023354336	0.5867445
2197132710	0.5863346
86624521	0.58590436
385397497	0.58541393
1105089212	0.5843256
37238868	0.5843026
362646324	0.58428144
228977783	0.5838385
64109894	0.5829998
17377396	0.58297575
486072725	0.5821565
102481836	0.58175564
347880292	0.5816364
221057424	0.58065444
21124751	0.57800126
2307248647	0.57784164
319727721	0.5761955
2830318542	0.5756106
2801334731	0.57505393
328265166	0.5740906
1969679156	0.57400763
207271383	0.5729742
626840066	0.56934816
234516403	0.5690989
1672120591	0.56800187
434649810	0.56792355
14104848	0.5668045
1265773064	0.56626356
97927889	0.56610525
123125462	0.5654688
17913	0.56507903
1447240867	0.5645931
1969225446	0.56430733
393797909	0.56427824
2208541680	0.5639838
1452408337	0.56277865
1121028973	0.56025803
2153916871	0.5596507
218013625	0.55919886
1005466790	0.5589129
53805301	0.5586957
1923947209	0.55775654
626836550	0.5574149
782030712	0.55719906
273645645	0.5567466
797769606	0.55495185
591314252	0.55349076
29157032	0.5525404
23065897	0.55150783
95249944	0.5506401
18265423	0.5497356
16687581	0.54914385
322138756	0.54823333
528770977	0.54739547
2249186018	0.54709876
2841516743	0.5469375
484380777	0.54601693
405820375	0.5455819
2925204334	0.54527605
1018484418	0.5436516
235422006	0.5418441
17669982	0.54133683
159826858	0.54075825
129935623	0.54016656
2600389056	0.53959453
104902542	0.53780305
384717221	0.53569806
276334529	0.5347494
56946066	0.5327965
66638587	0.5324999
3100250551	0.5321492
41753918	0.53117645
1969641728	0.5310792
2895073336	0.53099275
316319018	0.5303606
1612027483	0.5302284
74104397	0.5275761
1001192245	0.52651924
357671429	0.52423596
1611593304	0.524233
381872892	0.52376974
98926033	0.5236886
363365584	0.52353275
531384436	0.5232595
2171294112	0.5230556
486476991	0.52274257
2186813068	0.52218986
52811891	0.52181137
78959991	0.516757
2694161869	0.5163101
1620686150	0.5154718
2957837847	0.5152355
929083760	0.51498854
2270644075	0.51445866
461734125	0.5143181
2173999435	0.5141745
320365482	0.5140864
2934024528	0.51396215
192743745	0.51382446
879711720	0.5135777
2690637547	0.5134919
15240491	0.51247585
2495542669	0.5115646
425935315	0.5115513
73549391	0.5114897
185310946	0.51115024
432726108	0.51111645
18789002	0.5108682
1488838998	0.5106232
863145667	0.5104664
634735245	0.5101023
2400446299	0.5098438
1395076646	0.50928646
151357280	0.5091498
606340754	0.50838464
16995129	0.508019
2497045194	0.5076635
1246273074	0.5066024
804995882	0.50613797
169907554	0.50586104
455578285	0.5055869
21110732	0.5051546
488584876	0.5048286
404056339	0.5047209
1020067598	0.50445426
2241308316	0.50431985
414904961	0.5042912
166569708	0.5040364
1316087911	0.5033289
283012565	0.50313294
486507374	0.5022085
2368238768	0.50140536
1654035020	0.5011813
2181357950	0.5008264
100650665	0.5004431
176193148	0.500382
312848810	0.4998761
993282182	0.4994539
14571012	0.49938658
400784846	0.49849734
260559365	0.49834397
79563975	0.49798337
2249884134	0.4972397
1969521258	0.49702182
2605384560	0.49423683
76311584	0.49407607
2590325786	0.49389148
632464676	0.4935949
591380208	0.49291268
2366528114	0.492121
307669289	0.49116048
2263437272	0.4909219
2548497230	0.49049756
774599383	0.49028403
701411095	0.4902432
445291350	0.48979023
236960559	0.48870227
2364495792	0.4883484
2491897104	0.4868101
2792041422	0.4865896
170725663	0.48656917
18094952	0.48654127
278995634	0.48642573
258372647	0.4863385
2180745480	0.4859645
1209338426	0.48584718
2230234412	0.48544946
579962917	0.4853845
1199658468	0.48516938
2319599660	0.48509485
14783070	0.48444316
72937260	0.4844033
197527822	0.48386225
330293740	0.48386225
77195555	0.48386225
329787485	0.48360527
61661638	0.48287985
41537564	0.4827702
345778482	0.4815388
2344531388	0.48039916
171919007	0.48031655
448077183	0.47919035
2321350494	0.4789792
830020351	0.4785464
2311328749	0.4777904
524732173	0.47690773
2465991367	0.47672933
1310746040	0.4767183
2573551328	0.47604862
2732425088	0.47566634
540346883	0.47558695
192170074	0.47536203
126413239	0.4745424
1402993687	0.4741999
1850041968	0.47332337
348642818	0.4723869
272357654	0.47207123
179527320	0.47171852
2875909930	0.4716618
551303014	0.4696282
3037061194	0.46961892
283969398	0.4693978
242469235	0.46921626
48476699	0.46865287
2716326589	0.46785107
2433030943	0.4670802
21380147	0.46500474
225018425	0.46494988
537018713	0.4646592
414909904	0.46407288
2253783906	0.4636108
100258014	0.46357322
80104835	0.46335936
495974881	0.4632265
2502970082	0.46298122
49138823	0.46270576
821118710	0.46252802
2722167346	0.46209168
20143373	0.4608234
760195754	0.45998216
14542355	0.4583496
102816266	0.45817858
2893134987	0.457554
2788588083	0.45680714
636453747	0.45601493
29737876	0.45553434
123420826	0.4553767
214498778	0.45430335
125210248	0.4532512
2868036082	0.4531965
1003088551	0.45280927
8632782	0.4525095
49161513	0.45221817
1924310023	0.45177975
1092348054	0.45112202
83637812	0.45110628
2417993377	0.45094466
1279746739	0.45079786
2567518027	0.4503924
1970197386	0.45003614
2690213130	0.44962496
411058138	0.44917336
23665498	0.44896373
1634354948	0.44885695
131517152	0.44655952
72311906	0.44600388
2595519847	0.44539443
602449513	0.44515496
248401870	0.44503707
3072280286	0.44503042
376722924	0.44409016
1924312855	0.44368687
251092819	0.4435309
1412771047	0.44350633
575887522	0.44342682
192583349	0.44282103
53567779	0.44229528
19464543	0.44226232
2420713926	0.44192338
15403755	0.44155827
2762675417	0.4410187
2695899913	0.44069052
2270087731	0.44063452
161769014	0.4405224
1969479445	0.44029525
2283967116	0.43887544
282349518	0.43835056
2547458076	0.43823594
624920658	0.43807232
2264634042	0.43778476
2968276594	0.4360213
3035804476	0.43587542
196900797	0.43581668
1919170645	0.43520537
18413616	0.4351748
1581430110	0.43444222
56660706	0.43444222
77479563	0.43444222
3023251397	0.43388084
2262191162	0.43293563
849617886	0.43259248
476337209	0.43187192
299891017	0.43135655
1643123766	0.43107542
2181334776	0.43094537
15264378	0.4308748
2830903194	0.430473
942422774	0.42948422
2314227612	0.4288521
2575101426	0.4283381
1452702914	0.4278782
120130287	0.42704555
591390306	0.4263164
181763318	0.42537835
1370906497	0.42531613
21640980	0.42430267
279585313	0.42340854
384151362	0.42327076
728700470	0.42326033
2586354205	0.4229445
71885806	0.4227665
131609773	0.422651
176830279	0.42181522
2403446119	0.42130557
2234758370	0.42124283
64444815	0.4201882
2813468532	0.419899
2813546611	0.41989896
39310714	0.4197625
2180609708	0.41973802
226024854	0.419615
557783735	0.41882008
1671560821	0.41861117
212597510	0.41844675
78383733	0.4179575
2464284763	0.41700423
2883878790	0.4169847
102325185	0.4169086
30422978	0.41666287
712632668	0.41660556
289104912	0.41617972
2400809395	0.41602594
2694624362	0.4154928
2984242248	0.41524765
16145086	0.41443813
16252960	0.41360602
20544047	0.41315866
19560393	0.41252282
14146896	0.41238177
385249901	0.41238177
345217288	0.41208494
2751982143	0.4119062
3022668393	0.4106677
18925557	0.4106199
397714114	0.41042632
49340990	0.4102475
2840234932	0.409526
299943599	0.4089001
24432664	0.4084776
2813520439	0.40807906
312785410	0.40792975
1369183346	0.40705624
146133213	0.40679884
3044774013	0.40656346
330196261	0.40650514
30951174	0.40597636
1490781439	0.40584695
2461556142	0.4048436
323845126	0.40422976
932652001	0.40422076
196669584	0.40407982
76921999	0.40370482
582868501	0.40319002
496404590	0.4029169
269294861	0.40264037
69906279	0.40217152
2973147219	0.40189943
2181314366	0.4018457
20216291	0.40120408
56255882	0.40115726
248749158	0.40065238
397402573	0.40029013
2813480010	0.40024024
117088484	0.39993674
207203125	0.3997683
615329833	0.39934808
2846650551	0.39913106
15518304	0.39903808
589402824	0.39841056
1944771998	0.39757603
285594128	0.39720255
467594742	0.3971976
317574792	0.39696473
2280994256	0.39591116
331265757	0.3955758
1969465873	0.3954128
2136001	0.395346
318630104	0.39521793
231494313	0.39406958
163060897	0.39357567
339690898	0.39356878
578383794	0.39353707
2815979137	0.3932144
30736948	0.39256975
76369001	0.3914269
31175797	0.39115667
492671190	0.39105454
106203627	0.3908402
2811901524	0.39079785
2813549575	0.39079785
267149304	0.3900653
245475764	0.38966313
69605961	0.38961872
105845978	0.38929552
886837747	0.3886879
322650695	0.38847998
1355510426	0.38841653
182440063	0.38816243
437603468	0.38808608
3023193112	0.3876118
15288190	0.38656598
570154956	0.38625544
201881524	0.3859234
1092564138	0.38568002
2324022344	0.38563293
415932537	0.3852902
425909589	0.38516265
507972021	0.3850404
987771205	0.38491526
368055938	0.3845107
2538221346	0.38438746
38308188	0.38402876
2864524709	0.38305363
558080068	0.38296956
473359335	0.38249382
1039081430	0.3823158
252130524	0.38115418
30012714	0.3805979
2430178969	0.38056242
215803776	0.38044393
34903803	0.38015562
1923879936	0.3796488
31181566	0.3795086
168744961	0.3792187
2711726433	0.37916592
385378092	0.37885934
432521961	0.37771705
1560282486	0.37728098
461777869	0.37704563
2442506906	0.3757324
2762245365	0.37567198
1664138053	0.37559658
37091176	0.37535572
2306868572	0.3753142
2431469365	0.37482494
213936621	0.37460017
2447351600	0.37421322
797942226	0.37390205
7993232	0.37371904
2591771400	0.3736758
323808915	0.37363106
188985860	0.37328717
2411998718	0.3727216
2169254353	0.37237427
248372234	0.3722241
30940468	0.37185016
2353975496	0.37151265
16460151	0.37119955
2172003933	0.3709991
1645641920	0.37099022
54481103	0.37087584
1571165700	0.37032735
1023594121	0.37018624
2839975129	0.37004244
225381056	0.3699471
180242723	0.36930698
2181326676	0.36928925
188243290	0.36928713
1626330037	0.36914623
193122450	0.36894804
2260954471	0.3683895
6172452	0.3665272
365479827	0.36647674
989660850	0.36579978
2739044695	0.36553234
48981442	0.36539072
2484513824	0.3639463
2928995946	0.3632006
48041449	0.36291155
227045856	0.36246338
935242836	0.36183935
1701832352	0.3617031
570324105	0.36118424
794108792	0.3610484
2350728631	0.36058816
956645150	0.36010098
302349992	0.36007112
1076916151	0.35953477
283048190	0.3594832
54653742	0.35896698
438864627	0.35889393
2478778274	0.3580052
133056605	0.3575794
299539715	0.3575678
298746750	0.3572397
222701184	0.35721487
67582229	0.35687006
294058898	0.3564493
2761667332	0.35612494
311040881	0.35590482
93775042	0.3554871
801698222	0.35526282
2317438183	0.35500252
1557502416	0.35499352
2596288916	0.35481513
43123567	0.35459363
301363956	0.35456216
14744629	0.354346
216865166	0.35421634
2859275388	0.35399058
54113256	0.353975
746938556	0.35343537
120797863	0.35331726
69476342	0.35318023
2657738660	0.35289788
2214510864	0.3526337
1214785736	0.35237402
1970190690	0.3522108
2564981	0.35173494
2557652040	0.35144806
1923926642	0.35133713
134854762	0.3510027
1586109433	0.35063344
2453046745	0.3500263
2782686796	0.34994254
154679572	0.34953874
2953529908	0.34936523
2741402788	0.34936038
66985306	0.34860504
2875196356	0.3480448
490808118	0.347845
2901123513	0.34763974
389353816	0.34743825
68559732	0.34743476
1467412392	0.3471943
184090150	0.3467415
2690880577	0.34654242
2771954373	0.34654242
2440758955	0.34637144
463162523	0.3458716
14681336	0.345796
1020054625	0.34573165
825286027	0.34515786
587701649	0.34514362
30149549	0.34508392
2577380516	0.3450642
71680880	0.3448438
166559015	0.34475312
2513161543	0.34385306
58652546	0.34377217
2335651058	0.3435857
539426021	0.34345126
17246651	0.3431605
3091014032	0.34298408
242954869	0.34287623
1961041356	0.34274796
2195055925	0.3419904
1969380512	0.34170982
20908746	0.34169126
2778809762	0.34130663
2752148602	0.34124994
2758996683	0.34124994
2446282075	0.34114373
37148595	0.3410004
2895272943	0.34071872
232963053	0.33972824
262475315	0.3392895
107576419	0.33923876
34389648	0.33913374
66103873	0.33892438
62615103	0.33867273
849923298	0.3385714
1020182690	0.33853996
1706183262	0.3382806
302951876	0.33804733
1969492099	0.33787096
72699258	0.33781755
2895389277	0.33743292
205516699	0.33740127
1970115625	0.3372269
1285949539	0.33711365
2345522113	0.33702248
1377472224	0.3367145
2817966517	0.33655256
2531971782	0.33654445
268844094	0.33608556
1965700238	0.3360136
1969826696	0.33585468
2181373892	0.33576986
9547482	0.3352798
49665600	0.33505315
1201683000	0.33463794
28031074	0.33463794
391912821	0.33463794
1244482620	0.33456904
302273348	0.33430764
506411052	0.3341901
2772010364	0.3336966
862110601	0.3336285
271099845	0.3335562
820110584	0.33340868
1970269903	0.3327772
529167074	0.3327768
2466015984	0.33272636
255319156	0.33267066
95334996	0.3325417
49118282	0.33241498
1436374802	0.33225152
1711733179	0.33219278
2372014244	0.33190808
3023250627	0.33168745
1924256556	0.33135462
1129206217	0.33123612
860766289	0.3308864
1705758318	0.33079624
106959218	0.33059955
2792936242	0.3301375
2185769276	0.3300972
2570479190	0.33000714
1413443995	0.32920408
499411395	0.32891178
181750168	0.32877952
869939479	0.32859468
1475745116	0.32837176
2540665153	0.32777077
2439709722	0.32773626
427465564	0.32689366
2506307970	0.32689205
497226427	0.32687077
2754266770	0.3264945
1162268034	0.32593662
2570233256	0.32547927
85413569	0.32541344
2768299137	0.325261
2777101742	0.3249382
81818159	0.3248803
2582880452	0.3243717
602288530	0.3243255
2657436853	0.3243081
462710481	0.3238644
13363682	0.3238356
2477081305	0.32378513
447289978	0.32345593
22426933	0.3234442
56641554	0.32329282
95483024	0.32304153
83816037	0.32237947
537128946	0.32214934
450217139	0.321989
56281348	0.32190487
430738001	0.32169256
519930044	0.32162198
286241251	0.32125705
2433559154	0.32118186
2939652681	0.32115293
370291744	0.32105464
186365680	0.32098258
2817303490	0.32092744
1729530252	0.3208881
1253312389	0.32083935
76851675	0.3206098
2766256143	0.3203984
596805219	0.32033917
441260402	0.32010105
2447098447	0.31999996
3023094207	0.31999996
718293108	0.31996238
487818318	0.31985593
718182886	0.31951323
72697426	0.31939036
284174585	0.31933588
2409124448	0.31921557
2934684204	0.31898147
227049888	0.31864244
49663205	0.31818503
79047876	0.31812572
520104860	0.31782252
751374678	0.31763345
2548751058	0.3175919
2527494464	0.317091
2949170655	0.31681275
21679494	0.31666505
624935877	0.31663418
555186610	0.316621
34413897	0.31650543
976797445	0.3164451
2785049536	0.31610855
3091077265	0.3158273
142746241	0.31549025
591417279	0.31539965
428971031	0.31539398
2402287723	0.31481504
1627248878	0.31429562
1954730264	0.3140208
475809343	0.31379977
1912608727	0.31362495
80166642	0.31361604
31892617	0.31361336
305821203	0.31339145
15172738	0.31326026
84964090	0.31320632
15380584	0.31314743
493988146	0.31248683
989651166	0.31221968
1609373209	0.31205246
2968301068	0.31191564
1245395222	0.31183982
293550313	0.3117357
2821393991	0.31172562
15248550	0.31151712
1137633156	0.31149143
2167406106	0.3114666
1838451102	0.31135815
2275658568	0.31113374
2432456940	0.31111783
564306618	0.31092003
376809369	0.3107459
142584642	0.3107438
23093161	0.31010407
61070331	0.30998188
1163696714	0.30984825
2413897500	0.3096606
2847302014	0.30961326
1320968377	0.30949938
1914912530	0.30937496
2696097134	0.30937496
2663503780	0.30932215
450739739	0.30877933
24808228	0.30870616
21579552	0.30858696
809122560	0.3085611
2269536694	0.30827373
2913023527	0.30818903
2482407307	0.30814788
102452225	0.30762994
2468917100	0.3076266
2731989089	0.30751824
23133870	0.30748075
469081878	0.30746076
1402824210	0.30694538
2398532839	0.30652994
713281530	0.30646244
93279637	0.3059822
2245748490	0.3055996
14845720	0.30545288
2684011837	0.3054057
170366190	0.3052891
29870954	0.30518162
293751993	0.30507958
2783314897	0.30503786
220831462	0.3048756
1912121448	0.30480787
3023219619	0.3045937
2355258919	0.30431467
411786151	0.30415642
1209595398	0.30411404
407407474	0.3040932
624927669	0.30362847
1005140833	0.30361637
1969925227	0.30352288
2400287502	0.3033874
1633729740	0.3033523
85092004	0.3032694
213118052	0.30315673
533972176	0.3029979
2181346825	0.30282992
55737961	0.30259007
14641650	0.30244464
523462279	0.30239713
2429554514	0.30180955
1292305116	0.3011906
63351677	0.3010049
2150696418	0.30089882
66915233	0.3006369
855628410	0.30014014
14288935	0.29969895
1672983343	0.2991434
2785328266	0.29893237
23269592	0.29887176
182628483	0.29850438
2791102042	0.29847813
2276954768	0.29843077
15711884	0.29819477
340037225	0.29819402
50263268	0.2978964
314346929	0.29787472
268006481	0.2976847
1510568178	0.29745573
2808738798	0.2972805
2412858253	0.2972027
2761747339	0.29662395
2376390996	0.2962569
989657845	0.29623157
18231718	0.29614425
2874302062	0.29611748
162419093	0.29605567
1917600852	0.296008
14420570	0.29589778
2438988133	0.29556245
2739781156	0.29556245
46506260	0.29544735
634020001	0.29542315
14781188	0.29511082
2797704688	0.2949596
605342007	0.2949338
27079510	0.2948473
1199071592	0.29456848
20064603	0.2945603
2751805497	0.29455113
1913702689	0.2944649
477803311	0.29434773
35480744	0.29427958
2496832734	0.29367733
2322968462	0.2930302
1429032192	0.29278934
716552396	0.29260394
2516675941	0.29243004
86803454	0.29242855
275822906	0.292233
630428077	0.29216263
242706639	0.29190993
54856859	0.2917192
393125588	0.29159954
2440894303	0.29141212
2570001	0.29136294
128001460	0.29124212
272487947	0.29112113
264624088	0.2911091
2897077666	0.29104686
15813904	0.2910071
42091991	0.29086632
174349853	0.29085317
632352868	0.29071182
436248154	0.29044193
952328491	0.2904244
2818012008	0.29019973
707566513	0.29015392
1132377396	0.28971
27734496	0.28951135
103810916	0.2894441
3023250329	0.28910112
2548424136	0.28909436
2175055010	0.28895116
1161725924	0.28887364
2896059335	0.28876013
2774262549	0.28812498
2707246902	0.28797674
996335270	0.28785992
2467342878	0.28782254
28600400	0.2875275
2783471525	0.2874096
2430214135	0.2871687
2181390564	0.28705963
222187111	0.2869603
2452116132	0.28683323
2484494197	0.28651446
16858417	0.28625643
2243075472	0.28619948
1046352450	0.28618568
2990106209	0.28612486
275667670	0.28596222
62597423	0.28588003
98560220	0.28570813
2964569193	0.28550413
1366631	0.28536034
869918281	0.28532737
125987346	0.2848145
862105645	0.28439462
374101804	0.28434536
19159076	0.28433263
2400480938	0.2841829
486361268	0.2841163
179022357	0.28398627
52746656	0.2833591
2696862205	0.28329492
487089617	0.2831576
2407817682	0.28305155
2746265676	0.28301564
91321449	0.28256828
108511039	0.28251398
2956204705	0.28249794
568178203	0.2824639
109498771	0.28243783
1621323433	0.2822064
286427074	0.2819718
1847302273	0.2819401
295299583	0.28189784
2946623685	0.28189188
51932290	0.2817774
377666101	0.2814843
1676345658	0.2814619
2952217727	0.28138155
27585679	0.2812264
2915023888	0.28121954
48739932	0.28098416
2613531324	0.2809494
2758001153	0.28086954
61501509	0.2808659
1222829917	0.28063905
431831209	0.28042114
320694748	0.28027332
57260327	0.2802075
3051829922	0.27984753
72105856	0.2798472
1884013189	0.27960566
382281165	0.27960467
3023263823	0.27954334
41205522	0.27924222
18574762	0.27869835
18316690	0.27849442
1046312670	0.27840993
1662365462	0.27815545
14895731	0.27749997
1489855963	0.27749997
1912106508	0.27749997
1912590181	0.27749997
2315241744	0.27749997
2413901845	0.27749997
2787363167	0.27749997
2894712106	0.27749997
2897001791	0.27749997
607013952	0.27749997
2291026128	0.27742952
450761751	0.27721697
2991256428	0.27718922
3018836009	0.27711087
431239530	0.2769133
2747217973	0.2768532
2947838270	0.2766527
706119139	0.2765835
2263452746	0.27644396
2442879740	0.27631113
297817296	0.276299
2150927341	0.27621454
50800056	0.27616593
2767855283	0.27606517
46475276	0.2759603
19318159	0.27575886
2178734696	0.2756848
607617514	0.27559125
1398625656	0.27559114
18824894	0.27504367
2433161322	0.27496326
2741816900	0.27482998
103650751	0.2747579
137061901	0.27474496
191005840	0.2746064
2828274108	0.27456778
223170008	0.27453208
123425184	0.27439672
1969552244	0.27434862
1416078199	0.2742831
1134484321	0.27400452
90466492	0.27364692
3063418949	0.27361166
22346782	0.27315265
932806561	0.27298605
49706633	0.27294126
2788369540	0.27271873
61810653	0.27237886
139331458	0.27237198
2328972139	0.2723535
29927236	0.27233577
245723776	0.27217522
1092267594	0.27209613
2413556592	0.27195823
249907007	0.27195033
72621480	0.2716063
2444922048	0.27136403
387998844	0.27133617
287966215	0.27119437
2574112584	0.27105412
2244024828	0.27069855
2400601442	0.27064443
231582881	0.27016008
2762865321	0.26999754
2765730322	0.26979685
25331628	0.26973313
2859426516	0.26928717
49537735	0.26903287
126731503	0.26900482
1345862960	0.2688362
987773264	0.2687684
1097148997	0.2687404
84121886	0.26867476
2376070188	0.26842174
1862921168	0.2683488
3073241957	0.2683374
2737519909	0.26825935
2688795049	0.26820308
20005393	0.26814103
2912513947	0.26793748
1092305288	0.2679348
49533260	0.26766393
2895372119	0.26766258
2875715945	0.26763612
1356885824	0.2674449
20982582	0.26735196
463861175	0.26725295
964372705	0.26714236
2181403417	0.2670184
433158220	0.26699087
2703101706	0.26687497
1254854268	0.26687208
24403493	0.26685077
2813492280	0.26683977
2889858040	0.26658267
2790545412	0.2664817
1632276380	0.2664149
2908625013	0.2664149
167073775	0.26635444
139794278	0.2662875
1092298711	0.26627627
2321168600	0.2660582
2580713054	0.26554412
2371001545	0.2654664
2664773935	0.2652812
113410319	0.26527616
2280064627	0.2652152
12234352	0.26519012
222585475	0.26516402
30983589	0.26467767
17996546	0.264485
472072419	0.264095
14228535	0.2640868
110277416	0.26400942
1833020461	0.26395392
2422703600	0.26355162
2433237991	0.26354474
33292567	0.26333547
987787243	0.26329848
2786934532	0.26322633
2990706009	0.26271674
271618423	0.26268533
21658034	0.26267546
2920720174	0.26249397
60139630	0.2624852
465521255	0.2621323
52130223	0.2620817
2897498647	0.2616397
1554027631	0.26162603
20749124	0.26160043
59073202	0.261512
2822379212	0.26143786
2369236911	0.26125187
1093347656	0.2611125
2329754462	0.2609011
1373368518	0.2608093
2372162220	0.26078653
381186602	0.26068768
1021169419	0.26058194
2449342321	0.26038677
1969320138	0.26029107
2773040013	0.26014802
2616078031	0.26010725
2341445778	0.26010174
996051864	0.26008642
2777878690	0.2599594
1587217963	0.25987914
84989659	0.25981888
2785069703	0.25973362
634534933	0.25955424
2457135631	0.2594982
32527206	0.25946498
1615736690	0.25922614
288286101	0.25922224
19723900	0.25922215
2545263044	0.25917184
2783242593	0.25897518
247901684	0.25896245
2896651557	0.25890622
2858949710	0.25836927
2394550880	0.25831568
703285112	0.25814945
36460987	0.2581219
3026997355	0.25805688
183294525	0.25798902
2792802479	0.25786266
92670248	0.25771075
2609555142	0.25762194
143772190	0.25737056
139133793	0.2573481
148335414	0.2571891
2709019986	0.2569976
2689915794	0.2569645
17001831	0.25668576
23285206	0.25666642
2469960229	0.25646245
2399527458	0.2564114
2768182809	0.2564114
354924835	0.25626436
1914089904	0.25624996
2297518694	0.25624996
2688542402	0.25624996
2696585702	0.25624996
2762097711	0.25624996
230254138	0.25610042
2376617646	0.2559161
1417942526	0.25571594
5882802	0.25570744
2532829262	0.25561678
260804576	0.25539237
1248130122	0.25532457
2781523419	0.25509208
2850153345	0.25475407
1137292440	0.25452894
3039494043	0.25452486
822234342	0.25435457
2433897396	0.25432962
440228392	0.25403747
3091880403	0.2536981
195152928	0.25356746
2437345560	0.2530625
96697770	0.2530353
1042814112	0.2529711
2478981685	0.2529456
2793688485	0.2529456
184345490	0.2528455
2230705400	0.25270247
5976502	0.2524878
64730375	0.25247678
2986365485	0.25244856
933545473	0.25232735
1370845128	0.25230226
2399391152	0.25219434
278584330	0.25218847
2343953910	0.25213677
2445565417	0.2519649
110147594	0.25180754
2784168617	0.2516812
440238281	0.25167274
2522382476	0.25164694
1657908247	0.2515739
253483915	0.25142157
767658752	0.2512522
960834355	0.25072995
1907922643	0.25070822
2968210600	0.2505259
1066801676	0.25033104
16727846	0.25022542
1906311631	0.2502246
497194674	0.25018853
1296832422	0.2501297
3015937503	0.2501297
16429510	0.2500873
3091884801	0.24978787
627695874	0.24933475
902419718	0.24930209
334958809	0.24919522
232503690	0.2481547
564028178	0.24794182
20704858	0.2478587
2747583881	0.24783497
718928220	0.24759106
2920160187	0.2473458
2774380985	0.24704163
2720144785	0.24696949
16791749	0.24689387
2883467183	0.24688429
27724029	0.24688406
2585209226	0.24675792
3007704313	0.2467469
16802422	0.24634762
324995389	0.24622089
159367166	0.24618483
2848072954	0.24601053
2246411064	0.2458827
2197054086	0.24587128
226828258	0.24580792
373101970	0.24574047
2285727007	0.24557215
1388848657	0.24555694
989695484	0.24503818
25770215	0.24498746
234576928	0.24476597
2385944899	0.24465823
381218136	0.24462724
20158190	0.24462512
21233042	0.24422315
1116331430	0.24419743
2731385984	0.2440525
132998918	0.24405038
2362277231	0.24396521
2903269091	0.24393113
2472415335	0.24381879
108557666	0.24379729
180317088	0.24378173
1263284131	0.24375534
2738952436	0.24373902
2769362001	0.24367926
2508727218	0.24358496
279786446	0.24342428
2837165382	0.24298428
153876973	0.24295728
31288110	0.24295461
148912873	0.2429381
1354181006	0.24286279
2869897174	0.24275419
1610934914	0.24271834
516723501	0.24271429
427851636	0.24262819
348512823	0.24261105
1131932318	0.24250436
2222682198	0.24230537
2754088175	0.24222496
921464372	0.24211296
1616185404	0.24173486
88090593	0.24168259
588555496	0.2416164
285706984	0.24160203
2754696185	0.24136426
2758506003	0.24128929
243618345	0.24110372
1669354638	0.24084371
2455275456	0.24084371
2737173747	0.24084371
2782062341	0.24084371
2812960932	0.24084371
2898093386	0.24084371
3023338204	0.24084371
2211386161	0.24055126
2456447149	0.24044439
22949704	0.24039316
2770608200	0.24018867
2181281054	0.24011067
1086523855	0.24008323
1905184166	0.24008323
1543212792	0.24005792
47047946	0.24003714
2527511184	0.23991251
104712815	0.23970333
19627971	0.23970288
1053484388	0.23953882
372020500	0.23951948
2785169000	0.23951831
2738270835	0.23924996
26046662	0.23903292
592355101	0.2390199
123228940	0.2388205
39196736	0.23871791
2612607522	0.23868084
2282347955	0.23864034
2701436990	0.23859322
133910588	0.23849094
632296843	0.23826429
179709141	0.23816608
556077690	0.23814723
3065074336	0.23783678
2430919999	0.23780018
2760957474	0.23780018
3008614621	0.2377883
2433795890	0.23774329
1671828877	0.23773718
32227044	0.2376399
109927499	0.23753421
275099779	0.23749936
375279433	0.23713875
60705956	0.23709089
1289175368	0.23673847
32516638	0.23673287
89571091	0.23664454
63716200	0.23656294
2194729068	0.23650658
34844235	0.2364671
21965432	0.23644087
73540921	0.23632699
1625296296	0.23614952
481352356	0.2357519
576367925	0.23543048
1526288869	0.23535188
2737924896	0.23535171
195976126	0.23517296
26605563	0.23512712
286872188	0.2351163
2840105555	0.23501109
2466987067	0.23499997
2897551642	0.23499997
439711666	0.23497076
276679058	0.23475099
1854900966	0.23430555
66583271	0.23422858
1858966682	0.2342031
408677509	0.23416671
127871544	0.23388466
18429716	0.23388466
311852242	0.23388466
312280698	0.2337721
450067470	0.23376016
1879866679	0.2336187
2818198537	0.23319918
630439865	0.23318952
46583723	0.23316127
2409197628	0.23252162
2548789856	0.23236749
2863019401	0.2320818
433881517	0.2320238
2426037691	0.23181246
2549896526	0.23181246
2763635783	0.23181246
2782910871	0.23181246
2434295839	0.23178762
282599080	0.23175399
315783277	0.23168546
49257629	0.23165348
2415908742	0.23163539
2353552285	0.23161727
2147877331	0.23155949
257111338	0.23152131
207085361	0.2315157
266227773	0.23127283
2780155305	0.23113513
406921518	0.23088577
1581782214	0.23084
2945111705	0.23080458
340214063	0.23076066
15900502	0.230699
404853456	0.23061205
267384172	0.23053174
893846334	0.23022923
2351076098	0.23011708
2554107798	0.22988743
2420774935	0.22985289
2196900553	0.22983557
82724369	0.22977199
2491481930	0.22965029
2869074334	0.22947198
2851185024	0.22946122
1533781267	0.22918595
350262515	0.22905485
1284466351	0.22896639
3959931	0.22894865
105909464	0.22881424
150531378	0.22874685
2543505635	0.22874051
1672501328	0.22866136
356296224	0.22863868
2452767372	0.22862497
35420682	0.22860214
374845889	0.22842221
1199439283	0.22841299
9952152	0.22838135
2439071094	0.22821844
21579486	0.22793993
19171206	0.2276966
2332557906	0.2275046
1855436449	0.22729684
2895037234	0.22729684
2761629659	0.2272809
38493354	0.22690125
59035579	0.22676048
621297875	0.22665516
1962149498	0.22663906
18270633	0.2264606
3010725104	0.22638622
300488362	0.22631364
2424364068	0.22618145
2216792106	0.22607487
1261216734	0.22600047
480650271	0.2259723
301731134	0.22594096
37040959	0.22575308
239080208	0.22575009
16102455	0.22568515
2905636554	0.22563273
134354451	0.22551873
23028301	0.22527237
1611473052	0.22523576
2342763212	0.22520344
128550246	0.22516271
801218796	0.22500268
290535225	0.22493993
3012220333	0.22487572
977677104	0.22466472
1612339386	0.22458747
2441177480	0.22458747
2895464639	0.22458747
2757388535	0.22437498
317039841	0.22433597
370008201	0.22381926
1949701902	0.22376171
16453712	0.22368671
2924234608	0.2235764
16082873	0.22354849
196029047	0.22346705
62155958	0.22333255
76607138	0.22333255
381217815	0.22326897
1289086184	0.22268689
2904875196	0.22263809
3027634724	0.22244588
2786447685	0.22233497
2468326928	0.22216487
2448859862	0.22208303
28863327	0.22196794
114845234	0.22174126
3091904206	0.22145838
2841194833	0.22118396
64391036	0.22108456
33833817	0.22087976
84355003	0.22081563
86796377	0.2207979
44354128	0.22078471
133118156	0.22073802
364930955	0.22052965
2760808768	0.22041067
2197116199	0.22005498
2711628616	0.22000125
147596921	0.22000018
20779973	0.21995318
277561227	0.21991944
2447967798	0.21975242
544193337	0.21969561
2447901655	0.21948469
3064653303	0.21945612
1449880381	0.21945104
1599870660	0.21943964
2232691961	0.21927136
2361410524	0.21927136
2904610481	0.21927136
2933058848	0.21927136
34261199	0.21927136
604393879	0.21927136
81061068	0.21927136
1911521552	0.21916872
2753036032	0.21913366
2787084424	0.21913366
158226516	0.2191079
369162851	0.2190578
119627325	0.21894985
217824512	0.21888633
101823764	0.21886627
577187858	0.2188656
26101798	0.21883509
149010947	0.218826
159136516	0.21850982
1911680414	0.21850073
2594930994	0.21843421
39466932	0.21839245
381307704	0.21836582
52718098	0.21829349
906249536	0.21827605
3064520638	0.21827382
2452241491	0.21823904
2766161915	0.21823904
2342215530	0.21808247
322963627	0.21805954
2478748854	0.21799996
2690002717	0.21799996
3018224861	0.21790257
296804226	0.21784842
385447766	0.21778245
15899320	0.21774597
2902216326	0.21758199
2908435338	0.21755621
9215452	0.21735874
429065890	0.216975
515722717	0.21694884
18235667	0.21684557
1976890536	0.2167873
2419472630	0.21664527
2427811237	0.21664527
2441234647	0.21664527
268579450	0.21649666
734289750	0.21649337
3082216233	0.21646534
123174284	0.21626502
733717446	0.21611267
19338198	0.21594857
152712937	0.21590908
39297925	0.21590908
50083194	0.21588483
24515114	0.21577397
308502637	0.2157258
2451977599	0.21568018
1365750296	0.21566635
324167015	0.21538533
257074833	0.21530765
2439074089	0.21527709
2874538467	0.21513231
25728663	0.2151292
2463334585	0.21491826
49327527	0.21491826
162925002	0.21473464
1498536354	0.21450919
1712668908	0.21438283
23084050	0.2143336
1969446896	0.21410695
50463387	0.21394625
1673837306	0.21383414
1213749469	0.21383177
1625358085	0.21374997
1879593144	0.21374997
1888721442	0.21374997
2402584634	0.21374997
2411740520	0.21374997
2412346352	0.21374997
2417020256	0.21374997
2427773827	0.21374997
2435786581	0.21374997
2458947588	0.21374997
2462992933	0.21374997
2516249520	0.21374997
2543042814	0.21374997
2548454875	0.21374997
2549877990	0.21374997
2550859334	0.21374997
2662475986	0.21374997
2748448133	0.21374997
2754286829	0.21374997
2755476141	0.21374997
2759235773	0.21374997
2760578693	0.21374997
2764633060	0.21374997
2765787281	0.21374997
2773188592	0.21374997
2778182643	0.21374997
2802289489	0.21374997
2894688159	0.21374997
2895270117	0.21374997
2896916872	0.21374997
2912091884	0.21374997
3012496645	0.21374997
36998358	0.2136719
23881645	0.21365544
146065092	0.21363333
240033834	0.2136056
575495944	0.21349387
2152612894	0.21343607
70696337	0.21340138
2471368838	0.21340048
2888729354	0.21321644
2533183399	0.21317324
376753833	0.21316245
148883773	0.21307519
1075187563	0.21299489
2285060845	0.21299489
470919829	0.21298179
321692995	0.21288419
24210676	0.21283571
2166383894	0.21279074
1596234775	0.21269
123428914	0.21265513
2417675437	0.2126532
2756555216	0.2125921
515780586	0.21220692
1510570345	0.21219087
857462130	0.21218194
2177764470	0.21210319
2295050682	0.21208784
819738901	0.21199994
2231167736	0.21198873
2850345055	0.21189949
312681971	0.21187621
3022739430	0.21180972
2593739383	0.211784
53708329	0.21173963
63023412	0.21172144
2773644496	0.21170998
2795789015	0.21169901
2435931235	0.21162261
131626753	0.21150982
2443141226	0.21113436
2818243225	0.21098506
110093517	0.21078978
33815837	0.21077378
262592705	0.2106666
2197078218	0.21064687
29618541	0.21058801
261705971	0.21056442
2424552684	0.21056247
2549098015	0.21056247
17771923	0.21054798
346144728	0.21046129
94897198	0.2104455
39822256	0.21043487
1448127140	0.21041538
3066071951	0.21036828
326404886	0.2101636
247609940	0.21016255
1241940475	0.21012662
49412961	0.21004403
312664499	0.20993058
2407879965	0.20993024
2233924628	0.20985883
2347049569	0.20982619
3041358687	0.20958918
58930874	0.2095831
2864193298	0.20956494
1511018348	0.20953757
400839033	0.20951144
2987537122	0.20949823
2945638013	0.20942101
2862909478	0.20907144
1692174140	0.20898898
2157806664	0.20894405
1657808011	0.20894107
24732019	0.20892194
2290379611	0.20891991
287441095	0.20890276
2793376878	0.20888437
2614480104	0.20888081
201221109	0.208854
214321318	0.20873213
25396291	0.20870619
167406484	0.20853488
2431112274	0.20846854
1240477135	0.20842671
73545832	0.20841177
296947400	0.20827073
1626140443	0.20820823
1647145254	0.20820823
1651821169	0.20820823
1659497120	0.20820823
1662722892	0.20820823
1691792016	0.20820823
2418486325	0.20820823
2441277408	0.20820823
2445864164	0.20820823
54204222	0.20820823
137960628	0.20819443
14265485	0.20819256
2161206156	0.2080699
2790075131	0.20795271
2749457926	0.20792836
2803574543	0.20787115
39755884	0.20784849
2893115784	0.20732439
38964336	0.20726997
2891014893	0.20709075
1281195463	0.20695725
76229647	0.20691915
133968654	0.2067647
3005585554	0.20674899
2751194333	0.20658872
44228135	0.20652726
263461999	0.20646968
304202454	0.2063971
2446369843	0.20636402
1181702492	0.20625575
2894750572	0.20624754
2921811167	0.20615804
109484552	0.20611784
70564640	0.20611271
561956131	0.20547234
802944248	0.20514317
42684729	0.20508194
235494818	0.20491442
428225985	0.20485336
435273572	0.20477366
866118042	0.20472522
729246649	0.20470887
156807394	0.20466806
2968398126	0.20465876
2662319473	0.20454164
1549642243	0.20448004
2786295634	0.2044531
193323937	0.20432533
472607721	0.20429954
485844722	0.20410314
2862758476	0.20402817
2825810342	0.2040039
2225276335	0.20381546
2383634756	0.20374706
36964924	0.20360911
2559031353	0.20358816
29323628	0.20358668
2752838548	0.20350778
22736244	0.20340222
2614169172	0.20311311
2804870168	0.20310052
2742137299	0.20287693
2988742673	0.20273048
625182176	0.20270255
2752429100	0.20261966
514970022	0.20225802
121254630	0.20216873
632956955	0.20211393
1411402069	0.20198455
2579477766	0.20192754
14926774	0.20185527
2220015630	0.20185064
2312019728	0.20178092
381191249	0.20175432
423985204	0.20162265
484773756	0.20153913
2897850910	0.20153122
2302598977	0.20151389
449464016	0.20145833
25828514	0.20132996
63497552	0.20113254
2686078278	0.20101362
3017626887	0.20076773
3043312763	0.20074022
575576964	0.2007014
2438992889	0.20060267
2828456851	0.20056333
578081311	0.2004608
22309591	0.20045947
125070254	0.20043427
2881595931	0.20028135
2956974718	0.20024747
1365273054	0.20020168
2917083711	0.20019846
219454680	0.20016754
2460552805	0.20014311
2690665146	0.20014311
2761781951	0.20014311
16436911	0.20006101
41588986	0.20005675
185669556	0.20003727
1570679526	0.19993126
232603676	0.19989379
2880369196	0.19978717
1469977963	0.19976078
16233891	0.19976078
2732498090	0.19976078
2463188461	0.19972497
2766605890	0.19972497
2803098295	0.19972497
78690504	0.19940338
180268871	0.19937839
41947301	0.1992215
146529622	0.1991283
2475368160	0.1991115
2228406901	0.19900967
1272751392	0.19896069
2818985232	0.19896069
81964831	0.19896069
1020081481	0.19873308
179411751	0.19860491
33447326	0.19856653
2758072168	0.19852081
15024696	0.19835852
227209725	0.19835852
26884129	0.19826923
17116270	0.19784124
1883339952	0.19774136
19220698	0.1974096
2348871315	0.1974083
236520510	0.19737986
2293885094	0.19723842
483202572	0.19715968
1952436260	0.1970182
2441035322	0.19684021
462132518	0.196789
2754250706	0.19674997
2489558197	0.19656588
2698977878	0.19656588
407221784	0.19643305
1343120126	0.19639617
1011339350	0.19631943
2271967489	0.19611825
2561724956	0.19611624
2457414422	0.1960371
385813376	0.19597298
2356631918	0.19589323
319084057	0.1958513
1376133656	0.19569689
2341281566	0.19566575
2311427814	0.19565523
420649483	0.19559683
89854883	0.19558679
805935860	0.19549158
1576266757	0.19548354
77132656	0.19546448
2437228290	0.19542184
2787826627	0.19542184
381174451	0.19532457
473745411	0.19527325
149300800	0.19504514
40811479	0.1949695
222507714	0.19490695
7172232	0.19484064
942010891	0.19483933
2305140048	0.1947898
2571590701	0.1947898
3045408737	0.1947898
2349604986	0.19477393
1970391553	0.19475068
96815285	0.19469443
18663561	0.194489
25185828	0.194489
25691224	0.194489
275942684	0.194489
28838306	0.194489
480586426	0.194489
847376136	0.194489
2155185577	0.19445664
1967170620	0.1943259
263873737	0.19430064
1427834293	0.19429427
1060726802	0.19424786
724674919	0.1942264
2931684557	0.19413486
21405308	0.19408064
973469222	0.19384836
371074938	0.19361316
181085513	0.19354518
164851202	0.19337688
2423766300	0.19336563
2923205548	0.19334719
2890701232	0.19331953
37551808	0.1932032
1646738978	0.19320054
2437432268	0.19308816
25828527	0.19304512
390579448	0.19303195
2467213297	0.19300073
3022903949	0.19300073
2849226865	0.1928564
100253491	0.19274977
2199980814	0.19271623
1407559375	0.1926614
2962634187	0.1926614
3038256952	0.1926614
2991114906	0.19262291
14380496	0.19255947
1376353224	0.19249997
1888745179	0.19249997
1913764244	0.19249997
2314532492	0.19249997
2408337535	0.19249997
2414656938	0.19249997
2424241236	0.19249997
2452168122	0.19249997
2457018552	0.19249997
2545125114	0.19249997
2549123088	0.19249997
2554811497	0.19249997
2689892654	0.19249997
2690819250	0.19249997
2757383741	0.19249997
2759094929	0.19249997
2761659017	0.19249997
2761689081	0.19249997
2770792169	0.19249997
2785023952	0.19249997
2813981196	0.19249997
2895418323	0.19249997
2896801510	0.19249997
3012117156	0.19249997
3023048847	0.19249997
3023055089	0.19249997
1977344317	0.1924919
1021788536	0.19245186
2804036364	0.19244154
516096222	0.19238272
2373273025	0.19215682
3006987760	0.19213875
2207480136	0.19208466
713680091	0.19206312
448689268	0.19194488
1654308504	0.1919109
2385812455	0.19185194
1537838155	0.1915732
2392077660	0.1915732
944075622	0.1915732
566539833	0.19121633
305216074	0.19112219
2484323647	0.19090623
2751257343	0.19090623
35509119	0.19076842
60693789	0.19073549
2548156224	0.19071409
1095563516	0.19064534
1041665179	0.1906381
108938404	0.1906381
114229421	0.1906381
124508864	0.1906381
134233015	0.1906381
14818134	0.1906381
175323822	0.1906381
17544620	0.1906381
1913316474	0.1906381
198620623	0.1906381
2153887392	0.1906381
216146330	0.1906381
219565387	0.1906381
254908062	0.1906381
26192006	0.1906381
26621851	0.1906381
2778706062	0.1906381
2857000499	0.1906381
2912980432	0.1906381
2924623681	0.1906381
388391442	0.1906381
390761637	0.1906381
49248666	0.1906381
505685183	0.1906381
54627563	0.1906381
62015308	0.1906381
63772180	0.1906381
6477792	0.1906381
72987385	0.1906381
829080926	0.1906381
87258499	0.1906381
212057344	0.19054696
737866058	0.19052044
2782953538	0.19045995
381186485	0.19041842
381191772	0.19041842
381219812	0.19041842
381224958	0.19041842
2796004904	0.19040449
213222099	0.19030243
2998159793	0.19028902
2646419491	0.19027495
2757042696	0.19024265
272085122	0.19011088
459394546	0.18992348
2155645134	0.18983933
16033537	0.1895162
193919470	0.18936534
33362490	0.18935858
3029090631	0.18925649
20363050	0.18913296
2633998622	0.18901391
719233244	0.18892615
20715638	0.18886888
2348716116	0.18886147
2236817017	0.18849578
22690112	0.18847175
199604325	0.18837205
2730423494	0.18833414
357599560	0.18831605
303278822	0.18829867
169849065	0.18823412
113977675	0.1881813
2281876218	0.18802474
2230389325	0.18800908
94118268	0.18794757
1226035411	0.1878242
568633159	0.18773282
373975228	0.18763116
2436464876	0.18725866
2689877132	0.18725866
2583551816	0.18709177
479757960	0.18707412
1342624099	0.18681866
795366560	0.18680668
292716961	0.18657827
2580518747	0.18647216
2743641378	0.18645847
2582977038	0.18641892
2364728233	0.18641287
350970228	0.18621968
2957004662	0.18614338
1611017618	0.18587658
81004958	0.18586752
1375963266	0.18577361
34259389	0.18572372
22340499	0.18560646
3062071730	0.18547623
2298393194	0.18529914
28221389	0.18521687
135343242	0.18520206
2355444464	0.18509735
1007915173	0.18503755
1043744070	0.18499908
3016441887	0.18499419
1511752548	0.18488061
2688470512	0.18488061
2823147779	0.18488061
207249457	0.18482515
29955111	0.1847812
53584956	0.18469557
2153467878	0.1846897
2981182130	0.1845847
2786113012	0.18440038
174879361	0.18435588
31429565	0.18427129
2635765061	0.18426429
2981416106	0.18408705
152555926	0.18407813
2700266765	0.18407813
465537763	0.18407813
793728973	0.18404076
2447962082	0.1839857
479193641	0.18383017
21755922	0.1835462
2908494810	0.1834721
2921952326	0.18331182
2874489085	0.18328778
40334932	0.1831939
851670715	0.18318287
126476008	0.18299139
153485460	0.18269444
16030327	0.18269444
173382311	0.18269444
18061192	0.18269444
1880267845	0.18269444
210206202	0.18269444
21688930	0.18269444
2253710508	0.18269444
2391718256	0.18269444
2467549892	0.18269444
2570216542	0.18269444
2641565950	0.18269444
2812985849	0.18269444
376133178	0.18269444
398992000	0.18269444
406658908	0.18269444
42335846	0.18269444
48306662	0.18269444
49905937	0.18269444
547554661	0.18269444
76083444	0.18269444
76922155	0.18269444
786766700	0.18269444
925858910	0.18269444
983270113	0.18269444
1023491131	0.18264966
243825288	0.18263024
3082188466	0.18244782
257037374	0.18232171
2883907999	0.18205634
2243649086	0.18191868
2254752013	0.18191296
1862024448	0.18187498
1911023395	0.18187498
2398658929	0.18187498
2455667970	0.18187498
2460415308	0.18187498
2518870585	0.18187498
2549445512	0.18187498
2689880504	0.18187498
2695594412	0.18187498
2701496070	0.18187498
271361465	0.18187498
2747588848	0.18187498
2753041300	0.18187498
2753314281	0.18187498
2760879996	0.18187498
2761566520	0.18187498
2762939720	0.18187498
2763919606	0.18187498
2768069109	0.18187498
2779291541	0.18187498
2801259520	0.18187498
2873426073	0.18187498
2895967803	0.18187498
2349386298	0.18178028
1560440960	0.18152557
610105255	0.1813927
2344619544	0.18135652
177512390	0.18119156
184750227	0.18105814
510812041	0.1810457
2316310555	0.18073408
136393773	0.18062878
766003172	0.18048346
390381898	0.18027231
2917783564	0.18001018
1425543451	0.17996065
1662367454	0.17983498
1862365172	0.17983498
2770828156	0.17983498
2780117446	0.17983498
3012446198	0.17983498
55668231	0.17980662
2748403698	0.17954132
90439860	0.17949641
2950905753	0.17949474
621053575	0.17929663
36420170	0.17926714
2403787108	0.17925489
98480529	0.17902327
58828387	0.17889261
2525892205	0.17877461
301634641	0.17864144
395416760	0.17857604
2880143019	0.17857534
1497145735	0.17853478
3040956619	0.17843829
101866726	0.17841849
267802367	0.17837399
2936006231	0.17836183
448593400	0.17830525
73547194	0.17824085
735643934	0.17815776
47671682	0.17810166
59606920	0.1780968
15814096	0.17805022
2777126336	0.17804195
76554388	0.17783077
825744584	0.17782424
24618777	0.17779562
32586099	0.17770645
2385851994	0.17752872
2773514064	0.17752653
1471665404	0.17746079
2300464068	0.17742391
417632113	0.17731754
143932795	0.17730297
1473193454	0.17715678
254953707	0.17715678
2981617769	0.17715678
1156531974	0.17696552
1547662243	0.1769386
1177550208	0.17689483
2883711988	0.17672145
16827373	0.17661788
2773688905	0.176275
348780685	0.17626527
2757958901	0.17626435
2806294664	0.17602849
2774731351	0.1758917
31566066	0.17583886
2558260549	0.17560127
1378065150	0.17549998
1688728182	0.17549998
1911439063	0.17549998
2441590862	0.17549998
2458002474	0.17549998
2458412982	0.17549998
2544217964	0.17549998
2688337855	0.17549998
2700086005	0.17549998
2758041143	0.17549998
2759796531	0.17549998
2763013478	0.17549998
2769811354	0.17549998
2775242860	0.17549998
2788723941	0.17549998
2801179914	0.17549998
2806070984	0.17549998
2895505018	0.17549998
2898440841	0.17549998
44309364	0.17549998
1917883639	0.17527096
2481524150	0.17527096
2880175250	0.17527096
880451970	0.17527096
286006788	0.17524877
151417664	0.17504157
2240354388	0.1750061
2878895430	0.1750061
9071062	0.17479277
1686389167	0.17469545
24229126	0.17461678
2550010632	0.1744419
2799908841	0.17433798
72892215	0.17424105
364333944	0.17402734
2507495906	0.17398787
2751069308	0.17397517
95863011	0.17396359
2662031333	0.17385799
2363504850	0.17378455
164784898	0.17372802
3009819962	0.17361717
2902969040	0.17361113
1722581797	0.17360526
174395328	0.17356424
146552127	0.17355433
1583483839	0.17345536
1877173856	0.17343256
368409800	0.17337058
1534106538	0.17316508
1287510536	0.17308176
2407502291	0.17300847
36989270	0.17300256
27725668	0.17294581
1694393618	0.17293614
2710595881	0.17264955
2302111766	0.1726137
27289559	0.1726137
2269331456	0.17241713
20031601	0.17230836
2675018526	0.17223033
210506986	0.17218438
776473878	0.17213027
465708045	0.17211752
320039724	0.17203838
2695900904	0.17198646
23518353	0.17193007
2411148931	0.17165893
1946807360	0.17147858
363603883	0.17144072
498922117	0.17133145
1913063707	0.17124997
2467588464	0.17124997
2488851054	0.17124997
2547577723	0.17124997
2814840025	0.17124997
2820135667	0.17124997
28815213	0.17124997
2895460517	0.17124997
3012409231	0.17124997
183853112	0.17108332
2827417141	0.17102809
37230319	0.17069538
1895828053	0.17054376
2828273607	0.17054054
2747700453	0.1704531
2793372045	0.1704531
2162843286	0.17043182
2750545378	0.17043182
1449251635	0.17041865
14867905	0.17041865
113785888	0.17028405
265066062	0.17024109
3056385843	0.17024109
2428916787	0.17016621
38301261	0.17007561
2405169193	0.17006004
141258604	0.1700549
533466606	0.17001532
2477525948	0.16992122
493475736	0.1697984
1214566958	0.16969053
2585404027	0.16959658
15752695	0.16956049
1257970358	0.16943128
833565728	0.16926005
269505972	0.16924784
2802578580	0.1692298
2401334202	0.1691741
2526921303	0.16864567
1228451929	0.16850527
2827442674	0.16847326
2715894908	0.16809396
401100868	0.16794433
3012666504	0.16792479
15699248	0.16777366
91439909	0.16768521
225874566	0.1675651
762917023	0.16755444
3059429526	0.16751954
322940319	0.16751954
1702460779	0.16735719
2714985810	0.16731463
3040395718	0.16726711
578074990	0.16726711
975844711	0.16726711
29988256	0.16725773
1969470044	0.16723022
1732500181	0.16713588
48215514	0.16713391
361196291	0.16708855
2997560252	0.16701137
38127880	0.16682392
334873228	0.16675808
861420990	0.16673958
976482234	0.16673319
45937084	0.16659334
153871260	0.16652596
1700935368	0.16652596
2794252005	0.16652045
16789555	0.1664568
266721246	0.1664301
2967945348	0.1664301
2765603292	0.16642886
992017670	0.16634059
1599085987	0.16628103
605044124	0.16628103
3002257200	0.16612871
2155201019	0.16612521
1906248601	0.16602927
157050209	0.16599566
148448863	0.16595383
104232522	0.16592751
14410741	0.16592741
867148020	0.16592741
818248710	0.16592696
977308820	0.16587716
3016371735	0.16586436
382036965	0.16573083
136447449	0.16571127
22661000	0.16568975
66358738	0.16567332
433543251	0.16556561
336793402	0.16552979
3016858651	0.16531882
28917096	0.16506568
9175592	0.16492343
554208493	0.16480125
60458678	0.16478264
2282985871	0.16469258
1723677468	0.16469008
2868125596	0.16469008
1308035706	0.16453464
771629515	0.16448715
3064499531	0.1642715
857189384	0.16416664
2459994672	0.16409454
902104226	0.16409454
1087471117	0.16404842
946957866	0.16404057
1579371308	0.16398576
3103803095	0.16397065
2294809898	0.16396488
2877539236	0.16386697
2857505232	0.16370621
3093709537	0.16363977
2786042901	0.16363001
412748397	0.16360748
313353130	0.16336632
2801474746	0.16335808
39513092	0.16335808
441266245	0.16332895
26699062	0.16325505
16043797	0.16323727
2209630763	0.1630309
477600738	0.16293779
308058864	0.16291697
2546418334	0.16281632
32389968	0.16281632
864319676	0.16281632
2320863031	0.16278908
2764739508	0.16276316
2597068002	0.16269192
1145877600	0.16269116
2896958137	0.16269116
2994774947	0.16269116
1594697232	0.16264851
3087769032	0.1625625
20944292	0.16247116
19277975	0.16244753
2903110151	0.16227935
105258845	0.16226833
3065985377	0.16223729
2341038491	0.16213453
236648634	0.16190788
1490576629	0.16185577
2178611209	0.16184235
47562338	0.16184235
2374027874	0.16181645
1952294228	0.16177846
2693814990	0.16177846
2798460002	0.16177846
52392444	0.16177846
3025587754	0.16175088
420277941	0.1614758
1134743341	0.16145326
1020424015	0.16133587
2957497080	0.16133587
1157462144	0.16128479
2422681957	0.16124532
38727901	0.16118072
2458964328	0.16112617
2997350589	0.16110145
445748390	0.16108662
2447928920	0.16105159
595841888	0.16105133
339767118	0.16101468
20813587	0.16092525
2209523333	0.16092525
47092472	0.16092525
713466386	0.16092525
2957793492	0.16091481
48766737	0.16091453
237714644	0.16076729
2825071862	0.1607641
514934371	0.16072895
336871220	0.16065717
72868679	0.16062704
385769531	0.1606001
2830105093	0.16056396
24763036	0.1604739
3067358270	0.1604739
542686347	0.16047357
2304817231	0.16040617
556276670	0.16040617
24696001	0.1603946
59696106	0.16037185
9681572	0.16035269
195368080	0.16022563
450610574	0.16022563
2383717754	0.16018517
1238915544	0.16014683
20725359	0.16009896
529082928	0.16009896
277219335	0.16004583
2991142287	0.15998499
179318287	0.15996829
1680182820	0.15990353
34261473	0.1598933
2285388840	0.15988728
634862511	0.15975745
264308166	0.15971366
37810754	0.1595961
2815380997	0.15945056
1102610024	0.15912266
1221736705	0.15912266
12507792	0.15912266
1553871637	0.15912266
180473434	0.15912266
1957796006	0.15912266
198423421	0.15912266
204974279	0.15912266
2180452574	0.15912266
2334410965	0.15912266
2357782172	0.15912266
246248928	0.15912266
26468371	0.15912266
2692801200	0.15912266
2743744946	0.15912266
2819256792	0.15912266
2847020799	0.15912266
285871622	0.15912266
2985818862	0.15912266
2997013028	0.15912266
3018136305	0.15912266
34424004	0.15912266
368774680	0.15912266
402154483	0.15912266
466821972	0.15912266
54054172	0.15912266
572961420	0.15912266
60927389	0.15912266
884306288	0.15912266
978671796	0.15912266
2259177605	0.15897037
762326510	0.15889907
601310318	0.15876597
1012376300	0.15876526
1373510713	0.15876526
1906622671	0.15876526
2607611453	0.15876526
2757273835	0.15876526
2800005597	0.15876526
2931656797	0.15876526
367774923	0.15876526
40303450	0.15876526
496340165	0.15876526
478259431	0.15874924
3024207885	0.15865396
1327241353	0.15851063
47331948	0.15846887
257211283	0.15839107
1713849307	0.15832257
2793918427	0.15832257
2818760479	0.15832257
330129840	0.15832257
468796650	0.15832257
49320694	0.15832257
567220738	0.15832257
83837948	0.15832257
243645538	0.15810561
3112422220	0.1580886
73298797	0.1579668
198275980	0.15772636
117857704	0.1577204
1206373771	0.1577204
18544464	0.1577204
191775364	0.1577204
2200069217	0.1577204
2781810656	0.1577204
3049639986	0.1577204
33098114	0.1577204
405099240	0.15770648
1694447893	0.15756498
1557751686	0.15752633
2693713662	0.15746894
3095436401	0.15746881
497129954	0.1574194
2844521283	0.15736566
2321522203	0.15729882
69627447	0.15727358
2507181212	0.15682735
259795115	0.15673238
94626353	0.15667877
2912967347	0.15656756
284946253	0.15631738
16370181	0.15626378
22472329	0.1562031
787383000	0.1562031
3033188231	0.15616457
2293403262	0.15610039
458996219	0.15603867
52145349	0.15601736
2428243346	0.15591764
26170805	0.15591764
2849030764	0.15573467
2872791845	0.15573467
44609710	0.15573467
508168526	0.15569639
22375779	0.1555987
21048766	0.15553313
2286145784	0.15517172
53867772	0.1550359
937517270	0.15499403
142696626	0.15495871
241205239	0.15495871
2412746016	0.15495871
919868366	0.15495871
2361116670	0.15490612
2758896709	0.15490612
33700317	0.15490612
355764143	0.1548422
946726027	0.15472618
481990482	0.15456624
932502344	0.15455414
155283632	0.15428615
2974027611	0.15421726
36128731	0.15421726
127763388	0.15415168
14260491	0.15415168
15679259	0.15415168
2699557074	0.15415168
444273139	0.15415168
460707454	0.15415168
789932292	0.15415168
96679651	0.15415168
1177083624	0.15411542
2949826379	0.15408066
2922793359	0.15366831
3029426344	0.15358417
1972012520	0.15349673
3022343638	0.15342829
74571277	0.15342829
19899344	0.15342695
109179092	0.1532557
1486480424	0.15316723
2895887071	0.15315667
803977459	0.15315667
2917972925	0.15299468
3090419415	0.15294398
24925062	0.15288799
1884755221	0.15284353
430780202	0.15284353
3054214751	0.15266626
1242620792	0.15245366
1374059611	0.15243322
492613179	0.15243322
1004114520	0.15236609
2371387338	0.15236609
1730011111	0.15218881
2904641538	0.15215334
53970139	0.15203734
2957447799	0.15172324
309574588	0.15172324
2920448947	0.15150063
525044453	0.15138142
101023312	0.14999998
10148962	0.14999998
1018785420	0.14999998
102281540	0.14999998
103300417	0.14999998
103504126	0.14999998
103580524	0.14999998
1036497768	0.14999998
103967533	0.14999998
104291206	0.14999998
105203602	0.14999998
105665322	0.14999998
105728104	0.14999998
1062897307	0.14999998
1067178060	0.14999998
107367156	0.14999998
1074309715	0.14999998
1076438077	0.14999998
108032177	0.14999998
108077798	0.14999998
108469356	0.14999998
1097181956	0.14999998
110169083	0.14999998
110575482	0.14999998
110727125	0.14999998
1109866830	0.14999998
1110682142	0.14999998
111325868	0.14999998
111457430	0.14999998
11148192	0.14999998
111981706	0.14999998
112169042	0.14999998
112269293	0.14999998
1131123974	0.14999998
1131449330	0.14999998
1141268886	0.14999998
1142120569	0.14999998
115489464	0.14999998
1155007350	0.14999998
1164357870	0.14999998
116977290	0.14999998
11955082	0.14999998
1206200186	0.14999998
121639325	0.14999998
121676837	0.14999998
1220386050	0.14999998
1247556768	0.14999998
1253465496	0.14999998
125432912	0.14999998
1256941783	0.14999998
126382039	0.14999998
1265023070	0.14999998
1266006373	0.14999998
1266279002	0.14999998
1270061208	0.14999998
127172043	0.14999998
1276129988	0.14999998
1280543365	0.14999998
128334973	0.14999998
1285719914	0.14999998
128654515	0.14999998
128891933	0.14999998
1289038657	0.14999998
1289906790	0.14999998
129125427	0.14999998
1292165288	0.14999998
12959332	0.14999998
1298935814	0.14999998
130408712	0.14999998
1305451382	0.14999998
130696935	0.14999998
130806148	0.14999998
130859358	0.14999998
132133448	0.14999998
1321679647	0.14999998
1322007252	0.14999998
132403102	0.14999998
13278492	0.14999998
134198237	0.14999998
134301407	0.14999998
1347855930	0.14999998
134931708	0.14999998
13493932	0.14999998
135092073	0.14999998
135435379	0.14999998
135502581	0.14999998
1355603460	0.14999998
136147557	0.14999998
1362121502	0.14999998
1363347080	0.14999998
1373416555	0.14999998
1373505554	0.14999998
1377910874	0.14999998
137958927	0.14999998
1380474283	0.14999998
138231103	0.14999998
138766162	0.14999998
139774282	0.14999998
140291260	0.14999998
1418935171	0.14999998
1420021754	0.14999998
142384526	0.14999998
142580507	0.14999998
142827331	0.14999998
143033198	0.14999998
1430670998	0.14999998
1436715474	0.14999998
1441232647	0.14999998
144945322	0.14999998
14530582	0.14999998
145842867	0.14999998
1458939464	0.14999998
14604040	0.14999998
14654941	0.14999998
1470635203	0.14999998
14728865	0.14999998
147914621	0.14999998
14855210	0.14999998
1488994320	0.14999998
1493250956	0.14999998
149372504	0.14999998
1496496361	0.14999998
150110393	0.14999998
150830726	0.14999998
151568342	0.14999998
151827917	0.14999998
1523750112	0.14999998
153308415	0.14999998
1536327564	0.14999998
1536625916	0.14999998
15384133	0.14999998
15391329	0.14999998
1541419580	0.14999998
154535828	0.14999998
1546222940	0.14999998
15596117	0.14999998
1560174734	0.14999998
1561757731	0.14999998
156203223	0.14999998
156392337	0.14999998
1567827828	0.14999998
156861460	0.14999998
1588171868	0.14999998
159565864	0.14999998
159994875	0.14999998
15999548	0.14999998
1601151536	0.14999998
160411644	0.14999998
160533181	0.14999998
160541670	0.14999998
1610060744	0.14999998
1611625316	0.14999998
1614491754	0.14999998
1618065348	0.14999998
161809086	0.14999998
1624459344	0.14999998
1626209047	0.14999998
162838456	0.14999998
1634476494	0.14999998
1636479296	0.14999998
1637781936	0.14999998
1637918923	0.14999998
1646484985	0.14999998
16476489	0.14999998
164860479	0.14999998
1657439018	0.14999998
16576158	0.14999998
1657686121	0.14999998
165797117	0.14999998
16591972	0.14999998
16607638	0.14999998
1662370753	0.14999998
1663416662	0.14999998
1666068925	0.14999998
1668830792	0.14999998
167140194	0.14999998
167622378	0.14999998
1678094172	0.14999998
168002716	0.14999998
168003554	0.14999998
168384413	0.14999998
1684522267	0.14999998
1686278282	0.14999998
1686872700	0.14999998
168709341	0.14999998
1688657744	0.14999998
169212615	0.14999998
1692727952	0.14999998
1694098112	0.14999998
169534774	0.14999998
1695399997	0.14999998
16991053	0.14999998
17001893	0.14999998
17017254	0.14999998
1702290386	0.14999998
17023162	0.14999998
17061648	0.14999998
170616732	0.14999998
171269347	0.14999998
171589790	0.14999998
1724383333	0.14999998
1727122164	0.14999998
1729595918	0.14999998
17305284	0.14999998
173226513	0.14999998
17416650	0.14999998
17513829	0.14999998
176335062	0.14999998
17700927	0.14999998
177907835	0.14999998
17823481	0.14999998
179576063	0.14999998
17972733	0.14999998
180777557	0.14999998
181246648	0.14999998
182311852	0.14999998
18255548	0.14999998
18271235	0.14999998
1837773036	0.14999998
18561874	0.14999998
1858389402	0.14999998
186421148	0.14999998
186533014	0.14999998
186813682	0.14999998
1872367116	0.14999998
1874713082	0.14999998
1881191983	0.14999998
1882661204	0.14999998
188624714	0.14999998
1888378046	0.14999998
1902076832	0.14999998
1910310072	0.14999998
191033785	0.14999998
1910475949	0.14999998
1911148284	0.14999998
1911156006	0.14999998
1911268236	0.14999998
19116695	0.14999998
1911691146	0.14999998
1912057386	0.14999998
1912269505	0.14999998
1912833643	0.14999998
1914668113	0.14999998
1917618870	0.14999998
192339203	0.14999998
192613632	0.14999998
1936277840	0.14999998
19532638	0.14999998
195557465	0.14999998
1958184416	0.14999998
1963384345	0.14999998
1967016937	0.14999998
197560845	0.14999998
197937368	0.14999998
19831327	0.14999998
200603059	0.14999998
20114133	0.14999998
20130833	0.14999998
201450612	0.14999998
20444746	0.14999998
20446393	0.14999998
20600091	0.14999998
20722021	0.14999998
20779382	0.14999998
2092801	0.14999998
21341332	0.14999998
21352349	0.14999998
214742652	0.14999998
2148971516	0.14999998
215251934	0.14999998
2154174864	0.14999998
2156561740	0.14999998
2166358015	0.14999998
2168438484	0.14999998
2172709752	0.14999998
217768567	0.14999998
2178853984	0.14999998
2179084381	0.14999998
2183071524	0.14999998
2183419802	0.14999998
2190197779	0.14999998
2192853824	0.14999998
2199095857	0.14999998
2200244354	0.14999998
2200829288	0.14999998
2202640226	0.14999998
2202735265	0.14999998
2204990539	0.14999998
220574058	0.14999998
22093630	0.14999998
220943553	0.14999998
221679174	0.14999998
22172264	0.14999998
221802830	0.14999998
2219662940	0.14999998
222635593	0.14999998
2228725729	0.14999998
223609223	0.14999998
2236340478	0.14999998
2237327754	0.14999998
224436549	0.14999998
2254368559	0.14999998
225546238	0.14999998
225595202	0.14999998
225656644	0.14999998
225858323	0.14999998
22595859	0.14999998
22605541	0.14999998
2261875772	0.14999998
2265200274	0.14999998
2265646925	0.14999998
2265977400	0.14999998
2266406946	0.14999998
227976979	0.14999998
228088505	0.14999998
228211937	0.14999998
2284636699	0.14999998
2284846512	0.14999998
2285636454	0.14999998
2285641921	0.14999998
22857612	0.14999998
2287531194	0.14999998
2288702126	0.14999998
2289003858	0.14999998
229179832	0.14999998
2291997421	0.14999998
2292177032	0.14999998
22960069	0.14999998
229656797	0.14999998
2297325180	0.14999998
2297391606	0.14999998
2298030908	0.14999998
229848310	0.14999998
230227952	0.14999998
2304652212	0.14999998
231282700	0.14999998
2313164726	0.14999998
2314270747	0.14999998
2315274787	0.14999998
2315988728	0.14999998
2317336524	0.14999998
2317833127	0.14999998
2319092342	0.14999998
2322963240	0.14999998
2324990623	0.14999998
2329199215	0.14999998
2330594815	0.14999998
23331419	0.14999998
2334681132	0.14999998
23393259	0.14999998
23409323	0.14999998
2341358222	0.14999998
2341543052	0.14999998
2341918375	0.14999998
234881342	0.14999998
234990690	0.14999998
2357835411	0.14999998
236387997	0.14999998
2364038506	0.14999998
2369289710	0.14999998
2369308483	0.14999998
2371173529	0.14999998
2373671456	0.14999998
2374404228	0.14999998
237988530	0.14999998
238013898	0.14999998
2380491180	0.14999998
2381409420	0.14999998
238555087	0.14999998
2386248745	0.14999998
238936702	0.14999998
2394993860	0.14999998
2395725385	0.14999998
2398847761	0.14999998
2399337037	0.14999998
239939002	0.14999998
2399834502	0.14999998
2401255520	0.14999998
240185280	0.14999998
2402357612	0.14999998
240775180	0.14999998
2409129084	0.14999998
2414124386	0.14999998
241732378	0.14999998
2419094443	0.14999998
2419162136	0.14999998
242006769	0.14999998
242114389	0.14999998
2423293340	0.14999998
2425399141	0.14999998
2427717919	0.14999998
2429328553	0.14999998
2429857154	0.14999998
2430039230	0.14999998
2430692664	0.14999998
2431469324	0.14999998
2431560098	0.14999998
2431563888	0.14999998
2431962474	0.14999998
2433399133	0.14999998
2433737982	0.14999998
2434816278	0.14999998
2435097210	0.14999998
24353445	0.14999998
2436306917	0.14999998
2436574704	0.14999998
2437527103	0.14999998
2437898124	0.14999998
2440536794	0.14999998
2440944728	0.14999998
2441166338	0.14999998
2441513833	0.14999998
2445382134	0.14999998
244564036	0.14999998
2449238888	0.14999998
24509699	0.14999998
2451401162	0.14999998
2451660901	0.14999998
2451710119	0.14999998
2453333708	0.14999998
2455582472	0.14999998
2456015623	0.14999998
2456836447	0.14999998
2457516126	0.14999998
2457833663	0.14999998
2459188800	0.14999998
2459484787	0.14999998
2460797539	0.14999998
2460843212	0.14999998
2461090021	0.14999998
246338946	0.14999998
2464026949	0.14999998
24648540	0.14999998
2468355906	0.14999998
2469350898	0.14999998
2471488147	0.14999998
2474497338	0.14999998
2475892022	0.14999998
2476955233	0.14999998
2477281189	0.14999998
2477345347	0.14999998
24773922	0.14999998
2480246893	0.14999998
2483381707	0.14999998
2484337225	0.14999998
2490834003	0.14999998
24960249	0.14999998
2496073711	0.14999998
2499352022	0.14999998
25013841	0.14999998
2502904729	0.14999998
2509490906	0.14999998
2510957265	0.14999998
2511509383	0.14999998
2512416025	0.14999998
2513733852	0.14999998
2513809958	0.14999998
2514026192	0.14999998
251660478	0.14999998
2520602246	0.14999998
2522903221	0.14999998
2523014592	0.14999998
252530515	0.14999998
2531566951	0.14999998
2538117242	0.14999998
2542559888	0.14999998
254305228	0.14999998
254345961	0.14999998
2544001098	0.14999998
2545296044	0.14999998
2546899920	0.14999998
2546974418	0.14999998
2547605779	0.14999998
2548341984	0.14999998
2548348537	0.14999998
2548766216	0.14999998
2549723574	0.14999998
2549855790	0.14999998
2549990030	0.14999998
2550806222	0.14999998
2550976747	0.14999998
25535586	0.14999998
2556820691	0.14999998
2558859198	0.14999998
2562104737	0.14999998
2569155864	0.14999998
2570872131	0.14999998
2576304205	0.14999998
258216150	0.14999998
2584146662	0.14999998
2586315260	0.14999998
2587943407	0.14999998
258893411	0.14999998
258898141	0.14999998
25906852	0.14999998
2592273597	0.14999998
2592536545	0.14999998
2593571024	0.14999998
2594326794	0.14999998
2600623928	0.14999998
2601272977	0.14999998
260408207	0.14999998
26100789	0.14999998
2610865814	0.14999998
2611581830	0.14999998
2614076311	0.14999998
26191703	0.14999998
2625949894	0.14999998
26293572	0.14999998
2648434771	0.14999998
2656454198	0.14999998
2659473481	0.14999998
2662398010	0.14999998
2664415705	0.14999998
2666229565	0.14999998
2668381109	0.14999998
266992898	0.14999998
267310661	0.14999998
2674489975	0.14999998
267471777	0.14999998
2675575645	0.14999998
2676674210	0.14999998
2679081186	0.14999998
2687288359	0.14999998
2687624274	0.14999998
2687819936	0.14999998
2688686191	0.14999998
2689570814	0.14999998
2689732152	0.14999998
2690366960	0.14999998
2690621580	0.14999998
2690708125	0.14999998
2690874529	0.14999998
2691922597	0.14999998
2693791370	0.14999998
2693910080	0.14999998
2694089544	0.14999998
2694662244	0.14999998
2696324868	0.14999998
2696559390	0.14999998
2699591221	0.14999998
2700615403	0.14999998
270125360	0.14999998
2701794086	0.14999998
2705298391	0.14999998
2705919258	0.14999998
270597782	0.14999998
2707222694	0.14999998
27103664	0.14999998
2713659063	0.14999998
271466595	0.14999998
2716261360	0.14999998
272178433	0.14999998
2730167084	0.14999998
273117809	0.14999998
2731859877	0.14999998
2735458209	0.14999998
2735568390	0.14999998
27359464	0.14999998
2736659260	0.14999998
2737832680	0.14999998
2738651650	0.14999998
2739857289	0.14999998
2740013001	0.14999998
2740926376	0.14999998
274109345	0.14999998
2742287301	0.14999998
2742786597	0.14999998
2745075751	0.14999998
2746342691	0.14999998
274646034	0.14999998
2746598829	0.14999998
2746667618	0.14999998
2746880920	0.14999998
2746952052	0.14999998
2747096669	0.14999998
2747398030	0.14999998
2747965469	0.14999998
2749152885	0.14999998
2749558517	0.14999998
2749707221	0.14999998
2751146074	0.14999998
2751520283	0.14999998
2751550606	0.14999998
2751890410	0.14999998
2751992195	0.14999998
2752132558	0.14999998
2752458748	0.14999998
2752710693	0.14999998
2752958391	0.14999998
2753093987	0.14999998
2753418735	0.14999998
2754090695	0.14999998
2754596674	0.14999998
2754702379	0.14999998
2754744741	0.14999998
2754748674	0.14999998
2754778120	0.14999998
2755288803	0.14999998
2755302647	0.14999998
2755527814	0.14999998
2755733193	0.14999998
2755842107	0.14999998
2756726384	0.14999998
2757047259	0.14999998
2757062206	0.14999998
2757177062	0.14999998
2757424648	0.14999998
2757833652	0.14999998
2758004979	0.14999998
2758014063	0.14999998
2758018414	0.14999998
2758032352	0.14999998
2758037717	0.14999998
2758377628	0.14999998
2758585953	0.14999998
2759305931	0.14999998
2759321501	0.14999998
275952717	0.14999998
2759740398	0.14999998
2761005039	0.14999998
276126434	0.14999998
2761705509	0.14999998
2761778417	0.14999998
2761820278	0.14999998
2761860903	0.14999998
2762026605	0.14999998
2762046815	0.14999998
2762235879	0.14999998
2762645214	0.14999998
2762727623	0.14999998
2762944234	0.14999998
2763315303	0.14999998
2763593074	0.14999998
2763956898	0.14999998
2764088429	0.14999998
2764398179	0.14999998
2764638280	0.14999998
2765612307	0.14999998
2765624577	0.14999998
2766059960	0.14999998
2766082990	0.14999998
2766115745	0.14999998
2766858219	0.14999998
2766864087	0.14999998
2767004849	0.14999998
2767158941	0.14999998
2767186835	0.14999998
2767265003	0.14999998
2767950287	0.14999998
2768196976	0.14999998
276829677	0.14999998
2768395575	0.14999998
2768403356	0.14999998
2768419857	0.14999998
2769016313	0.14999998
2769130925	0.14999998
2769528423	0.14999998
2769703270	0.14999998
2770820787	0.14999998
2773640069	0.14999998
2777353337	0.14999998
2777786091	0.14999998
2779374238	0.14999998
2779474599	0.14999998
2780531997	0.14999998
278090765	0.14999998
27809814	0.14999998
2782036363	0.14999998
2782376599	0.14999998
2783340112	0.14999998
2784757491	0.14999998
2785894342	0.14999998
2787735928	0.14999998
2788883017	0.14999998
2789017005	0.14999998
2790358110	0.14999998
2790407694	0.14999998
27923233	0.14999998
2792675129	0.14999998
2792767959	0.14999998
2793185561	0.14999998
2793370043	0.14999998
2793383223	0.14999998
2794804156	0.14999998
2795702795	0.14999998
2796866333	0.14999998
27971592	0.14999998
2797714918	0.14999998
2798701	0.14999998
2798829562	0.14999998
2802003115	0.14999998
2803375610	0.14999998
28040308	0.14999998
2805252240	0.14999998
2806394569	0.14999998
2810700994	0.14999998
281229500	0.14999998
281293538	0.14999998
281325712	0.14999998
281408254	0.14999998
2814172134	0.14999998
2814663165	0.14999998
2814888799	0.14999998
281588903	0.14999998
281795966	0.14999998
281955649	0.14999998
2823145225	0.14999998
2823763911	0.14999998
2826674667	0.14999998
2834541675	0.14999998
2836657442	0.14999998
2842269627	0.14999998
2842852898	0.14999998
2843213793	0.14999998
2844758418	0.14999998
2846237865	0.14999998
284667903	0.14999998
284849163	0.14999998
2848864980	0.14999998
2849131247	0.14999998
2850592417	0.14999998
2853392013	0.14999998
28538854	0.14999998
2855355331	0.14999998
2857355741	0.14999998
2863635291	0.14999998
2870145192	0.14999998
2873457441	0.14999998
28755331	0.14999998
2878623047	0.14999998
287910843	0.14999998
2879846194	0.14999998
2880068579	0.14999998
288303766	0.14999998
2886050423	0.14999998
2886084567	0.14999998
2889807635	0.14999998
2894916328	0.14999998
2894977510	0.14999998
2895127227	0.14999998
2895281099	0.14999998
2895310293	0.14999998
2895355835	0.14999998
2895378118	0.14999998
2895382799	0.14999998
2895386902	0.14999998
2895398255	0.14999998
2895403390	0.14999998
2895424822	0.14999998
2895428517	0.14999998
2895511216	0.14999998
2895518300	0.14999998
2895525310	0.14999998
2895578956	0.14999998
2895651573	0.14999998
2896131543	0.14999998
2896552577	0.14999998
2896692645	0.14999998
2897149472	0.14999998
2898274101	0.14999998
2902029266	0.14999998
2903001760	0.14999998
2903933126	0.14999998
2904196516	0.14999998
2904643643	0.14999998
290635145	0.14999998
290922075	0.14999998
2911376125	0.14999998
2912736918	0.14999998
2915039698	0.14999998
29185148	0.14999998
2923161125	0.14999998
2925308775	0.14999998
2926591872	0.14999998
29315609	0.14999998
29341599	0.14999998
2938271	0.14999998
2939297001	0.14999998
294160927	0.14999998
2945396869	0.14999998
294682872	0.14999998
2950990932	0.14999998
2952409203	0.14999998
29533988	0.14999998
2955972622	0.14999998
2957014948	0.14999998
2957470156	0.14999998
296636214	0.14999998
2968704831	0.14999998
2968815778	0.14999998
296915175	0.14999998
2969819560	0.14999998
2971379765	0.14999998
2974323027	0.14999998
2974858709	0.14999998
2977467859	0.14999998
2978056401	0.14999998
2979331109	0.14999998
2979886367	0.14999998
2983182948	0.14999998
2985147995	0.14999998
2986202697	0.14999998
2991767790	0.14999998
2994454250	0.14999998
2994993419	0.14999998
2996632821	0.14999998
2997737550	0.14999998
2999464231	0.14999998
3000215526	0.14999998
3002100596	0.14999998
3007426797	0.14999998
3010751912	0.14999998
3011436775	0.14999998
3011681420	0.14999998
3012114444	0.14999998
3012147210	0.14999998
3012215264	0.14999998
301225161	0.14999998
3012454927	0.14999998
3012838345	0.14999998
3014211659	0.14999998
3015464547	0.14999998
3017699838	0.14999998
3018513503	0.14999998
3018617616	0.14999998
3018682291	0.14999998
3019480997	0.14999998
3019890759	0.14999998
3022533471	0.14999998
3022875832	0.14999998
3023184237	0.14999998
3023215419	0.14999998
3023217659	0.14999998
3023254881	0.14999998
3023637538	0.14999998
3025937891	0.14999998
3026227839	0.14999998
3026920238	0.14999998
3027579419	0.14999998
3028247079	0.14999998
3028986579	0.14999998
3030449423	0.14999998
3031182821	0.14999998
3031723380	0.14999998
3032706416	0.14999998
3033207830	0.14999998
3033480629	0.14999998
303590335	0.14999998
303764580	0.14999998
3037735825	0.14999998
3037839954	0.14999998
3038329518	0.14999998
3038817992	0.14999998
303968801	0.14999998
30404396	0.14999998
3040696495	0.14999998
304099486	0.14999998
3042440150	0.14999998
3047425012	0.14999998
3047606012	0.14999998
3052509402	0.14999998
3054124897	0.14999998
3054344943	0.14999998
3054346369	0.14999998
3055162358	0.14999998
3055641318	0.14999998
3055756890	0.14999998
3056150047	0.14999998
305685110	0.14999998
3057210684	0.14999998
3058970304	0.14999998
3059204524	0.14999998
3059592298	0.14999998
3062949434	0.14999998
30641157	0.14999998
3064388656	0.14999998
3066198028	0.14999998
3066380613	0.14999998
3066445547	0.14999998
3066545500	0.14999998
3067072911	0.14999998
3068563303	0.14999998
3069051065	0.14999998
3073103655	0.14999998
3075212357	0.14999998
3077676425	0.14999998
3089755275	0.14999998
309342441	0.14999998
30946410	0.14999998
31038303	0.14999998
310466490	0.14999998
310604241	0.14999998
312442664	0.14999998
314251966	0.14999998
314295655	0.14999998
314515725	0.14999998
314525100	0.14999998
315380373	0.14999998
315620847	0.14999998
315880622	0.14999998
316766037	0.14999998
316960435	0.14999998
317714245	0.14999998
319522097	0.14999998
320235595	0.14999998
322139329	0.14999998
32280068	0.14999998
322910032	0.14999998
324459250	0.14999998
326629646	0.14999998
32880742	0.14999998
328878936	0.14999998
330433460	0.14999998
330845166	0.14999998
33116723	0.14999998
331403822	0.14999998
331877263	0.14999998
335473990	0.14999998
336714819	0.14999998
337965408	0.14999998
33846113	0.14999998
339232710	0.14999998
340087803	0.14999998
342621151	0.14999998
34404430	0.14999998
344990680	0.14999998
345398377	0.14999998
347323219	0.14999998
347608150	0.14999998
34837514	0.14999998
348487598	0.14999998
348757190	0.14999998
349574943	0.14999998
34966884	0.14999998
350253000	0.14999998
351149827	0.14999998
351244762	0.14999998
35528954	0.14999998
35668892	0.14999998
359108791	0.14999998
361657018	0.14999998
362311295	0.14999998
362631365	0.14999998
36301067	0.14999998
364349937	0.14999998
364574679	0.14999998
365213367	0.14999998
36605335	0.14999998
366225579	0.14999998
36864249	0.14999998
368683423	0.14999998
370662547	0.14999998
370990786	0.14999998
37137898	0.14999998
37147602	0.14999998
37200189	0.14999998
37320236	0.14999998
375244445	0.14999998
37589900	0.14999998
378528260	0.14999998
379365767	0.14999998
379990521	0.14999998
380058540	0.14999998
38131856	0.14999998
382394154	0.14999998
382744715	0.14999998
383554263	0.14999998
38370465	0.14999998
384159461	0.14999998
386818806	0.14999998
388236176	0.14999998
390056165	0.14999998
390113236	0.14999998
390138699	0.14999998
391464226	0.14999998
39181833	0.14999998
392860200	0.14999998
393650409	0.14999998
39407356	0.14999998
394153761	0.14999998
395032876	0.14999998
395299098	0.14999998
396742778	0.14999998
397584382	0.14999998
39871016	0.14999998
400172392	0.14999998
401840141	0.14999998
40353438	0.14999998
403846162	0.14999998
405855006	0.14999998
40615089	0.14999998
406161150	0.14999998
40916331	0.14999998
41061537	0.14999998
41101983	0.14999998
41453076	0.14999998
415298517	0.14999998
41712041	0.14999998
41832285	0.14999998
421812337	0.14999998
42281329	0.14999998
423031535	0.14999998
42414303	0.14999998
425005583	0.14999998
425310228	0.14999998
426441965	0.14999998
426693209	0.14999998
428300627	0.14999998
428478594	0.14999998
42916239	0.14999998
429437003	0.14999998
429989368	0.14999998
430815517	0.14999998
43113775	0.14999998
433590732	0.14999998
435528282	0.14999998
436077076	0.14999998
436478691	0.14999998
438050932	0.14999998
439464127	0.14999998
440003456	0.14999998
447090210	0.14999998
44724005	0.14999998
447761474	0.14999998
45003255	0.14999998
453013039	0.14999998
454047464	0.14999998
454392264	0.14999998
454436659	0.14999998
455956652	0.14999998
456427755	0.14999998
457697712	0.14999998
458195844	0.14999998
458861749	0.14999998
465064414	0.14999998
465446226	0.14999998
466264546	0.14999998
466616319	0.14999998
468952471	0.14999998
47263673	0.14999998
47612006	0.14999998
48248802	0.14999998
482917509	0.14999998
484408012	0.14999998
486230049	0.14999998
488742192	0.14999998
48893635	0.14999998
489112694	0.14999998
48928380	0.14999998
490966566	0.14999998
49105771	0.14999998
49150852	0.14999998
493399862	0.14999998
49379187	0.14999998
495402195	0.14999998
50042050	0.14999998
501402943	0.14999998
50334860	0.14999998
50700978	0.14999998
50797793	0.14999998
512242691	0.14999998
51317722	0.14999998
514864995	0.14999998
51588108	0.14999998
51765059	0.14999998
51826077	0.14999998
52006424	0.14999998
52018346	0.14999998
520991846	0.14999998
52252883	0.14999998
52326829	0.14999998
524359584	0.14999998
52494989	0.14999998
526116933	0.14999998
532000431	0.14999998
53500054	0.14999998
536289817	0.14999998
537528558	0.14999998
53919282	0.14999998
54101438	0.14999998
54325904	0.14999998
54353301	0.14999998
544833331	0.14999998
546213528	0.14999998
54679779	0.14999998
547429255	0.14999998
549688383	0.14999998
54975036	0.14999998
552126296	0.14999998
555476277	0.14999998
557493438	0.14999998
55841370	0.14999998
559888108	0.14999998
561218711	0.14999998
562442004	0.14999998
564964181	0.14999998
56515244	0.14999998
567133316	0.14999998
56959274	0.14999998
57177822	0.14999998
57256421	0.14999998
57343654	0.14999998
575637441	0.14999998
576131873	0.14999998
581445220	0.14999998
58170665	0.14999998
581933321	0.14999998
586724399	0.14999998
58705195	0.14999998
587516393	0.14999998
589261652	0.14999998
592005003	0.14999998
59357374	0.14999998
59415917	0.14999998
595169279	0.14999998
596686824	0.14999998
604009725	0.14999998
604730014	0.14999998
6067992	0.14999998
612457394	0.14999998
613753095	0.14999998
620782954	0.14999998
62109990	0.14999998
621891939	0.14999998
623428159	0.14999998
62500872	0.14999998
625376520	0.14999998
625814873	0.14999998
630574262	0.14999998
631797674	0.14999998
634245300	0.14999998
636855158	0.14999998
6502202	0.14999998
65841393	0.14999998
66128806	0.14999998
66317240	0.14999998
66414138	0.14999998
67016149	0.14999998
67032086	0.14999998
67803007	0.14999998
6793222	0.14999998
68407650	0.14999998
68412171	0.14999998
68512972	0.14999998
68658717	0.14999998
6870462	0.14999998
6872422	0.14999998
69212076	0.14999998
69253776	0.14999998
700351122	0.14999998
7013562	0.14999998
70306883	0.14999998
70879614	0.14999998
70940461	0.14999998
71147314	0.14999998
712066902	0.14999998
72229444	0.14999998
73027895	0.14999998
73201848	0.14999998
73795426	0.14999998
740684990	0.14999998
74471499	0.14999998
754022876	0.14999998
75559675	0.14999998
759574556	0.14999998
76058980	0.14999998
76113067	0.14999998
76547516	0.14999998
76603741	0.14999998
771587202	0.14999998
777329870	0.14999998
779946648	0.14999998
78166923	0.14999998
785359525	0.14999998
794233338	0.14999998
7965702	0.14999998
800487793	0.14999998
821464674	0.14999998
822049651	0.14999998
822159158	0.14999998
823440576	0.14999998
83005470	0.14999998
83046543	0.14999998
83224833	0.14999998
833689177	0.14999998
834239323	0.14999998
83784088	0.14999998
83878816	0.14999998
849593029	0.14999998
854986999	0.14999998
85540596	0.14999998
864255662	0.14999998
86512669	0.14999998
86911334	0.14999998
86985623	0.14999998
87032076	0.14999998
87122499	0.14999998
874806470	0.14999998
876168212	0.14999998
89100278	0.14999998
893810545	0.14999998
894225536	0.14999998
8991482	0.14999998
900605659	0.14999998
908405826	0.14999998
914071254	0.14999998
917763661	0.14999998
921585962	0.14999998
92335219	0.14999998
923722700	0.14999998
92655055	0.14999998
92769204	0.14999998
933854671	0.14999998
942634814	0.14999998
94613020	0.14999998
94734762	0.14999998
94794618	0.14999998
94872508	0.14999998
949758140	0.14999998
95004577	0.14999998
951865711	0.14999998
96093102	0.14999998
961566769	0.14999998
97769873	0.14999998
98134904	0.14999998
98272618	0.14999998
982924214	0.14999998
9875242	0.14999998
9888972	0.14999998
990047840	0.14999998
994158086	0.14999998
998283762	0.14999998
999029864	0.14999998
99977579	0.14999998
