100024370	1.0
1001032082	1.0
1001192245	1.0
100182054	1.0
1001964392	1.0
100258014	1.0
1005140833	1.0
101269025	1.0
10128262	1.0
1012917308	1.0
1013912029	1.0
1016153754	1.0
1016174119	1.0
1016176501	1.0
101652632	1.0
101806773	1.0
1018083266	1.0
1020054625	1.0
1020081481	1.0
1020153878	1.0
1020171044	1.0
1020182690	1.0
1023436759	1.0
1024482170	1.0
102475599	1.0
1025411929	1.0
1025953248	1.0
1027358748	1.0
102810801	1.0
102816266	1.0
10381282	1.0
1039081430	1.0
1039855052	1.0
104034095	1.0
1040640698	1.0
1041064236	1.0
1041977966	1.0
1042814112	1.0
104582392	1.0
1046312670	1.0
104712815	1.0
104952689	1.0
1053227130	1.0
1053484388	1.0
1054307220	1.0
1057242356	1.0
105747629	1.0
1058642096	1.0
1059530150	1.0
106263799	1.0
1064015220	1.0
1064700308	1.0
106498703	1.0
1066801676	1.0
1068103742	1.0
1068452287	1.0
107087487	1.0
107146393	1.0
1072923019	1.0
1076334372	1.0
1076946247	1.0
1077079634	1.0
1077087198	1.0
1077398336	1.0
1077692070	1.0
107831300	1.0
1079757560	1.0
108021761	1.0
108076845	1.0
108321412	1.0
10836092	1.0
10841502	1.0
1084494096	1.0
1085339568	1.0
1085662884	1.0
108867469	1.0
1088995008	1.0
109200080	1.0
1092267594	1.0
1092298711	1.0
1092305288	1.0
1092326809	1.0
1092348054	1.0
1092377130	1.0
109255317	1.0
1092564138	1.0
1097148997	1.0
1098083491	1.0
1098307922	1.0
1098320611	1.0
1098321024	1.0
1098327625	1.0
1098348188	1.0
1098360060	1.0
1098648122	1.0
1098727778	1.0
1098753547	1.0
1099841593	1.0
109995803	1.0
110126964	1.0
110147594	1.0
110273384	1.0
1102964101	1.0
110463712	1.0
110539278	1.0
110725368	1.0
1107280430	1.0
110781385	1.0
1108924453	1.0
1111723212	1.0
1113007268	1.0
1115053802	1.0
1117252645	1.0
1118526536	1.0
1120928966	1.0
1121028973	1.0
1122634170	1.0
112317039	1.0
11247222	1.0
1129760101	1.0
11308402	1.0
1132377396	1.0
1133451330	1.0
1134500750	1.0
1136106835	1.0
1136681167	1.0
113726458	1.0
1137292440	1.0
114130193	1.0
1141627460	1.0
1143265027	1.0
114747208	1.0
114845234	1.0
1149954571	1.0
1151641248	1.0
1152105936	1.0
1152536748	1.0
1154770386	1.0
1155879121	1.0
116229964	1.0
1163696714	1.0
1169884249	1.0
117157049	1.0
117372644	1.0
11762562	1.0
117632715	1.0
1177050499	1.0
117763544	1.0
117923584	1.0
1189850912	1.0
119452598	1.0
119627325	1.0
1199045490	1.0
1201060435	1.0
1202676188	1.0
1205940210	1.0
120687853	1.0
1209595398	1.0
12114462	1.0
121158213	1.0
1212621606	1.0
121376807	1.0
121405655	1.0
1216957902	1.0
1218804008	1.0
1219301940	1.0
1222261387	1.0
1225394076	1.0
1226181036	1.0
1226398051	1.0
1228451929	1.0
1230170300	1.0
123119378	1.0
123125462	1.0
123137244	1.0
123147423	1.0
1237830972	1.0
1237844274	1.0
123997989	1.0
1241940475	1.0
1242611227	1.0
1242695594	1.0
1242970514	1.0
1242972204	1.0
1243996794	1.0
1244011158	1.0
1244014266	1.0
1244029147	1.0
1244031900	1.0
1244041687	1.0
1244047045	1.0
1244051461	1.0
1244051924	1.0
1244738629	1.0
1245167102	1.0
124585235	1.0
1245926706	1.0
1245939253	1.0
1245943963	1.0
1245945896	1.0
1245955825	1.0
1246096020	1.0
1252192320	1.0
1253465496	1.0
125823687	1.0
126026177	1.0
126091315	1.0
1262450942	1.0
1263280003	1.0
1263284131	1.0
1264656612	1.0
1265773064	1.0
126640430	1.0
1267740108	1.0
1269559484	1.0
1272751392	1.0
127582088	1.0
1277178181	1.0
1277866808	1.0
127903829	1.0
1279746739	1.0
1279861448	1.0
128059999	1.0
128183726	1.0
128627725	1.0
1289086184	1.0
128979642	1.0
129199509	1.0
1297336626	1.0
1299253807	1.0
1299622676	1.0
129970182	1.0
1300794678	1.0
130198032	1.0
1305451382	1.0
1305796237	1.0
1306200696	1.0
1307452536	1.0
1308035706	1.0
131043626	1.0
1310746040	1.0
1311348206	1.0
1311745489	1.0
13131362	1.0
1313359153	1.0
131626753	1.0
131883678	1.0
1320995106	1.0
1321008216	1.0
13216782	1.0
132288724	1.0
133056605	1.0
1337227122	1.0
1339912453	1.0
1341452822	1.0
1341966104	1.0
134233015	1.0
1345672002	1.0
1345862960	1.0
1347071545	1.0
135232376	1.0
1354181006	1.0
1355510426	1.0
1357609256	1.0
1358436702	1.0
1362800714	1.0
136842204	1.0
136889848	1.0
1370946780	1.0
1371403890	1.0
137142773	1.0
1372592071	1.0
1373083340	1.0
1375663170	1.0
137654240	1.0
1377472224	1.0
137806912	1.0
137901322	1.0
1380387475	1.0
1381154540	1.0
138404716	1.0
1384160756	1.0
13860082	1.0
138759630	1.0
138766162	1.0
138831249	1.0
1389493454	1.0
1390277047	1.0
1391623020	1.0
1393346293	1.0
1393603976	1.0
139373116	1.0
1395076646	1.0
1397616997	1.0
13982672	1.0
14031032	1.0
140358745	1.0
1404277693	1.0
140570159	1.0
140577612	1.0
140641561	1.0
14089507	1.0
14104848	1.0
141095746	1.0
1411402069	1.0
14115381	1.0
141202934	1.0
14133912	1.0
141457698	1.0
1416078199	1.0
14175873	1.0
14184633	1.0
1419231625	1.0
14210851	1.0
14218219	1.0
142580507	1.0
1426740716	1.0
142814024	1.0
14292717	1.0
1430126299	1.0
14304475	1.0
1430670998	1.0
143131280	1.0
1433878465	1.0
1434158640	1.0
143446906	1.0
1439067241	1.0
143932795	1.0
1444429448	1.0
1447240867	1.0
14477861	1.0
1449714422	1.0
1452499015	1.0
1452702914	1.0
145467522	1.0
1455152108	1.0
1455749016	1.0
146057813	1.0
14613675	1.0
14624231	1.0
14626496	1.0
14627270	1.0
14633485	1.0
146496378	1.0
1467879348	1.0
1469977963	1.0
1470731052	1.0
1471665404	1.0
1471732962	1.0
14717580	1.0
1475745116	1.0
1475988331	1.0
1476010452	1.0
147652947	1.0
147712087	1.0
14781971	1.0
147902687	1.0
1485007568	1.0
1485052376	1.0
14877483	1.0
1488051955	1.0
14886375	1.0
148867781	1.0
14902429	1.0
14905769	1.0
1490781439	1.0
1490980105	1.0
149248764	1.0
14935367	1.0
149372504	1.0
149402257	1.0
1494333246	1.0
1495310498	1.0
149560373	1.0
149571760	1.0
1499852552	1.0
150094848	1.0
150523159	1.0
15100767	1.0
151044005	1.0
1510568178	1.0
15149566	1.0
1519320115	1.0
15246621	1.0
1525578823	1.0
1526032632	1.0
1526092940	1.0
1527119364	1.0
152848699	1.0
15296897	1.0
153148261	1.0
15315204	1.0
15373404	1.0
1537772438	1.0
153876973	1.0
1538903558	1.0
15400228	1.0
154039541	1.0
1541359386	1.0
15419030	1.0
15436563	1.0
1545125172	1.0
155117968	1.0
155197848	1.0
155300737	1.0
1554027631	1.0
1554889094	1.0
1556280006	1.0
15599095	1.0
1560174734	1.0
1562958518	1.0
15651918	1.0
1565809453	1.0
1567827828	1.0
156807394	1.0
1570835496	1.0
15711884	1.0
157613995	1.0
15763740	1.0
1579105454	1.0
15812482	1.0
15814096	1.0
1581782214	1.0
1583483839	1.0
15841958	1.0
15879693	1.0
158935145	1.0
15899320	1.0
159223879	1.0
15933674	1.0
1594438502	1.0
1596234775	1.0
1597660010	1.0
1599144288	1.0
1599491666	1.0
1601151536	1.0
16016675	1.0
1601683238	1.0
1602349704	1.0
1602854334	1.0
16030327	1.0
16043797	1.0
160625399	1.0
1606958940	1.0
16078390	1.0
16079604	1.0
1609138124	1.0
1609373209	1.0
1609468734	1.0
1610060744	1.0
1610111	1.0
1610203038	1.0
1610299250	1.0
16108979	1.0
161151706	1.0
1611625316	1.0
1611753956	1.0
1612027483	1.0
1612240940	1.0
1612339386	1.0
1612629188	1.0
1612647030	1.0
16140742	1.0
161430964	1.0
1614482125	1.0
1615422464	1.0
1617342134	1.0
1617629420	1.0
1618536258	1.0
161855898	1.0
16195432	1.0
162060435	1.0
1620686150	1.0
1620724819	1.0
1621011601	1.0
1621271	1.0
1621313323	1.0
1621323433	1.0
1621685971	1.0
1623700098	1.0
162419093	1.0
1625358085	1.0
1626159012	1.0
1626209047	1.0
1626330037	1.0
1628250546	1.0
162861975	1.0
1629282138	1.0
16295834	1.0
1631582402	1.0
1631737772	1.0
1632931111	1.0
1633729740	1.0
1634001955	1.0
1634354948	1.0
1635163472	1.0
163537857	1.0
1635393632	1.0
1635761240	1.0
16359602	1.0
1636010346	1.0
1636168988	1.0
1637209627	1.0
16381360	1.0
1638438229	1.0
1638478988	1.0
1638750762	1.0
1641310368	1.0
1643416490	1.0
164412808	1.0
164527067	1.0
1646484985	1.0
1647145254	1.0
1647503520	1.0
1647544951	1.0
164784898	1.0
16490381	1.0
1649282959	1.0
1650235320	1.0
1650594007	1.0
1650852008	1.0
1651201350	1.0
16515274	1.0
1651613910	1.0
1651817912	1.0
1651920673	1.0
165227265	1.0
1653361194	1.0
1653857797	1.0
1654091226	1.0
1654181610	1.0
1654359775	1.0
1655649426	1.0
1656418818	1.0
16564365	1.0
1656536455	1.0
1656679304	1.0
1656916909	1.0
1657099140	1.0
165724847	1.0
1657686121	1.0
1657749440	1.0
1657808011	1.0
1658994301	1.0
1659275089	1.0
1659329210	1.0
1659497120	1.0
1659700172	1.0
1659749954	1.0
1659912264	1.0
1660073390	1.0
1660097634	1.0
1660113734	1.0
1660182444	1.0
1660391174	1.0
1660534628	1.0
1660746048	1.0
166083345	1.0
1661284628	1.0
166190606	1.0
1661926867	1.0
1662048632	1.0
1662265915	1.0
1662370753	1.0
1662394441	1.0
16624235	1.0
1662552920	1.0
1662664297	1.0
1662722892	1.0
16631265	1.0
1664138053	1.0
1664500129	1.0
1665017238	1.0
1665533324	1.0
1665608976	1.0
1665653426	1.0
166569708	1.0
1665863707	1.0
1665936846	1.0
1666024026	1.0
16660311	1.0
1666244324	1.0
1666269666	1.0
1666834861	1.0
1669287385	1.0
1669753620	1.0
1671828877	1.0
1672120591	1.0
1672399387	1.0
1672474567	1.0
1672983343	1.0
1673325630	1.0
1673370127	1.0
1673701254	1.0
1673736656	1.0
1674072290	1.0
16746076	1.0
1675151924	1.0
1675497984	1.0
1676154985	1.0
1676345658	1.0
1676374710	1.0
1677667212	1.0
1677808164	1.0
1678579734	1.0
1679077015	1.0
16791749	1.0
1679274703	1.0
16802422	1.0
16806253	1.0
1681277161	1.0
1681565090	1.0
1681772490	1.0
1681865348	1.0
16827373	1.0
16827489	1.0
16829114	1.0
1683756427	1.0
16838276	1.0
16841829	1.0
1684709419	1.0
16867075	1.0
1687100461	1.0
1687566380	1.0
1688224735	1.0
1689505694	1.0
16895344	1.0
169001534	1.0
1690071702	1.0
1690144393	1.0
1690220852	1.0
1690576370	1.0
1690935882	1.0
1691603324	1.0
1691792016	1.0
1691901014	1.0
1692207685	1.0
1693137192	1.0
1693573718	1.0
1693752746	1.0
1694393618	1.0
1694447893	1.0
1694722513	1.0
1694738917	1.0
1695368246	1.0
16957270	1.0
1697463996	1.0
1697575316	1.0
1697671027	1.0
1697906425	1.0
1699108975	1.0
16995129	1.0
1699642860	1.0
1699826292	1.0
1700025204	1.0
1700112116	1.0
1700167742	1.0
1700344075	1.0
1700559180	1.0
1700847919	1.0
1701832352	1.0
17026971	1.0
1702878548	1.0
1705199383	1.0
1705519326	1.0
1706419243	1.0
1706958469	1.0
1710130952	1.0
1710851520	1.0
1711896079	1.0
171218431	1.0
17124991	1.0
1713038448	1.0
1713849307	1.0
1713970110	1.0
1718152770	1.0
171897351	1.0
1720482224	1.0
17206607	1.0
17214980	1.0
172427878	1.0
1725226974	1.0
1726257144	1.0
172810457	1.0
172836249	1.0
1728927908	1.0
1729518019	1.0
1731364866	1.0
173156072	1.0
1732382264	1.0
1733671153	1.0
1733750204	1.0
173455820	1.0
1735482102	1.0
1739945534	1.0
1741720022	1.0
17433343	1.0
17441456	1.0
17456362	1.0
174965200	1.0
175110235	1.0
175165495	1.0
17546809	1.0
175754840	1.0
175792847	1.0
17604533	1.0
17614702	1.0
176255445	1.0
17669982	1.0
17699381	1.0
17703264	1.0
17721737	1.0
177239631	1.0
17737897	1.0
177625505	1.0
177783118	1.0
17807998	1.0
17841130	1.0
178541458	1.0
1786566690	1.0
179022357	1.0
17915170	1.0
17991579	1.0
179928335	1.0
179932277	1.0
17996917	1.0
180274551	1.0
180317088	1.0
18034541	1.0
180367780	1.0
180473434	1.0
180926793	1.0
181057711	1.0
181131292	1.0
181187043	1.0
18121293	1.0
18126240	1.0
182198749	1.0
18225195	1.0
182679822	1.0
18272139	1.0
182821543	1.0
1828653848	1.0
18317149	1.0
183178263	1.0
183294525	1.0
1833020461	1.0
183339938	1.0
183519050	1.0
18359194	1.0
18378349	1.0
183853112	1.0
18408757	1.0
184376613	1.0
184391585	1.0
18468405	1.0
184881902	1.0
184933639	1.0
1850041968	1.0
1852246842	1.0
185256309	1.0
185357063	1.0
185409862	1.0
1855436449	1.0
1855731972	1.0
1855947182	1.0
1856688708	1.0
18574762	1.0
18578905	1.0
1858413972	1.0
1858669386	1.0
18586789	1.0
18587683	1.0
1858966682	1.0
1859203153	1.0
1860363079	1.0
1860398294	1.0
1861553605	1.0
18616722	1.0
1862124972	1.0
1862365172	1.0
1862727313	1.0
1863029208	1.0
18639734	1.0
18656319	1.0
1866718358	1.0
1867913664	1.0
1868520031	1.0
1869471378	1.0
1869841902	1.0
187177431	1.0
18719020	1.0
1872925368	1.0
1873440116	1.0
18736601	1.0
1874366670	1.0
1874391457	1.0
18745322	1.0
1874535750	1.0
1874613156	1.0
1874713082	1.0
1876779715	1.0
18770230	1.0
187784226	1.0
1879058954	1.0
1879570568	1.0
1879866679	1.0
1882661204	1.0
1883179392	1.0
18831987	1.0
1884213216	1.0
1884262687	1.0
1884431576	1.0
1884432494	1.0
1884528008	1.0
1885405478	1.0
188641199	1.0
18899842	1.0
1890299826	1.0
1892108414	1.0
1892194848	1.0
1892348664	1.0
1892416454	1.0
1892849378	1.0
1893858302	1.0
18941436	1.0
18944615	1.0
18945821	1.0
18952948	1.0
18968160	1.0
1897393765	1.0
1898319336	1.0
1900274090	1.0
1900552507	1.0
19028431	1.0
1903281157	1.0
1904821021	1.0
190535509	1.0
19076286	1.0
1907677742	1.0
1907781086	1.0
19079350	1.0
1908310796	1.0
1908798037	1.0
1910475949	1.0
1910724348	1.0
1910744604	1.0
1910867100	1.0
1910868852	1.0
1910936269	1.0
1911141452	1.0
1911154448	1.0
1911173635	1.0
1911226196	1.0
1911296821	1.0
1911312024	1.0
1911314833	1.0
1911368972	1.0
1911424554	1.0
1911439063	1.0
1911458514	1.0
1911482600	1.0
1911490975	1.0
1911521552	1.0
1911622740	1.0
1911628104	1.0
1911672950	1.0
1911752634	1.0
1911814064	1.0
1911866738	1.0
1911888852	1.0
1911908587	1.0
1911953533	1.0
1911973434	1.0
19119868	1.0
1911990745	1.0
1912096520	1.0
1912248553	1.0
1912284368	1.0
1912376701	1.0
1912382515	1.0
1912389026	1.0
1912426530	1.0
1912442156	1.0
1912470530	1.0
1912497007	1.0
1912519352	1.0
1912525392	1.0
1912549008	1.0
1912590452	1.0
1912629666	1.0
1912647624	1.0
1912653828	1.0
1912656686	1.0
1912735897	1.0
1912789880	1.0
1912803752	1.0
1912809984	1.0
1913031553	1.0
1913166619	1.0
1913171401	1.0
1913213376	1.0
1913224279	1.0
1913241300	1.0
1913255905	1.0
1913266578	1.0
1913300659	1.0
1913319985	1.0
1913323824	1.0
1913358186	1.0
1913402162	1.0
1913413309	1.0
1913425776	1.0
1913591101	1.0
1913625157	1.0
1913672546	1.0
1913739266	1.0
1913757949	1.0
1913768534	1.0
1913812747	1.0
1913830890	1.0
1913854464	1.0
1913885077	1.0
1913894654	1.0
1913915971	1.0
1913977339	1.0
1914131678	1.0
1914210974	1.0
1914220567	1.0
1914239179	1.0
1914326550	1.0
1914418698	1.0
1914430706	1.0
1914492373	1.0
1914567379	1.0
1914610303	1.0
1914627878	1.0
1914704612	1.0
1914860348	1.0
1915023468	1.0
1915083253	1.0
1915114578	1.0
1915157353	1.0
1915398908	1.0
191578187	1.0
1916919162	1.0
1917170953	1.0
1918115610	1.0
191896181	1.0
19191402	1.0
19203981	1.0
1921730372	1.0
19220698	1.0
1923159170	1.0
1923879936	1.0
1923902360	1.0
1923947209	1.0
1924031298	1.0
1924136473	1.0
1924218307	1.0
1924310023	1.0
1924312855	1.0
1924322360	1.0
1924353787	1.0
1927973174	1.0
19293647	1.0
1930762644	1.0
1931321792	1.0
1931613973	1.0
19318159	1.0
1932866845	1.0
193323937	1.0
1934214655	1.0
1934262241	1.0
1934286768	1.0
1934289931	1.0
1934321066	1.0
1934329934	1.0
1935577026	1.0
1935592992	1.0
1935601249	1.0
1935609325	1.0
1935646201	1.0
1935650588	1.0
1935657224	1.0
1935663590	1.0
19409436	1.0
19421215	1.0
1944401492	1.0
1944448274	1.0
1944646057	1.0
1945935708	1.0
1946807360	1.0
194681383	1.0
1952436260	1.0
19546277	1.0
1954730264	1.0
19560393	1.0
19578453	1.0
195840880	1.0
195870189	1.0
1958752610	1.0
1959033548	1.0
1961041356	1.0
196212494	1.0
19627971	1.0
19664951	1.0
196900797	1.0
19693729	1.0
1969740852	1.0
1971483774	1.0
19739279	1.0
197729131	1.0
19790872	1.0
198059700	1.0
198592923	1.0
199249894	1.0
19988458	1.0
20005172	1.0
200690224	1.0
20079668	1.0
201221109	1.0
201450612	1.0
20149508	1.0
201881524	1.0
20216291	1.0
20218638	1.0
202201906	1.0
20230811	1.0
20237993	1.0
202864920	1.0
202915788	1.0
20327105	1.0
20331665	1.0
20345218	1.0
20353621	1.0
203652149	1.0
203758641	1.0
20385337	1.0
204010235	1.0
20442930	1.0
204564525	1.0
20458407	1.0
20461206	1.0
20461878	1.0
204766425	1.0
20517779	1.0
20520010	1.0
20525971	1.0
20557393	1.0
20562637	1.0
205773369	1.0
20627896	1.0
206338797	1.0
20648704	1.0
20698977	1.0
207091552	1.0
207141071	1.0
207271383	1.0
207630487	1.0
208096098	1.0
20832994	1.0
20857912	1.0
20863565	1.0
20865513	1.0
20868465	1.0
20923874	1.0
20945283	1.0
210153565	1.0
21045893	1.0
21048766	1.0
210506986	1.0
21055859	1.0
21071068	1.0
210855604	1.0
211283915	1.0
21152643	1.0
211744108	1.0
212057344	1.0
212237830	1.0
212307438	1.0
212531237	1.0
21269694	1.0
213118052	1.0
213393774	1.0
21374267	1.0
2149527830	1.0
2150670474	1.0
2150927341	1.0
2153916871	1.0
2154006108	1.0
2154384624	1.0
2154938453	1.0
21549682	1.0
2155185577	1.0
2155532220	1.0
2155645134	1.0
2157744799	1.0
21579486	1.0
215803776	1.0
2159322464	1.0
21612446	1.0
216140175	1.0
21618221	1.0
2162686621	1.0
21633752	1.0
216421322	1.0
216490217	1.0
2167194078	1.0
2167979666	1.0
21681777	1.0
216865166	1.0
21689176	1.0
2169254353	1.0
2169414410	1.0
2171294112	1.0
217159658	1.0
2176420138	1.0
2176637216	1.0
2176795566	1.0
21778898	1.0
2178812212	1.0
218013625	1.0
2180609708	1.0
2181281054	1.0
2181326676	1.0
2181334776	1.0
2181357950	1.0
2181373892	1.0
2181681685	1.0
218359601	1.0
218430551	1.0
2184524905	1.0
2184871242	1.0
2185682694	1.0
2185769276	1.0
21882037	1.0
2189606131	1.0
2189917771	1.0
219142329	1.0
21917683	1.0
2192974494	1.0
2193593111	1.0
219429163	1.0
219434223	1.0
2194995535	1.0
2196900553	1.0
2200659410	1.0
22022865	1.0
2202573800	1.0
2203474081	1.0
2203764315	1.0
2204135624	1.0
220482784	1.0
2207480136	1.0
2207629609	1.0
22079148	1.0
2208541680	1.0
2209523333	1.0
221057424	1.0
221154618	1.0
2212338108	1.0
221265552	1.0
2214206929	1.0
2215782061	1.0
221899435	1.0
221904417	1.0
2220015630	1.0
222164515	1.0
222187111	1.0
222507714	1.0
2225935261	1.0
222625575	1.0
2226889057	1.0
2227396142	1.0
222796320	1.0
2229434286	1.0
22299521	1.0
223077403	1.0
223170008	1.0
22351347	1.0
2237475721	1.0
22385234	1.0
2239013436	1.0
2239240086	1.0
2239479319	1.0
2240353842	1.0
2240954232	1.0
2242801028	1.0
2243136331	1.0
224459010	1.0
224466293	1.0
2244883620	1.0
224613869	1.0
2246281812	1.0
2249196356	1.0
2249460732	1.0
22503672	1.0
22510558	1.0
2251910995	1.0
22522178	1.0
2253500720	1.0
225381056	1.0
2253949285	1.0
225423130	1.0
2254233655	1.0
2254510740	1.0
2255507341	1.0
2255599997	1.0
225999215	1.0
2260795585	1.0
2260954471	1.0
226204855	1.0
226311830	1.0
226326984	1.0
2263965745	1.0
226444873	1.0
2264537228	1.0
2264647213	1.0
2265128918	1.0
2265977400	1.0
2266406946	1.0
2267554190	1.0
22690112	1.0
2272207286	1.0
22736244	1.0
2273767279	1.0
2274776730	1.0
2275658568	1.0
22768356	1.0
2276954768	1.0
2279249923	1.0
2279926520	1.0
2280771642	1.0
2280955443	1.0
2280983368	1.0
2281188906	1.0
22814481	1.0
22818416	1.0
228211937	1.0
2282347955	1.0
2282580709	1.0
2282945649	1.0
22836078	1.0
228426881	1.0
2284276891	1.0
2284299687	1.0
2284909908	1.0
2284911876	1.0
2285084942	1.0
2285168916	1.0
2285188538	1.0
2285194603	1.0
2285230178	1.0
2285236836	1.0
2285265182	1.0
2285281272	1.0
2285292355	1.0
2285352656	1.0
2285388840	1.0
2285437585	1.0
2285690305	1.0
2285727007	1.0
2285754486	1.0
2285769037	1.0
2285867227	1.0
2285884232	1.0
2285996066	1.0
2286145784	1.0
22867489	1.0
2287145052	1.0
2287338392	1.0
2288763570	1.0
228977783	1.0
2290301731	1.0
2290505780	1.0
2290535852	1.0
2290682978	1.0
2291301499	1.0
2291369929	1.0
2291474058	1.0
2291478349	1.0
2291573438	1.0
2291622565	1.0
2291918526	1.0
2292090408	1.0
2292098376	1.0
2292244081	1.0
2292306594	1.0
2292425527	1.0
22932850	1.0
2293322094	1.0
2293377156	1.0
2293525364	1.0
2293549398	1.0
2293982264	1.0
2294184272	1.0
2294393130	1.0
229465547	1.0
22949704	1.0
2295224382	1.0
2295445873	1.0
2295476172	1.0
2295547106	1.0
2295661968	1.0
22960783	1.0
2296455499	1.0
2296877214	1.0
2296928066	1.0
2297140711	1.0
2297325180	1.0
2297344663	1.0
2297454151	1.0
2297518694	1.0
2297539927	1.0
2297907654	1.0
2297925482	1.0
2297935662	1.0
2298196208	1.0
2298331250	1.0
2298393194	1.0
229862784	1.0
2298683930	1.0
2298895746	1.0
2299226695	1.0
2299653149	1.0
229966745	1.0
2299898941	1.0
2299996566	1.0
2300464068	1.0
23006271	1.0
2300782620	1.0
2300829128	1.0
2300868708	1.0
2300869651	1.0
230114558	1.0
2301248113	1.0
2302298804	1.0
2302598977	1.0
2303053614	1.0
2305140048	1.0
23059499	1.0
230609065	1.0
2308979646	1.0
23093161	1.0
231164809	1.0
2312429599	1.0
2312484926	1.0
2312589098	1.0
2312637494	1.0
2313606248	1.0
231401935	1.0
2315114042	1.0
2315241744	1.0
2315570352	1.0
2315782051	1.0
2315974051	1.0
2316961993	1.0
2317336524	1.0
2318252742	1.0
2318551448	1.0
2319600132	1.0
2320146013	1.0
2320639663	1.0
2320728121	1.0
2320971079	1.0
2321262102	1.0
2322042187	1.0
23221109	1.0
2322168458	1.0
2322392245	1.0
2323078098	1.0
2323140463	1.0
2323446823	1.0
2323978611	1.0
2324906018	1.0
2324990623	1.0
2325637627	1.0
2326225999	1.0
2326387446	1.0
2326472702	1.0
232661448	1.0
2326734062	1.0
23280677	1.0
232870964	1.0
2329754462	1.0
2331387967	1.0
2332252999	1.0
2332557906	1.0
2333010277	1.0
2333547493	1.0
23335907	1.0
2334614718	1.0
2335651058	1.0
233566392	1.0
2336641943	1.0
23368614	1.0
23374799	1.0
23385962	1.0
2338670249	1.0
2340751033	1.0
2340862194	1.0
2341038491	1.0
2341281566	1.0
2341445778	1.0
2342215530	1.0
2342763212	1.0
2344146656	1.0
234419508	1.0
2344531388	1.0
2344573282	1.0
2344619544	1.0
2347049569	1.0
2348697302	1.0
2348716116	1.0
2349252943	1.0
234956680	1.0
2349911012	1.0
2349917270	1.0
2350728631	1.0
235073090	1.0
235082515	1.0
235305860	1.0
2353552285	1.0
235540238	1.0
2356794445	1.0
2358621787	1.0
2359541785	1.0
2360401884	1.0
2361590138	1.0
2362277231	1.0
23636296	1.0
2363914387	1.0
2364276199	1.0
2364833484	1.0
2364889134	1.0
2365373972	1.0
2365868560	1.0
2366303634	1.0
2366528114	1.0
23665498	1.0
2366697743	1.0
2366750023	1.0
2367633937	1.0
236787928	1.0
2368238768	1.0
2368283112	1.0
2368663530	1.0
2368967011	1.0
2369056889	1.0
236915613	1.0
2369361056	1.0
2369892102	1.0
2370024150	1.0
2370232028	1.0
2370520826	1.0
2370734041	1.0
2371001545	1.0
2371154119	1.0
2371380800	1.0
2371387338	1.0
2371704242	1.0
2372014244	1.0
2373178953	1.0
2373689929	1.0
2374307018	1.0
2374352150	1.0
2375246508	1.0
2375680748	1.0
23761139	1.0
2376390996	1.0
2376677653	1.0
2376975211	1.0
23772501	1.0
2377292984	1.0
2377959026	1.0
2377982490	1.0
2378058168	1.0
2378382812	1.0
2379222667	1.0
23792255	1.0
237955221	1.0
2379926064	1.0
23799829	1.0
2379987354	1.0
238082598	1.0
2381409420	1.0
238174807	1.0
2382660218	1.0
2382996816	1.0
2383452776	1.0
2383634756	1.0
2383717754	1.0
2385394326	1.0
2385476905	1.0
2385812455	1.0
2385851994	1.0
2385944899	1.0
2386264987	1.0
2386644121	1.0
2386703629	1.0
23869185	1.0
2386960670	1.0
2387369790	1.0
2388238212	1.0
23898700	1.0
239080208	1.0
2391736411	1.0
2392077660	1.0
2395143480	1.0
2395275967	1.0
2395431906	1.0
2395438038	1.0
2395469424	1.0
2395720782	1.0
2395723116	1.0
2395725385	1.0
2395737488	1.0
2395737674	1.0
2396947603	1.0
2397226940	1.0
2397494586	1.0
2397644556	1.0
2397863868	1.0
2398113007	1.0
2398527949	1.0
2398552512	1.0
2398658929	1.0
2398662216	1.0
2398847761	1.0
2399048094	1.0
2399059885	1.0
2399167872	1.0
2399188058	1.0
2399198575	1.0
2399200952	1.0
2399285504	1.0
2400124994	1.0
2400219582	1.0
240033834	1.0
2400446299	1.0
2400480938	1.0
2400601442	1.0
2400708050	1.0
2400809395	1.0
2400956935	1.0
2401443890	1.0
2402068554	1.0
2402129887	1.0
2402169278	1.0
2402190073	1.0
2402287723	1.0
2402480335	1.0
2402584634	1.0
2402632346	1.0
2403006032	1.0
24032908	1.0
2403314916	1.0
240428676	1.0
2404572223	1.0
2404793076	1.0
2405169193	1.0
2405552155	1.0
2405945988	1.0
2406273044	1.0
2406363438	1.0
2406845472	1.0
2407087892	1.0
2407125727	1.0
2407264932	1.0
2407503535	1.0
2407568288	1.0
2407623085	1.0
2407817682	1.0
2408304139	1.0
2408337535	1.0
2409150423	1.0
2409179832	1.0
2409391712	1.0
2409395761	1.0
2409434046	1.0
2409554736	1.0
2409765864	1.0
2410105950	1.0
2410115000	1.0
2411209602	1.0
2411400648	1.0
2411424481	1.0
2411545525	1.0
2411559949	1.0
2411581746	1.0
2411806676	1.0
2411979486	1.0
2412346352	1.0
2412535500	1.0
2412634076	1.0
2412858253	1.0
2413178168	1.0
2413285112	1.0
2413430084	1.0
2413509733	1.0
2413562594	1.0
2413589028	1.0
2413622749	1.0
2413629013	1.0
2413897500	1.0
2413901845	1.0
2414290740	1.0
24147131	1.0
2414749086	1.0
2414896304	1.0
2415096354	1.0
2415768284	1.0
2415874526	1.0
2415908742	1.0
2416020642	1.0
2416062278	1.0
2416090382	1.0
2416211586	1.0
2416217216	1.0
2416784341	1.0
2417020304	1.0
2417150966	1.0
2417191406	1.0
2417627701	1.0
2417856386	1.0
2418126368	1.0
2418136903	1.0
2418211033	1.0
2418671922	1.0
2418742892	1.0
2419012152	1.0
2419066363	1.0
2419094443	1.0
2419333777	1.0
2419395151	1.0
2419472630	1.0
2419616785	1.0
2419678362	1.0
2419848084	1.0
2420146172	1.0
2420517228	1.0
2421010494	1.0
2421242024	1.0
2421371832	1.0
2422026943	1.0
2422141795	1.0
2422592671	1.0
2422597292	1.0
2422689158	1.0
2422708496	1.0
24227424	1.0
2422750902	1.0
2423437105	1.0
2423443057	1.0
2423520410	1.0
2423538408	1.0
242360536	1.0
2423738072	1.0
2423787636	1.0
2423969365	1.0
2424241236	1.0
2424358214	1.0
2424455228	1.0
2424505716	1.0
2424534020	1.0
2424656862	1.0
242469235	1.0
24247232	1.0
2425162596	1.0
2425220684	1.0
2425415384	1.0
2425583983	1.0
2426037691	1.0
2426178704	1.0
2426881358	1.0
2426967902	1.0
2427524857	1.0
2427581899	1.0
2427751848	1.0
2427773827	1.0
2428104500	1.0
2428255302	1.0
2428391143	1.0
2428447033	1.0
2428700622	1.0
2428733234	1.0
2428802629	1.0
2428825921	1.0
2428916787	1.0
2429400444	1.0
2429446958	1.0
242954869	1.0
2429561820	1.0
2429798257	1.0
242983763	1.0
2429857154	1.0
2429920068	1.0
2429977687	1.0
2429979781	1.0
243009877	1.0
2430168169	1.0
2430189098	1.0
2430211926	1.0
2430214135	1.0
2430303200	1.0
2430422550	1.0
2430444572	1.0
2430675038	1.0
2430789192	1.0
2430919999	1.0
2431005301	1.0
2431116092	1.0
2431156842	1.0
2431181076	1.0
2431412569	1.0
2431469324	1.0
2431560098	1.0
2431563888	1.0
2431564314	1.0
2431600351	1.0
2431719672	1.0
2431725404	1.0
2431914198	1.0
2431954794	1.0
2432150929	1.0
2432151654	1.0
2432290902	1.0
2432356034	1.0
2432363030	1.0
2432456940	1.0
2432582040	1.0
2432658306	1.0
2432678144	1.0
2432729868	1.0
2432757590	1.0
2433153822	1.0
2433191413	1.0
2433364339	1.0
2433482778	1.0
2433547867	1.0
2433559154	1.0
2433692358	1.0
2433728480	1.0
2433880429	1.0
2433885288	1.0
2433959221	1.0
2434086710	1.0
2434100586	1.0
2434240633	1.0
2434447568	1.0
2434471939	1.0
2434587912	1.0
2434637287	1.0
2434640930	1.0
2434714459	1.0
2434770872	1.0
2434773859	1.0
2434779360	1.0
2434816278	1.0
2434818979	1.0
2434904383	1.0
2434980080	1.0
2434983710	1.0
2435038742	1.0
2435196079	1.0
2435234149	1.0
2435273365	1.0
2435344904	1.0
2435506874	1.0
2435561952	1.0
2435572902	1.0
2435746328	1.0
2435818646	1.0
2435931235	1.0
2435990148	1.0
2436086718	1.0
2436280597	1.0
2436409352	1.0
2436464876	1.0
2436574704	1.0
2436640434	1.0
2436714246	1.0
2436912768	1.0
2436971030	1.0
2437101716	1.0
2437153135	1.0
2437171681	1.0
2437265726	1.0
2437430706	1.0
2437493574	1.0
2437523473	1.0
2437623125	1.0
2437662810	1.0
2437673960	1.0
2437756512	1.0
2437779974	1.0
2437810206	1.0
2437829773	1.0
2437841917	1.0
2437913858	1.0
2438102336	1.0
2438154366	1.0
2438171089	1.0
2438284328	1.0
2438314706	1.0
2438407890	1.0
243849585	1.0
243861445	1.0
2438728122	1.0
2438748517	1.0
2438799565	1.0
2438864480	1.0
2438869807	1.0
2438985660	1.0
2438988133	1.0
2438988480	1.0
2439074089	1.0
2439154446	1.0
2439232814	1.0
2439331740	1.0
2439339073	1.0
24393453	1.0
2439411194	1.0
2439523723	1.0
2440070418	1.0
2440225920	1.0
2440434528	1.0
2440503638	1.0
2440542738	1.0
2440572216	1.0
2440615866	1.0
2440758955	1.0
2440836782	1.0
2440894303	1.0
2441023374	1.0
2441097524	1.0
2441149423	1.0
2441345042	1.0
2441515686	1.0
2441537904	1.0
2441628020	1.0
2441820522	1.0
2441898318	1.0
2441904607	1.0
2441930306	1.0
2441948954	1.0
244248703	1.0
2442633026	1.0
2442727267	1.0
2442879740	1.0
2442915690	1.0
2444014578	1.0
2444101152	1.0
2444315106	1.0
2444511295	1.0
2444569172	1.0
2444799816	1.0
2445109620	1.0
2445182382	1.0
2445382134	1.0
2445418580	1.0
2445528194	1.0
2445530796	1.0
2445596912	1.0
2445774398	1.0
2445864440	1.0
2445873486	1.0
2445882510	1.0
2446033100	1.0
2446160718	1.0
2446208545	1.0
2446282075	1.0
2446321825	1.0
2446406382	1.0
2446413500	1.0
2446424502	1.0
2446473576	1.0
2446584678	1.0
2446605936	1.0
2446641949	1.0
2447018108	1.0
2447098447	1.0
2447115924	1.0
2447437298	1.0
2447584430	1.0
2447692147	1.0
2447901655	1.0
2447911680	1.0
2447914999	1.0
2447928920	1.0
2447942828	1.0
2447967798	1.0
2448326244	1.0
2448381488	1.0
2448408354	1.0
2448492739	1.0
2448786078	1.0
2449276903	1.0
2449342321	1.0
2449384603	1.0
2449464194	1.0
2449577012	1.0
2449802340	1.0
2449843224	1.0
2449997550	1.0
2450071507	1.0
2450312221	1.0
2450328300	1.0
2450337223	1.0
2450465796	1.0
2450472636	1.0
2450496823	1.0
2450503758	1.0
2450505066	1.0
2450584302	1.0
2450595360	1.0
2450677549	1.0
2450723340	1.0
2451115524	1.0
2451136141	1.0
2451202670	1.0
2451211278	1.0
2451334081	1.0
2451718772	1.0
2451847412	1.0
2451849241	1.0
2451925951	1.0
2451977599	1.0
2451981078	1.0
2452031713	1.0
2452122962	1.0
2452150916	1.0
2452168122	1.0
2452173151	1.0
245219041	1.0
2452213514	1.0
2452213650	1.0
2452230847	1.0
2452297999	1.0
2452299320	1.0
2452429004	1.0
2452435153	1.0
2452664436	1.0
2452761188	1.0
2452761398	1.0
2452767372	1.0
2452849380	1.0
2452930562	1.0
2453019535	1.0
2453152014	1.0
2453313110	1.0
2453344928	1.0
2453415067	1.0
2453472739	1.0
2453474426	1.0
2453500478	1.0
2453515620	1.0
2453520961	1.0
2453537012	1.0
2453612966	1.0
2453621690	1.0
2453648491	1.0
2453661068	1.0
2453761598	1.0
2453966486	1.0
2453978516	1.0
2454380454	1.0
2454676398	1.0
2454690146	1.0
2454985094	1.0
2455061940	1.0
2455154046	1.0
2455538352	1.0
2455582472	1.0
2455609987	1.0
2455617168	1.0
2455667970	1.0
2455701475	1.0
2455705435	1.0
2455797864	1.0
2455820197	1.0
2455826340	1.0
2455845108	1.0
2455923872	1.0
2456120636	1.0
2456175584	1.0
2456242512	1.0
2456532000	1.0
2456669281	1.0
2456672568	1.0
2456719820	1.0
2456790793	1.0
2456836447	1.0
2456842640	1.0
2456865889	1.0
2456889487	1.0
2456963059	1.0
2457018552	1.0
2457072510	1.0
2457072667	1.0
2457193232	1.0
2457383803	1.0
2457395341	1.0
2457406423	1.0
2457784135	1.0
2457843666	1.0
2457941755	1.0
2457966050	1.0
2458260217	1.0
2458313275	1.0
2458538263	1.0
2458802696	1.0
2458870046	1.0
2458871142	1.0
2458968367	1.0
2459057508	1.0
2459080928	1.0
2459248496	1.0
2459266784	1.0
2459527098	1.0
2459531522	1.0
2459775408	1.0
2459782572	1.0
2459790691	1.0
2459963605	1.0
2460152370	1.0
2460415308	1.0
2460552805	1.0
24609836	1.0
2461008031	1.0
2461074024	1.0
2461090021	1.0
2461167445	1.0
246134345	1.0
2461401379	1.0
2461556142	1.0
2461796702	1.0
2461907034	1.0
246213562	1.0
2462153870	1.0
2462154396	1.0
2462401788	1.0
2462561220	1.0
2462639124	1.0
2462869814	1.0
2462954532	1.0
2462992933	1.0
2463044034	1.0
2463104724	1.0
2463137672	1.0
2463284870	1.0
2463334585	1.0
2463454776	1.0
2463843150	1.0
2464015375	1.0
2464026949	1.0
2464154815	1.0
2464184833	1.0
2464200337	1.0
2464284763	1.0
24643919	1.0
2464777303	1.0
24647967	1.0
24648540	1.0
2464992128	1.0
2465090228	1.0
2465315815	1.0
2465417222	1.0
2465453312	1.0
2465750718	1.0
2465823841	1.0
2465912994	1.0
2466120439	1.0
2466378638	1.0
2466392516	1.0
2466616681	1.0
2466631590	1.0
2466695947	1.0
2466716947	1.0
2466951337	1.0
2466977310	1.0
2467191422	1.0
2467213297	1.0
2467271010	1.0
2467342878	1.0
2467630454	1.0
2467772773	1.0
2467852850	1.0
24680689	1.0
2468146634	1.0
2468225552	1.0
2468259932	1.0
2468329549	1.0
2468395502	1.0
2468454686	1.0
2468706294	1.0
2469036276	1.0
2469135486	1.0
2469208040	1.0
2469286399	1.0
2469350898	1.0
2469486127	1.0
2469544104	1.0
2469558632	1.0
2469673682	1.0
2469678306	1.0
2469690474	1.0
2469751471	1.0
2469758978	1.0
2469786973	1.0
2469797336	1.0
2469797754	1.0
2469831210	1.0
2469847560	1.0
2469850136	1.0
2469867536	1.0
2469915337	1.0
2469938232	1.0
2471368838	1.0
2471694301	1.0
2471805528	1.0
2471909532	1.0
2472298346	1.0
2472566161	1.0
2473026780	1.0
2473132290	1.0
24747180	1.0
2475892022	1.0
2475924769	1.0
2476601274	1.0
2476609326	1.0
2476758518	1.0
2477081305	1.0
2477229896	1.0
2477281189	1.0
2477561786	1.0
2477787246	1.0
247785677	1.0
2477962122	1.0
2478244388	1.0
2478551816	1.0
2478700304	1.0
247901684	1.0
2479403630	1.0
2479414934	1.0
2479734697	1.0
2480485770	1.0
2480618172	1.0
2482433725	1.0
2482477681	1.0
2482570316	1.0
2483419596	1.0
2483512609	1.0
248408801	1.0
2484323647	1.0
2484337225	1.0
2484513824	1.0
2484747794	1.0
2484866124	1.0
2484901548	1.0
2485051441	1.0
2485610845	1.0
2485690783	1.0
2485780356	1.0
2486302381	1.0
2488407218	1.0
2489181104	1.0
2489308536	1.0
2489844007	1.0
2490061040	1.0
2490218898	1.0
2490226488	1.0
2490380311	1.0
2490493993	1.0
2490912108	1.0
2492568626	1.0
2492664480	1.0
2493258836	1.0
2494287193	1.0
2494330219	1.0
2494896473	1.0
2494921874	1.0
2495448966	1.0
2495542669	1.0
2495834532	1.0
2495881148	1.0
2497045194	1.0
2497112545	1.0
2497470973	1.0
249763219	1.0
2497816974	1.0
2499352022	1.0
2499423349	1.0
2500752858	1.0
2501925036	1.0
2502122899	1.0
2502158690	1.0
2502172040	1.0
250233843	1.0
2502970082	1.0
2502973872	1.0
250362250	1.0
2503855651	1.0
2504067679	1.0
2504420335	1.0
2505283824	1.0
2505531398	1.0
2505558120	1.0
2506420081	1.0
2506606106	1.0
2507340103	1.0
250758475	1.0
250785407	1.0
2509195698	1.0
2509682107	1.0
2510921336	1.0
2511496688	1.0
2512474040	1.0
2512506199	1.0
251277277	1.0
2512910989	1.0
2512977654	1.0
2513161543	1.0
2513181757	1.0
2513943258	1.0
2514196770	1.0
2514700621	1.0
251633588	1.0
2518870585	1.0
2519942598	1.0
2520719083	1.0
252130524	1.0
2522261120	1.0
2522676398	1.0
2523375564	1.0
2523483728	1.0
2523875905	1.0
2523939182	1.0
2525101622	1.0
2525578032	1.0
2525892205	1.0
2526470726	1.0
2527743757	1.0
2528316613	1.0
2528815442	1.0
2529232886	1.0
253062405	1.0
2531009426	1.0
2531566951	1.0
2531776962	1.0
2533540607	1.0
2534122836	1.0
253418713	1.0
2535083630	1.0
25356141	1.0
25364013	1.0
2536800362	1.0
253680473	1.0
2536821938	1.0
2536979618	1.0
2537186540	1.0
2537928414	1.0
2538026023	1.0
2538220560	1.0
2538279428	1.0
2538343784	1.0
2538570500	1.0
2539023386	1.0
253940916	1.0
2539613300	1.0
253971576	1.0
2540006214	1.0
2542070946	1.0
254228322	1.0
2542437954	1.0
2542559888	1.0
2542569396	1.0
2542619058	1.0
2542697899	1.0
2542774711	1.0
2542790347	1.0
2542861718	1.0
2542920702	1.0
2543005298	1.0
2543076715	1.0
2543261804	1.0
2543301613	1.0
2543409860	1.0
2543430523	1.0
2543505635	1.0
2543532169	1.0
2543573857	1.0
2543631552	1.0
2543757116	1.0
2543820288	1.0
2543838476	1.0
2543982175	1.0
2544001098	1.0
2544028802	1.0
2544055542	1.0
2544098874	1.0
2544129636	1.0
2544215311	1.0
2544332684	1.0
2544374612	1.0
2544493069	1.0
2544526945	1.0
2544585380	1.0
2544592057	1.0
2544607466	1.0
2544621240	1.0
2544732889	1.0
2544913086	1.0
2545035445	1.0
2545050212	1.0
2545050529	1.0
2545050823	1.0
254507476	1.0
2545125114	1.0
2545126832	1.0
2545216226	1.0
2545233014	1.0
2545266954	1.0
2545276435	1.0
2545279956	1.0
2545296044	1.0
2545328251	1.0
2545936604	1.0
25461663	1.0
2547053838	1.0
2548034736	1.0
2548341984	1.0
2548348537	1.0
2548359631	1.0
2548377974	1.0
2548425422	1.0
2548433402	1.0
2548454534	1.0
2548454875	1.0
2548473912	1.0
2548477310	1.0
2548495680	1.0
2548517868	1.0
2548571904	1.0
2548603806	1.0
2548616366	1.0
2548625810	1.0
2548627518	1.0
2548691924	1.0
2548709322	1.0
2548716386	1.0
2548726322	1.0
2548728630	1.0
2548766216	1.0
2548831782	1.0
2548884654	1.0
2548888574	1.0
2548901492	1.0
2548949780	1.0
2548957776	1.0
2549005488	1.0
2549026964	1.0
2549102899	1.0
2549151955	1.0
2549299866	1.0
2549343134	1.0
2549399148	1.0
2549426508	1.0
2549445512	1.0
2549452722	1.0
2549485615	1.0
2549537564	1.0
2549544984	1.0
2549568950	1.0
2549573340	1.0
2549613740	1.0
2549619445	1.0
2549648161	1.0
2549708755	1.0
2549729340	1.0
2549745480	1.0
2549778655	1.0
2549828419	1.0
2549877990	1.0
2549890285	1.0
2549896526	1.0
2549906102	1.0
2549991848	1.0
2549992069	1.0
2549994174	1.0
2550177354	1.0
2550196351	1.0
2550323730	1.0
2550368910	1.0
2550378044	1.0
2550415375	1.0
2550514776	1.0
2550566558	1.0
2550615067	1.0
2550658303	1.0
2550675277	1.0
2550705679	1.0
2550746396	1.0
2550757092	1.0
2550877783	1.0
2550903428	1.0
2550923294	1.0
2550959186	1.0
2550976747	1.0
2550998676	1.0
2551083781	1.0
2551127034	1.0
2551130106	1.0
2551131924	1.0
2551155631	1.0
2551180250	1.0
255249826	1.0
2554096992	1.0
2554107798	1.0
2554811497	1.0
2556031146	1.0
2556616177	1.0
2556973321	1.0
255820556	1.0
2558654918	1.0
255996385	1.0
256493626	1.0
2565429648	1.0
25662191	1.0
2567518027	1.0
2568686246	1.0
256999430	1.0
2570233256	1.0
257111338	1.0
2571590701	1.0
2572070462	1.0
2573523368	1.0
2574524113	1.0
2575101426	1.0
2579477766	1.0
258033436	1.0
25827743	1.0
2584594087	1.0
2584946731	1.0
2585209226	1.0
25892484	1.0
2590325786	1.0
259059584	1.0
2593913372	1.0
2595519847	1.0
259554796	1.0
2596288916	1.0
2597217768	1.0
2598570470	1.0
2601421506	1.0
2602714231	1.0
2603480221	1.0
26035296	1.0
26038648	1.0
2604579602	1.0
260473647	1.0
260609900	1.0
2609555142	1.0
2610193056	1.0
26125214	1.0
2614480104	1.0
261460365	1.0
26196339	1.0
26250595	1.0
262523943	1.0
262652488	1.0
262690181	1.0
262950288	1.0
263037408	1.0
263787098	1.0
263810030	1.0
263812431	1.0
263860145	1.0
264153788	1.0
2642354551	1.0
264315613	1.0
2645083062	1.0
2645755694	1.0
2646506552	1.0
2651086028	1.0
2652836498	1.0
265612915	1.0
2658034976	1.0
26583295	1.0
2658420401	1.0
2661032629	1.0
2662003123	1.0
2662003783	1.0
2662043284	1.0
2662369063	1.0
2662587233	1.0
2662602515	1.0
2662605501	1.0
2662641964	1.0
2662870393	1.0
2662924486	1.0
2663045346	1.0
2663089169	1.0
2663469238	1.0
2663577899	1.0
2664239892	1.0
2666226978	1.0
2666496709	1.0
2667731597	1.0
266799789	1.0
2668336109	1.0
2671783163	1.0
267384172	1.0
26775476	1.0
2678090893	1.0
268006481	1.0
2680160755	1.0
26849804	1.0
26854472	1.0
2685751861	1.0
2685856327	1.0
2685984139	1.0
2686075458	1.0
2686092716	1.0
2686157665	1.0
2686196766	1.0
2686291788	1.0
2686361234	1.0
2686385785	1.0
2686655983	1.0
2686739941	1.0
2686749048	1.0
2686749091	1.0
2686775802	1.0
2686829178	1.0
2686869288	1.0
2687024280	1.0
2687072382	1.0
2687107897	1.0
2687118805	1.0
2687130697	1.0
2687199685	1.0
2687238198	1.0
2687296717	1.0
2687365728	1.0
2687489124	1.0
2687538156	1.0
2687555778	1.0
2687579538	1.0
2687624274	1.0
2687657906	1.0
2687777335	1.0
2687847283	1.0
2687852666	1.0
2688068264	1.0
26880763	1.0
2688122857	1.0
2688179046	1.0
2688204474	1.0
2688290244	1.0
2688293538	1.0
2688308834	1.0
2688337855	1.0
2688440292	1.0
268844094	1.0
2688468884	1.0
2688561516	1.0
2688669638	1.0
2688736394	1.0
2688753619	1.0
2688767838	1.0
2688796976	1.0
2689065938	1.0
2689072627	1.0
2689150506	1.0
2689226184	1.0
2689230480	1.0
2689367341	1.0
2689415809	1.0
2689423194	1.0
2689622275	1.0
2689624477	1.0
2689632278	1.0
2689653937	1.0
2689801939	1.0
268995712	1.0
2690015917	1.0
2690034624	1.0
2690038273	1.0
2690045930	1.0
2690108586	1.0
2690121396	1.0
2690143711	1.0
2690185862	1.0
2690195503	1.0
2690208542	1.0
2690213130	1.0
2690219731	1.0
2690321348	1.0
2690350316	1.0
2690357448	1.0
2690366960	1.0
2690376836	1.0
2690429328	1.0
2690465773	1.0
2690505534	1.0
2690578862	1.0
2690651148	1.0
2690665146	1.0
2690708125	1.0
2690736163	1.0
2690764146	1.0
2690819250	1.0
2690874529	1.0
2690933059	1.0
2690961073	1.0
2692372152	1.0
269294861	1.0
2693358919	1.0
2693370026	1.0
2693479849	1.0
2693549905	1.0
2693607025	1.0
2693713662	1.0
2693791370	1.0
2693910080	1.0
2694161869	1.0
2694162234	1.0
2694195811	1.0
2694281562	1.0
2694286970	1.0
2694624362	1.0
2694650766	1.0
2695397479	1.0
2695500751	1.0
2695546891	1.0
2695557062	1.0
2695582160	1.0
2695590798	1.0
2695629752	1.0
2695702897	1.0
2695829299	1.0
2695878540	1.0
2695892311	1.0
2695945706	1.0
2695974992	1.0
2696064602	1.0
2696097134	1.0
2696188255	1.0
2696324868	1.0
2696434620	1.0
2696556234	1.0
2696562194	1.0
2696566974	1.0
2696634746	1.0
2696858983	1.0
2696865516	1.0
2696867125	1.0
2696978310	1.0
2697063823	1.0
2698534093	1.0
2698744388	1.0
2698769630	1.0
2698976658	1.0
2698977878	1.0
2699087383	1.0
2699116099	1.0
2699154968	1.0
2699239394	1.0
2699362142	1.0
2699366360	1.0
2699418343	1.0
2699591221	1.0
2699832691	1.0
2700040386	1.0
2700079748	1.0
2700086005	1.0
2700096308	1.0
2700102042	1.0
2700201067	1.0
2700281346	1.0
2700326318	1.0
2700334165	1.0
2700739058	1.0
2700887940	1.0
2701381363	1.0
2701436990	1.0
2701721772	1.0
2701756968	1.0
2702000618	1.0
27026969	1.0
2703017876	1.0
2703101706	1.0
2704457712	1.0
270481972	1.0
2704863368	1.0
2704893457	1.0
2704941350	1.0
2704957579	1.0
2705173928	1.0
2705225341	1.0
2705253350	1.0
2705267696	1.0
2705296003	1.0
2705298391	1.0
2705381304	1.0
2705534022	1.0
2705655360	1.0
2705671885	1.0
2705681090	1.0
270587234	1.0
2705919258	1.0
2705933210	1.0
2705992525	1.0
2706036360	1.0
2706111115	1.0
2706355880	1.0
2706435258	1.0
2706485546	1.0
2706640440	1.0
2706692664	1.0
2706754416	1.0
2706792698	1.0
2707411560	1.0
2707440576	1.0
2707843382	1.0
2708042816	1.0
2708092267	1.0
270918442	1.0
271002958	1.0
2710213821	1.0
2710561359	1.0
271066612	1.0
2711411250	1.0
2711628616	1.0
2711726433	1.0
2711820565	1.0
271211220	1.0
27126243	1.0
271407856	1.0
2714985810	1.0
2715646770	1.0
2715894908	1.0
2718047459	1.0
2720144785	1.0
2721079981	1.0
272125054	1.0
2722545343	1.0
2724523722	1.0
272487947	1.0
2725612321	1.0
2728390889	1.0
2728482803	1.0
2730419234	1.0
273046994	1.0
2730855593	1.0
2732425088	1.0
2733717987	1.0
2734069648	1.0
2734320736	1.0
2734383893	1.0
27351818	1.0
2735710545	1.0
2735820760	1.0
2735864729	1.0
2735906433	1.0
2736042941	1.0
2736131151	1.0
2736453161	1.0
273652176	1.0
2736580017	1.0
2736894074	1.0
2737007830	1.0
2737022153	1.0
2737173747	1.0
2737189805	1.0
2737193747	1.0
2737237587	1.0
2737457182	1.0
2737519909	1.0
2737604711	1.0
2737805717	1.0
2737809735	1.0
2737865483	1.0
2737912515	1.0
2737935543	1.0
2738014199	1.0
2738100202	1.0
2738117183	1.0
2738158318	1.0
2738195861	1.0
2738209113	1.0
2738230019	1.0
2738270835	1.0
2738481785	1.0
2738482163	1.0
2738612254	1.0
2738628077	1.0
2738723915	1.0
2738746198	1.0
2738775963	1.0
2738883363	1.0
2738927523	1.0
2738948338	1.0
2738958269	1.0
2738999195	1.0
2739012123	1.0
2739046185	1.0
2739146225	1.0
2739380021	1.0
2739439732	1.0
2739448766	1.0
2739509723	1.0
2739543730	1.0
2739544947	1.0
2739601377	1.0
2739697078	1.0
2739755302	1.0
2739757755	1.0
2739798263	1.0
2739805281	1.0
273984441	1.0
2739857289	1.0
2739858777	1.0
2739860531	1.0
2739930341	1.0
2739939143	1.0
2740000162	1.0
2740162385	1.0
2740260184	1.0
2740429216	1.0
2740797856	1.0
2740839341	1.0
2740868553	1.0
2740886543	1.0
2740926376	1.0
2740942696	1.0
2741030446	1.0
2741064035	1.0
2741149211	1.0
2741156080	1.0
2741156507	1.0
2741175897	1.0
2741267559	1.0
2741304593	1.0
2741321393	1.0
2741324727	1.0
2741402788	1.0
2741768487	1.0
2741797756	1.0
2741890245	1.0
2741902739	1.0
2741913525	1.0
2741940509	1.0
2742030262	1.0
2742030299	1.0
2742033225	1.0
2742110243	1.0
2742133504	1.0
2742137299	1.0
2742141203	1.0
2742144561	1.0
2742233026	1.0
2742287301	1.0
2742439943	1.0
2742657509	1.0
2742786597	1.0
2743164141	1.0
2743209261	1.0
2743359179	1.0
2743533387	1.0
2743552798	1.0
2743641378	1.0
2743805045	1.0
2743923275	1.0
2745064880	1.0
2745075751	1.0
2745102056	1.0
2745114192	1.0
2745325344	1.0
2745539815	1.0
2745772622	1.0
2746058888	1.0
2746199568	1.0
2746234371	1.0
2746254118	1.0
2746289704	1.0
2746300417	1.0
2746341386	1.0
2746361433	1.0
2746398602	1.0
2746443035	1.0
2746486048	1.0
2746508548	1.0
2746555953	1.0
2746703126	1.0
2746717633	1.0
2746783650	1.0
2746797868	1.0
2746880877	1.0
2746952052	1.0
2747018249	1.0
2747038569	1.0
2747099662	1.0
2747118377	1.0
2747166742	1.0
2747168171	1.0
2747200659	1.0
2747217973	1.0
2747299252	1.0
2747359684	1.0
2747425468	1.0
2747470161	1.0
2747481008	1.0
2747535322	1.0
2747537098	1.0
2747572570	1.0
2747588848	1.0
2747700453	1.0
2747746926	1.0
2747747595	1.0
2747826273	1.0
2747873686	1.0
2747887642	1.0
2747902839	1.0
2747929427	1.0
2747934111	1.0
2747979447	1.0
2748148485	1.0
2748152715	1.0
2748226523	1.0
2748237185	1.0
2748247233	1.0
2748309875	1.0
2748360640	1.0
2748371603	1.0
2748376073	1.0
2748390665	1.0
2748397209	1.0
2748409891	1.0
2748429507	1.0
2748437345	1.0
2748444869	1.0
2748448133	1.0
2748454233	1.0
2748494609	1.0
2748505671	1.0
2748546443	1.0
2748587075	1.0
2748619001	1.0
2748620435	1.0
2748627448	1.0
2748684550	1.0
2748985287	1.0
2749014179	1.0
2749018421	1.0
2749021534	1.0
2749059652	1.0
2749141571	1.0
2749218208	1.0
2749270731	1.0
2749294571	1.0
2749335470	1.0
2749369175	1.0
2749425029	1.0
2749480486	1.0
2749498197	1.0
2749502500	1.0
2749557459	1.0
2749604283	1.0
2749863880	1.0
274997124	1.0
2751194333	1.0
2751248716	1.0
2751277367	1.0
2751427337	1.0
2751427469	1.0
2751436853	1.0
2751456478	1.0
2751470315	1.0
2751472463	1.0
2751501838	1.0
2751518217	1.0
2751520283	1.0
2751522741	1.0
2751552514	1.0
2751556515	1.0
2751693976	1.0
2751752829	1.0
2751800573	1.0
2751812092	1.0
2751818465	1.0
2751859367	1.0
2751875266	1.0
2751902021	1.0
2751906671	1.0
2751966400	1.0
2751982257	1.0
2751992195	1.0
2752035328	1.0
2752148602	1.0
2752151386	1.0
2752243036	1.0
2752345727	1.0
2752402461	1.0
2752449189	1.0
2752575989	1.0
2752580855	1.0
2752624270	1.0
2752710693	1.0
2752748649	1.0
2752811177	1.0
2752856717	1.0
2752920593	1.0
2752998347	1.0
2753021865	1.0
2753031628	1.0
2753033201	1.0
2753079821	1.0
2753090583	1.0
2753111861	1.0
2753129301	1.0
2753137509	1.0
2753219524	1.0
2753241995	1.0
2753275667	1.0
2753292827	1.0
2753300061	1.0
2753314281	1.0
2753350785	1.0
2753407552	1.0
2753470001	1.0
2753567111	1.0
2753570153	1.0
2753719216	1.0
2753732703	1.0
2753747187	1.0
2753769126	1.0
2753813176	1.0
2754005165	1.0
2754010275	1.0
2754085579	1.0
2754143116	1.0
2754145595	1.0
2754179554	1.0
2754204617	1.0
2754226685	1.0
2754250706	1.0
2754265576	1.0
2754266770	1.0
2754277111	1.0
2754312789	1.0
2754339479	1.0
2754357251	1.0
2754407526	1.0
2754446795	1.0
2754467544	1.0
2754469367	1.0
2754501062	1.0
2754521593	1.0
2754542641	1.0
2754550293	1.0
2754616748	1.0
2754648216	1.0
2754682371	1.0
2754723625	1.0
2754751329	1.0
2754768399	1.0
2754778120	1.0
2754799085	1.0
275483015	1.0
2754888344	1.0
2754903685	1.0
2754912046	1.0
2754940077	1.0
2755053226	1.0
2755147078	1.0
2755288803	1.0
2755353376	1.0
2755393031	1.0
2755476141	1.0
2755514621	1.0
2755560479	1.0
2755613715	1.0
2755652879	1.0
2755660594	1.0
2755728064	1.0
2755774990	1.0
2755781164	1.0
2755789867	1.0
2755817337	1.0
2755831463	1.0
2755874037	1.0
2755880883	1.0
2755916068	1.0
2755924607	1.0
2755930173	1.0
2756083541	1.0
2756158031	1.0
2756177625	1.0
2756185785	1.0
2756221221	1.0
2756264038	1.0
2756445613	1.0
2756510059	1.0
2756552894	1.0
2756555216	1.0
2756560512	1.0
275659310	1.0
2756644727	1.0
2756695511	1.0
2756706393	1.0
2756726384	1.0
2756810477	1.0
2756827437	1.0
2756893261	1.0
2756943735	1.0
2757042696	1.0
2757217383	1.0
2757264727	1.0
2757269633	1.0
2757283805	1.0
2757383741	1.0
2757385963	1.0
2757585947	1.0
2757656746	1.0
2757663169	1.0
2757838553	1.0
2757856562	1.0
2757869109	1.0
2757904047	1.0
2757999209	1.0
2758001153	1.0
2758004979	1.0
2758005321	1.0
2758007740	1.0
2758019014	1.0
2758027725	1.0
2758048821	1.0
2758052753	1.0
2758082475	1.0
2758098370	1.0
2758116257	1.0
2758127123	1.0
2758163585	1.0
2758198203	1.0
2758221893	1.0
2758251035	1.0
2758253842	1.0
2758257861	1.0
2758288024	1.0
2758311826	1.0
2758338911	1.0
2758345743	1.0
2758352831	1.0
2758540431	1.0
2758568810	1.0
2758631901	1.0
2758634206	1.0
2758635148	1.0
2758707855	1.0
2758735863	1.0
2758826835	1.0
2758930635	1.0
2759003560	1.0
2759008024	1.0
2759009579	1.0
2759011781	1.0
2759021379	1.0
2759091503	1.0
2759094929	1.0
2759111074	1.0
2759134833	1.0
2759186174	1.0
2759200102	1.0
2759292929	1.0
2759299157	1.0
2759326427	1.0
2759347361	1.0
2759368871	1.0
2759388599	1.0
2759394305	1.0
2759454357	1.0
2759523703	1.0
2759559855	1.0
2759562092	1.0
2759594985	1.0
2759601917	1.0
2759602054	1.0
2759623222	1.0
2759630051	1.0
2759638008	1.0
2759690771	1.0
2759694070	1.0
2759704415	1.0
2759722079	1.0
2759740398	1.0
2759796531	1.0
2759818539	1.0
2759866079	1.0
2759921943	1.0
2759961923	1.0
2759974516	1.0
2759980387	1.0
2760110033	1.0
2760145749	1.0
2760151763	1.0
2760170543	1.0
2760175419	1.0
2760190624	1.0
2760230091	1.0
2760258010	1.0
2760306838	1.0
2760345058	1.0
2760360239	1.0
2760429723	1.0
2760443639	1.0
2760535900	1.0
2760629263	1.0
2760839579	1.0
2760879996	1.0
2760891701	1.0
2760924976	1.0
2760927137	1.0
2760948350	1.0
2760948838	1.0
2760965573	1.0
2760987726	1.0
2760998489	1.0
2761009336	1.0
2761020317	1.0
2761029387	1.0
2761031458	1.0
2761038923	1.0
2761072102	1.0
2761072576	1.0
2761074285	1.0
2761097848	1.0
2761119869	1.0
2761125915	1.0
2761155280	1.0
2761165529	1.0
2761167120	1.0
2761202345	1.0
2761279727	1.0
2761286656	1.0
2761296401	1.0
2761343002	1.0
2761344707	1.0
2761368203	1.0
2761383169	1.0
2761504090	1.0
2761533220	1.0
2761544266	1.0
2761560495	1.0
2761566520	1.0
2761572429	1.0
2761592392	1.0
2761593971	1.0
2761627090	1.0
2761629659	1.0
2761650537	1.0
2761659017	1.0
2761667613	1.0
2761689081	1.0
2761705509	1.0
2761716046	1.0
2761738791	1.0
2761747339	1.0
2761752237	1.0
2761774828	1.0
2761781951	1.0
2761785178	1.0
2761792563	1.0
2761797742	1.0
2761801168	1.0
2761829176	1.0
2761864265	1.0
2761864271	1.0
2761878072	1.0
2761884441	1.0
2761917075	1.0
2761949031	1.0
2761972563	1.0
2761982122	1.0
2762033914	1.0
2762042566	1.0
2762088657	1.0
2762095863	1.0
2762214737	1.0
2762235879	1.0
2762239625	1.0
2762251721	1.0
2762288864	1.0
2762305204	1.0
2762352065	1.0
2762397623	1.0
2762406841	1.0
2762600143	1.0
2762601689	1.0
2762611931	1.0
2762645214	1.0
2762672703	1.0
2762675417	1.0
2762683624	1.0
2762689377	1.0
2762715040	1.0
2762739397	1.0
2762776421	1.0
2762805153	1.0
2762808154	1.0
2762847249	1.0
2762855369	1.0
2762904922	1.0
2762950786	1.0
2763013478	1.0
2763049793	1.0
2763077164	1.0
2763139973	1.0
2763299017	1.0
2763315373	1.0
2763507027	1.0
2763586040	1.0
2763621347	1.0
2763635783	1.0
2763660657	1.0
2763725480	1.0
2763837927	1.0
2763846520	1.0
2763875673	1.0
2763911189	1.0
2764014952	1.0
2764037068	1.0
2764044490	1.0
2764084007	1.0
2764098963	1.0
2764115836	1.0
2764165599	1.0
2764175830	1.0
2764213012	1.0
2764265663	1.0
2764398179	1.0
2764461363	1.0
2764566991	1.0
2764588737	1.0
2764592043	1.0
2764597107	1.0
2764602465	1.0
2764650594	1.0
2764860776	1.0
2765167242	1.0
2765200410	1.0
2765243258	1.0
2765624577	1.0
2765628803	1.0
2765685586	1.0
2765733622	1.0
2765739707	1.0
2765769593	1.0
2765787505	1.0
2765792055	1.0
2765802377	1.0
2765817888	1.0
2765842650	1.0
2765868568	1.0
276587551	1.0
2765959539	1.0
2765959726	1.0
2765988969	1.0
2766048032	1.0
2766049845	1.0
2766051249	1.0
2766056919	1.0
2766071708	1.0
2766088702	1.0
2766105268	1.0
2766114786	1.0
2766115745	1.0
2766122249	1.0
2766133167	1.0
2766137473	1.0
2766141005	1.0
2766143374	1.0
2766147189	1.0
2766167451	1.0
2766194957	1.0
2766208600	1.0
2766216286	1.0
2766225327	1.0
2766242961	1.0
2766278222	1.0
2766280966	1.0
2766311997	1.0
2766324250	1.0
2766348273	1.0
2766377049	1.0
2766423700	1.0
2766519340	1.0
2766531971	1.0
2766592007	1.0
2766655544	1.0
2766675631	1.0
2766711495	1.0
2766816496	1.0
2766821049	1.0
2766847091	1.0
2766858219	1.0
2766865224	1.0
2766872267	1.0
2766873593	1.0
2766882514	1.0
2766889311	1.0
2766896585	1.0
2766919397	1.0
2766924424	1.0
2766962716	1.0
2766963472	1.0
2766974020	1.0
2767014383	1.0
2767015779	1.0
2767066361	1.0
2767093679	1.0
2767125653	1.0
2767128357	1.0
2767181925	1.0
2767181955	1.0
2767191789	1.0
2767220475	1.0
2767244781	1.0
2767270385	1.0
2767308387	1.0
2767324337	1.0
2767326480	1.0
2767414707	1.0
2767435331	1.0
2767462252	1.0
2767478128	1.0
2767752021	1.0
2767846197	1.0
2767891095	1.0
2767893947	1.0
2767929377	1.0
2767943656	1.0
2767950287	1.0
2768028749	1.0
2768031779	1.0
2768040305	1.0
2768057081	1.0
2768069109	1.0
2768116745	1.0
2768139948	1.0
2768147987	1.0
2768190202	1.0
2768190953	1.0
2768191959	1.0
2768203775	1.0
2768255170	1.0
2768264237	1.0
2768298369	1.0
2768298580	1.0
2768321781	1.0
2768428701	1.0
2768464961	1.0
2768467335	1.0
2768469953	1.0
2768478118	1.0
2768593708	1.0
2768620001	1.0
2768725923	1.0
2768782043	1.0
2769362001	1.0
2769386543	1.0
2769406276	1.0
2769441399	1.0
2769492023	1.0
2769521099	1.0
2769528423	1.0
2769536823	1.0
2769563098	1.0
2769671327	1.0
2769682125	1.0
2769703270	1.0
2769715546	1.0
2769718947	1.0
276972392	1.0
2769736419	1.0
2769739991	1.0
27697529	1.0
2769777887	1.0
2769786484	1.0
2769811354	1.0
2769839961	1.0
2769903010	1.0
2770034428	1.0
277057449	1.0
2770787525	1.0
2770792169	1.0
277081955	1.0
2770828156	1.0
2770868483	1.0
2770883883	1.0
2770939541	1.0
2771404803	1.0
2771795999	1.0
2771823707	1.0
2771838213	1.0
2771953882	1.0
2772358132	1.0
2772434783	1.0
2772484889	1.0
2772550343	1.0
2772601852	1.0
2772730179	1.0
2772877379	1.0
2772880169	1.0
2772899927	1.0
2772919761	1.0
2772951857	1.0
2772966670	1.0
2772983681	1.0
2773024210	1.0
2773040013	1.0
2773048539	1.0
2773059237	1.0
2773066456	1.0
2773139055	1.0
2773142241	1.0
2773156623	1.0
2773191076	1.0
2773254106	1.0
2773383467	1.0
2773450251	1.0
2773453083	1.0
2773475062	1.0
2773572122	1.0
2773640069	1.0
2773749251	1.0
2773782064	1.0
2773807809	1.0
2773841068	1.0
2773850626	1.0
2773852277	1.0
2773859766	1.0
2773878874	1.0
2773879552	1.0
2773883021	1.0
2773910469	1.0
2774043904	1.0
2774057349	1.0
2774103701	1.0
2774245798	1.0
2774262549	1.0
2774298387	1.0
2774372151	1.0
2774376713	1.0
2774415449	1.0
2774447993	1.0
2774495669	1.0
2774522409	1.0
2774525667	1.0
2774546739	1.0
2774569701	1.0
2774590432	1.0
27746125	1.0
2774665938	1.0
2774711699	1.0
2775781149	1.0
2775831593	1.0
277593602	1.0
2775963721	1.0
2776125867	1.0
2776625157	1.0
2776720635	1.0
2776929232	1.0
2776939101	1.0
2777010028	1.0
2777074683	1.0
2777158779	1.0
2777168489	1.0
2777553275	1.0
2777704540	1.0
2777733023	1.0
2777798315	1.0
2777801895	1.0
2777884361	1.0
2777923354	1.0
2777934220	1.0
2778149795	1.0
2778168941	1.0
2778182643	1.0
2778204154	1.0
2778432771	1.0
2778785285	1.0
2778878829	1.0
2779095970	1.0
2779152501	1.0
2779159084	1.0
2779265537	1.0
2779474599	1.0
2779505134	1.0
2779582241	1.0
2779690545	1.0
2779739849	1.0
2779919381	1.0
2780155305	1.0
2780172574	1.0
2780421621	1.0
2780545864	1.0
2780791565	1.0
2780796664	1.0
2780797553	1.0
2780800673	1.0
2780804547	1.0
2780835257	1.0
2781050528	1.0
2781150323	1.0
2781230247	1.0
2781275483	1.0
2781523419	1.0
2781635428	1.0
2781688927	1.0
278175377	1.0
2782153149	1.0
2782252438	1.0
2782252462	1.0
2782323027	1.0
2782395767	1.0
2782414211	1.0
2782455531	1.0
2782456942	1.0
2782641395	1.0
2782654827	1.0
2782663995	1.0
2782703367	1.0
2782704783	1.0
2782719617	1.0
2782741661	1.0
2782749825	1.0
2782753330	1.0
2782767459	1.0
2782844428	1.0
27828974	1.0
2782942659	1.0
2783033062	1.0
2783048314	1.0
2783062247	1.0
2783082251	1.0
2783084098	1.0
2783184905	1.0
2783215193	1.0
2783223959	1.0
2783242593	1.0
2783275432	1.0
2783285565	1.0
2783335457	1.0
2783338845	1.0
2783353965	1.0
2783356828	1.0
2783359834	1.0
2783375259	1.0
2783380930	1.0
2783433579	1.0
2783438843	1.0
2783475970	1.0
2783506187	1.0
2783517472	1.0
2783561200	1.0
2783574537	1.0
2783752892	1.0
2783881684	1.0
2783932714	1.0
2783942104	1.0
278397456	1.0
2784007443	1.0
2784079547	1.0
2784082299	1.0
2784114364	1.0
2784168617	1.0
2784285610	1.0
2784410127	1.0
2784420029	1.0
2784583588	1.0
2784634240	1.0
2784670108	1.0
2784710849	1.0
2784711112	1.0
2784757491	1.0
2784785596	1.0
2784844558	1.0
2784848230	1.0
2784876539	1.0
2784898997	1.0
2784902061	1.0
2784942244	1.0
2784976977	1.0
2784980957	1.0
2785053371	1.0
2785067823	1.0
2785069703	1.0
2785152615	1.0
2785160045	1.0
2785168036	1.0
2785169000	1.0
2785267246	1.0
2785313351	1.0
2785421368	1.0
2785500605	1.0
2785846253	1.0
2785876341	1.0
2785894342	1.0
2785931536	1.0
2786062216	1.0
2786064538	1.0
2786077349	1.0
278612618	1.0
2786139202	1.0
2786216565	1.0
2786275138	1.0
2786275665	1.0
2786317599	1.0
2786340639	1.0
2786349646	1.0
2786363069	1.0
2786427448	1.0
2786443835	1.0
2786535545	1.0
2786581647	1.0
2786590101	1.0
2786604735	1.0
2786634591	1.0
2786634639	1.0
2786660812	1.0
2786677161	1.0
2786677493	1.0
2786715245	1.0
2786737816	1.0
2786766263	1.0
2786768621	1.0
2786793927	1.0
2786816584	1.0
2786835982	1.0
2786845485	1.0
2786866594	1.0
2786953511	1.0
2787084424	1.0
2787117407	1.0
2787233291	1.0
2787310109	1.0
2787560236	1.0
2787566567	1.0
2787580791	1.0
2787617087	1.0
2787633915	1.0
2787762784	1.0
2787791915	1.0
2787826627	1.0
2787945598	1.0
2787998709	1.0
278804483	1.0
2788047050	1.0
2788218207	1.0
2788238997	1.0
2788262291	1.0
2788345788	1.0
2788488099	1.0
2788544692	1.0
2788588083	1.0
2788743137	1.0
2788917885	1.0
2789072633	1.0
2789108081	1.0
2790141030	1.0
2790190080	1.0
2790224569	1.0
2790236220	1.0
2790238602	1.0
2790317003	1.0
2790363503	1.0
2790369209	1.0
2790376422	1.0
2790392596	1.0
2790577649	1.0
2790670049	1.0
2790694615	1.0
2790731459	1.0
2790888233	1.0
2792041422	1.0
2792087110	1.0
27922928	1.0
2792489068	1.0
2792675129	1.0
2793185561	1.0
2793260093	1.0
2793372045	1.0
2793605949	1.0
2793679714	1.0
2793807172	1.0
2793850077	1.0
2793885015	1.0
2794124938	1.0
2794269939	1.0
2794743940	1.0
2794804156	1.0
2794882113	1.0
2795027567	1.0
2795035053	1.0
2795130352	1.0
2795789015	1.0
2796986303	1.0
2797431735	1.0
2797478932	1.0
2797486751	1.0
2797566478	1.0
2797692208	1.0
2797704688	1.0
279771398	1.0
27980718	1.0
2798315799	1.0
2798664641	1.0
2798829562	1.0
2798959605	1.0
2799007504	1.0
27990259	1.0
2799359885	1.0
2799908841	1.0
2800242683	1.0
2800245445	1.0
2800308249	1.0
2800529903	1.0
2800727029	1.0
2800986959	1.0
2801096858	1.0
2801104392	1.0
2801118488	1.0
2801152221	1.0
2801175505	1.0
2801334731	1.0
2801357817	1.0
2801474746	1.0
2801536974	1.0
2801652478	1.0
2801852427	1.0
2802003115	1.0
2802004584	1.0
2802234866	1.0
2802272246	1.0
2802289489	1.0
2802749666	1.0
2802948326	1.0
2803070583	1.0
2803223635	1.0
2803699148	1.0
2804036364	1.0
2804251705	1.0
2804319866	1.0
2804327617	1.0
2804471278	1.0
2804570873	1.0
2804870168	1.0
2805359153	1.0
2805899498	1.0
2806072825	1.0
2806101001	1.0
280702508	1.0
280781987	1.0
2808034997	1.0
2808184550	1.0
2808299480	1.0
2808474816	1.0
2808738798	1.0
2808916765	1.0
2809041697	1.0
2810035518	1.0
2810065639	1.0
281044203	1.0
2810619856	1.0
2810931216	1.0
28114595	1.0
2812960932	1.0
2812981805	1.0
2813488316	1.0
2813551386	1.0
2813781111	1.0
2813959080	1.0
2814132883	1.0
2814172134	1.0
2814302305	1.0
2814616638	1.0
2814630267	1.0
2814663165	1.0
2814810680	1.0
2814938052	1.0
2815300117	1.0
2815564260	1.0
28166574	1.0
281709557	1.0
28175948	1.0
281778403	1.0
2817876204	1.0
2818012008	1.0
2818198537	1.0
2818243225	1.0
2818424798	1.0
2818883979	1.0
2818985232	1.0
2819256792	1.0
2819345568	1.0
2820414090	1.0
282041842	1.0
2820517135	1.0
2820521167	1.0
2820969343	1.0
28220201	1.0
2823182148	1.0
2823188604	1.0
2823193770	1.0
2823257707	1.0
2825270328	1.0
2825488928	1.0
282599080	1.0
2826416593	1.0
2827442674	1.0
282782650	1.0
2828681345	1.0
2831871710	1.0
2832925705	1.0
2833677985	1.0
2835936624	1.0
28372030	1.0
2838025403	1.0
283802591	1.0
283822413	1.0
283969398	1.0
2839975129	1.0
2840234932	1.0
2841194833	1.0
2841521308	1.0
284174585	1.0
28420503	1.0
2842243485	1.0
2843018131	1.0
2844922621	1.0
2846256236	1.0
2848072954	1.0
2849030764	1.0
28491774	1.0
2849940664	1.0
2850277725	1.0
2850831413	1.0
2850973677	1.0
2852147156	1.0
285328829	1.0
2856034139	1.0
285613484	1.0
28571999	1.0
2857452783	1.0
2857607024	1.0
2857975030	1.0
2858737520	1.0
2859249797	1.0
2859426516	1.0
2859741091	1.0
28610422	1.0
2864127489	1.0
286427074	1.0
2865193072	1.0
2866175356	1.0
2871164641	1.0
2872180681	1.0
2872711263	1.0
2874609345	1.0
28756019	1.0
2875715945	1.0
2875909930	1.0
28769199	1.0
287699802	1.0
2877450791	1.0
2878440015	1.0
287966215	1.0
2880143019	1.0
28803148	1.0
2881595931	1.0
28838306	1.0
2883878790	1.0
2885532683	1.0
2886097605	1.0
2886530201	1.0
2886999940	1.0
2887130764	1.0
2888583159	1.0
2888729354	1.0
2890121678	1.0
2890462752	1.0
2891432198	1.0
289145598	1.0
289206404	1.0
2892068040	1.0
2892237603	1.0
28924498	1.0
2893115784	1.0
2893129192	1.0
2894661046	1.0
2894664994	1.0
2894694238	1.0
2894699129	1.0
2894711926	1.0
2894712106	1.0
2894743283	1.0
2894752517	1.0
2894757077	1.0
2894759290	1.0
2894759440	1.0
2894768811	1.0
2894770245	1.0
2894770569	1.0
2894778495	1.0
2894827769	1.0
2894834259	1.0
2894856899	1.0
2894858609	1.0
2894897230	1.0
2894929540	1.0
2894930097	1.0
2894937779	1.0
2894939439	1.0
2894946939	1.0
2894960043	1.0
2894964957	1.0
2894966843	1.0
2894990308	1.0
2894995581	1.0
2894997531	1.0
2895021995	1.0
2895023027	1.0
2895029049	1.0
2895034439	1.0
2895038751	1.0
2895046601	1.0
2895062830	1.0
2895066755	1.0
2895072586	1.0
2895073336	1.0
2895089591	1.0
2895101452	1.0
2895127227	1.0
2895169505	1.0
2895212097	1.0
2895213939	1.0
2895215457	1.0
2895234375	1.0
2895251709	1.0
2895270225	1.0
2895272943	1.0
2895277270	1.0
2895279196	1.0
2895285735	1.0
2895301450	1.0
2895310293	1.0
2895311830	1.0
2895315713	1.0
2895319319	1.0
2895324658	1.0
2895327723	1.0
2895337497	1.0
2895344033	1.0
2895359325	1.0
2895359752	1.0
2895363221	1.0
2895368536	1.0
2895372119	1.0
2895378118	1.0
2895380278	1.0
2895381467	1.0
2895383177	1.0
2895386902	1.0
2895387358	1.0
2895402676	1.0
2895402957	1.0
2895403390	1.0
2895418323	1.0
2895424625	1.0
2895424906	1.0
2895443033	1.0
2895446783	1.0
2895453105	1.0
2895453658	1.0
2895460517	1.0
2895460631	1.0
2895461435	1.0
2895464314	1.0
2895464643	1.0
2895466228	1.0
2895466701	1.0
2895467211	1.0
2895468695	1.0
2895474634	1.0
2895476092	1.0
2895481527	1.0
2895496804	1.0
2895498083	1.0
2895505018	1.0
2895506440	1.0
2895508011	1.0
2895510808	1.0
2895517498	1.0
2895520821	1.0
2895521223	1.0
2895524847	1.0
2895525310	1.0
2895528225	1.0
2895533507	1.0
2895554782	1.0
2895558262	1.0
2895558773	1.0
2895570292	1.0
2895578956	1.0
2895618621	1.0
2895621155	1.0
2895624123	1.0
2895651471	1.0
2895653825	1.0
2895659885	1.0
2895690677	1.0
2895757743	1.0
2895774329	1.0
2895797007	1.0
2895825617	1.0
2895843243	1.0
2895849821	1.0
2895861113	1.0
2895872008	1.0
2895887071	1.0
2895893595	1.0
2895903634	1.0
2895927370	1.0
2895931648	1.0
2895932581	1.0
2895997468	1.0
2896027103	1.0
2896041623	1.0
2896042155	1.0
2896073836	1.0
2896138336	1.0
2896145123	1.0
2896153780	1.0
2896158839	1.0
2896165624	1.0
2896203407	1.0
2896521393	1.0
2896522689	1.0
2896603293	1.0
2896605933	1.0
2896607578	1.0
2896615647	1.0
2896629753	1.0
2896634519	1.0
2896643981	1.0
2896648324	1.0
2896651557	1.0
2896672828	1.0
2896674694	1.0
2896677887	1.0
2896678383	1.0
2896686910	1.0
2896686929	1.0
2896688650	1.0
2896689587	1.0
2896701291	1.0
2896728568	1.0
2896731965	1.0
2896735342	1.0
2896754722	1.0
2896767159	1.0
2896778236	1.0
2896794183	1.0
2896801510	1.0
2896807575	1.0
2896815064	1.0
2896819481	1.0
2896820183	1.0
2896847063	1.0
2896850433	1.0
2896856565	1.0
2896859068	1.0
2896878255	1.0
289687877	1.0
2896891611	1.0
2896909199	1.0
2896910013	1.0
2896927119	1.0
2896939575	1.0
2896951918	1.0
2896958375	1.0
2896958597	1.0
2896959839	1.0
2896960827	1.0
2896982097	1.0
2897001791	1.0
2897004569	1.0
2897025195	1.0
2897027229	1.0
2897030499	1.0
2897043226	1.0
2897147133	1.0
2897170863	1.0
2897253059	1.0
2897265917	1.0
2897280052	1.0
2897388736	1.0
2897427388	1.0
2897444704	1.0
2897461103	1.0
2897475083	1.0
2897496340	1.0
2897520130	1.0
2897521912	1.0
2897588410	1.0
2897595772	1.0
2897599438	1.0
2897711357	1.0
2897771993	1.0
2897850910	1.0
2897997101	1.0
2898013906	1.0
2898294537	1.0
2898357419	1.0
2898406468	1.0
2898413243	1.0
2898433630	1.0
2898437187	1.0
2898439827	1.0
2898446878	1.0
2898447844	1.0
2898484277	1.0
2898506170	1.0
2898526930	1.0
2898544840	1.0
289947580	1.0
2899752808	1.0
2900363608	1.0
290074489	1.0
2901104472	1.0
2901123513	1.0
2901199774	1.0
2901773686	1.0
2901962658	1.0
2902228498	1.0
2902285030	1.0
2903110151	1.0
2903843159	1.0
2903922715	1.0
29052220	1.0
2905316259	1.0
2905482486	1.0
2905636554	1.0
2906206247	1.0
29082664	1.0
2908314442	1.0
2908494810	1.0
2908625013	1.0
2909918785	1.0
29103862	1.0
291062334	1.0
2911572017	1.0
291186082	1.0
2912032814	1.0
2912038470	1.0
2912098034	1.0
2912125939	1.0
2912130631	1.0
2912160037	1.0
2912206122	1.0
2912248381	1.0
2912260716	1.0
2912262157	1.0
29124904	1.0
2912513947	1.0
2912622806	1.0
2912737394	1.0
2912750557	1.0
2912963257	1.0
2912964782	1.0
2912965477	1.0
291299535	1.0
2913023527	1.0
2913792015	1.0
2914186927	1.0
2914277965	1.0
291462046	1.0
291492488	1.0
29157032	1.0
2916125606	1.0
2918266659	1.0
291940756	1.0
2920122948	1.0
29231326	1.0
2925014717	1.0
2925204334	1.0
2926058954	1.0
2928995946	1.0
2930079457	1.0
2932098400	1.0
2932244360	1.0
2934346219	1.0
2935288546	1.0
293550313	1.0
293615510	1.0
2937613910	1.0
2939110039	1.0
294058898	1.0
2941745561	1.0
294176860	1.0
2944215110	1.0
2945111705	1.0
2945948723	1.0
2946088539	1.0
2946940267	1.0
2947838270	1.0
294851704	1.0
294909683	1.0
2949221879	1.0
29501977	1.0
2952217727	1.0
2952853623	1.0
2953926633	1.0
295669605	1.0
2956908987	1.0
2957004662	1.0
2957447799	1.0
2957721364	1.0
2957837847	1.0
295801785	1.0
2958697164	1.0
2958998054	1.0
2959925052	1.0
2962145740	1.0
2962375990	1.0
2962418553	1.0
2964118948	1.0
2964565119	1.0
2964569193	1.0
2964825093	1.0
2968704831	1.0
296951109	1.0
2972029678	1.0
2973004914	1.0
2973147219	1.0
2974027611	1.0
29748372	1.0
2977074605	1.0
2977410275	1.0
297848618	1.0
2982013384	1.0
298218590	1.0
2982496391	1.0
2982760043	1.0
2983182948	1.0
2984242248	1.0
2984897570	1.0
29854129	1.0
2985818862	1.0
2985986987	1.0
2988160240	1.0
2988385385	1.0
2988991127	1.0
2989193599	1.0
298953617	1.0
29902890	1.0
2990581845	1.0
2992395456	1.0
29927236	1.0
299413616	1.0
2997350589	1.0
299878696	1.0
299943599	1.0
2999597612	1.0
2999632161	1.0
2999658401	1.0
2999672518	1.0
2999735878	1.0
2999804950	1.0
2999889212	1.0
3001054720	1.0
3001066492	1.0
3001224159	1.0
30012714	1.0
3001857558	1.0
3002039493	1.0
3002257200	1.0
3002862155	1.0
3005559517	1.0
3005585554	1.0
3006647632	1.0
3007704313	1.0
3008770610	1.0
3008898099	1.0
30113280	1.0
3012100476	1.0
3012101335	1.0
3012152893	1.0
3012177066	1.0
3012195565	1.0
3012215264	1.0
3012220333	1.0
3012226898	1.0
3012232316	1.0
3012257294	1.0
3012259626	1.0
3012263904	1.0
3012270146	1.0
3012280542	1.0
3012289382	1.0
3012290335	1.0
3012316488	1.0
3012318031	1.0
3012345374	1.0
3012354391	1.0
3012358292	1.0
3012388958	1.0
3012401532	1.0
3012409231	1.0
3012409302	1.0
3012413208	1.0
3012420654	1.0
3012434664	1.0
3012439622	1.0
3012442832	1.0
3012445490	1.0
3012447362	1.0
3012447456	1.0
3012455869	1.0
3012458839	1.0
3012464431	1.0
3012466453	1.0
3012473444	1.0
3012473977	1.0
3012476155	1.0
3012484807	1.0
3012487616	1.0
3012489397	1.0
3012496645	1.0
3012510997	1.0
3013702747	1.0
301479373	1.0
3016942783	1.0
3017654325	1.0
3020090500	1.0
3021173324	1.0
3022179496	1.0
3022668393	1.0
30226974	1.0
3022807113	1.0
3022809591	1.0
3022820241	1.0
3022827819	1.0
3022875119	1.0
3022875832	1.0
3022920645	1.0
3022973451	1.0
3022987179	1.0
3023002953	1.0
3023008025	1.0
3023010729	1.0
3023016148	1.0
3023066897	1.0
3023074773	1.0
3023081584	1.0
3023094207	1.0
3023181148	1.0
3023184753	1.0
3023191013	1.0
3023205989	1.0
3023215419	1.0
3023219619	1.0
3023225099	1.0
3023225445	1.0
3023232099	1.0
3023246343	1.0
3023248169	1.0
3023248235	1.0
3023251397	1.0
3023252871	1.0
3023256130	1.0
3023256251	1.0
3023259125	1.0
3023261891	1.0
3023266419	1.0
3023271099	1.0
3023278691	1.0
3023285921	1.0
3023291188	1.0
3023295514	1.0
3023299960	1.0
3023302877	1.0
3023321074	1.0
3023336704	1.0
3023336932	1.0
3023338204	1.0
302386450	1.0
3024008100	1.0
3024207885	1.0
3024441062	1.0
302545862	1.0
3025587754	1.0
3025607398	1.0
3025814145	1.0
3025865943	1.0
3025889038	1.0
3025898411	1.0
3025990433	1.0
3026073509	1.0
3026079333	1.0
3026093332	1.0
3026098960	1.0
3026224083	1.0
3026227839	1.0
3026333481	1.0
3026404227	1.0
3026418333	1.0
3026595364	1.0
3026624348	1.0
3026728492	1.0
3026955045	1.0
3026967052	1.0
3026997355	1.0
3027034894	1.0
3027043089	1.0
3027077052	1.0
3027097355	1.0
3027184360	1.0
3027361637	1.0
3027415505	1.0
302772765	1.0
3027739434	1.0
3028247079	1.0
3028943678	1.0
3029002162	1.0
302906876	1.0
30290778	1.0
3029326019	1.0
3032338660	1.0
3033836084	1.0
3035804476	1.0
3037061194	1.0
3037689680	1.0
3038243265	1.0
3038256952	1.0
3039192413	1.0
3039869522	1.0
3040045190	1.0
3040455823	1.0
3040956619	1.0
304132609	1.0
3042440150	1.0
3042635176	1.0
3044159284	1.0
3044811100	1.0
3045262137	1.0
304702181	1.0
3047606012	1.0
3048187935	1.0
3051332768	1.0
3051829922	1.0
305216074	1.0
3052509402	1.0
3053191673	1.0
3054147150	1.0
3054346369	1.0
3054916219	1.0
3055162358	1.0
305518813	1.0
3055324995	1.0
3055641318	1.0
3055756890	1.0
3056150047	1.0
3056385843	1.0
3056461311	1.0
3057210684	1.0
305821203	1.0
3058970304	1.0
3059654592	1.0
3059703112	1.0
306022875	1.0
3060980592	1.0
3062071730	1.0
3062421100	1.0
3062651009	1.0
3062926500	1.0
3062949434	1.0
3063340898	1.0
3063353547	1.0
3063431899	1.0
3063612531	1.0
3063967444	1.0
3065074336	1.0
3065204674	1.0
3065856747	1.0
3066198028	1.0
3066335590	1.0
3066380613	1.0
3066383458	1.0
3066445547	1.0
3066545500	1.0
3067072911	1.0
3067192425	1.0
3067494227	1.0
3067648583	1.0
30684067	1.0
3069051065	1.0
3069142294	1.0
3069411875	1.0
307022378	1.0
3072531730	1.0
3073241957	1.0
3074021110	1.0
3074588040	1.0
3076286960	1.0
3079344896	1.0
30818980	1.0
3082036707	1.0
3082743899	1.0
3084479933	1.0
3088266780	1.0
3089742517	1.0
3089775476	1.0
3091880403	1.0
3091884801	1.0
30940468	1.0
30951174	1.0
30983589	1.0
309903849	1.0
31001654	1.0
3101996487	1.0
31128824	1.0
312412680	1.0
312681971	1.0
312722633	1.0
312785410	1.0
313023047	1.0
314061974	1.0
314546735	1.0
314695175	1.0
314768563	1.0
315858046	1.0
316319018	1.0
3168141	1.0
317041794	1.0
317574792	1.0
317714245	1.0
317857645	1.0
31800110	1.0
318464981	1.0
318666070	1.0
318764599	1.0
31905748	1.0
319622801	1.0
319813363	1.0
319818180	1.0
322054650	1.0
322281109	1.0
322963627	1.0
323515127	1.0
32362720	1.0
32469741	1.0
324995389	1.0
32511724	1.0
32516638	1.0
32520091	1.0
326315947	1.0
326404886	1.0
327256304	1.0
327405495	1.0
328206816	1.0
328402420	1.0
32874158	1.0
330129840	1.0
330283150	1.0
330404529	1.0
33079407	1.0
331180126	1.0
332180741	1.0
33292567	1.0
33328619	1.0
33356371	1.0
334064086	1.0
334070804	1.0
334456257	1.0
33475989	1.0
33587863	1.0
337407700	1.0
337726021	1.0
338147329	1.0
339236173	1.0
339762308	1.0
340037225	1.0
340895994	1.0
341593478	1.0
341991267	1.0
342455473	1.0
34255540	1.0
342577543	1.0
342852439	1.0
34424004	1.0
344688523	1.0
344894137	1.0
346106064	1.0
34618161	1.0
346257282	1.0
347521386	1.0
347812964	1.0
348512823	1.0
348612846	1.0
348642818	1.0
348740015	1.0
350319523	1.0
350602939	1.0
350955670	1.0
350970228	1.0
351314448	1.0
352411970	1.0
352572760	1.0
352925193	1.0
3538981	1.0
35420682	1.0
35459867	1.0
35480744	1.0
35559570	1.0
355820674	1.0
356296224	1.0
35743374	1.0
357565899	1.0
35823455	1.0
35826330	1.0
358403954	1.0
35860455	1.0
359410806	1.0
359469605	1.0
36041084	1.0
36089392	1.0
36102165	1.0
361195970	1.0
361259643	1.0
36128731	1.0
361387500	1.0
36226441	1.0
362646324	1.0
363589124	1.0
36393084	1.0
36460987	1.0
364832982	1.0
36502918	1.0
36510873	1.0
365321928	1.0
365505853	1.0
36559978	1.0
36597548	1.0
366081654	1.0
366193903	1.0
366442394	1.0
367235898	1.0
36728836	1.0
367337523	1.0
367406310	1.0
367599203	1.0
36761914	1.0
367842499	1.0
368802438	1.0
368981875	1.0
369162851	1.0
369445976	1.0
369903664	1.0
37011010	1.0
37015043	1.0
370291744	1.0
37065910	1.0
37091176	1.0
37092528	1.0
370955211	1.0
371000364	1.0
371021494	1.0
371058528	1.0
371072756	1.0
371074213	1.0
371074938	1.0
371087266	1.0
371464927	1.0
371536342	1.0
371539341	1.0
371580713	1.0
371622961	1.0
372497502	1.0
372546710	1.0
37270553	1.0
37284991	1.0
372961570	1.0
373457750	1.0
374395761	1.0
374548401	1.0
375666626	1.0
375780255	1.0
375980238	1.0
376088693	1.0
37627568	1.0
376785468	1.0
377319387	1.0
377431760	1.0
378071379	1.0
378208943	1.0
378736468	1.0
379573131	1.0
37982404	1.0
380001779	1.0
380048958	1.0
38053161	1.0
380881623	1.0
381145028	1.0
381175007	1.0
381180318	1.0
381185946	1.0
381219812	1.0
381424559	1.0
381438717	1.0
381530477	1.0
381594556	1.0
381872892	1.0
38252282	1.0
38316247	1.0
383554475	1.0
383927121	1.0
383951841	1.0
38398772	1.0
384116532	1.0
38430256	1.0
38448277	1.0
384717221	1.0
38493354	1.0
385057511	1.0
385138826	1.0
385393697	1.0
385397497	1.0
385665221	1.0
385779209	1.0
386787305	1.0
386808013	1.0
387225959	1.0
38727901	1.0
387716334	1.0
38788916	1.0
38837865	1.0
389139017	1.0
389181274	1.0
389218144	1.0
389559839	1.0
389591413	1.0
39048435	1.0
390521905	1.0
390527754	1.0
390571813	1.0
39104833	1.0
391478784	1.0
39264827	1.0
392739061	1.0
393125588	1.0
39363261	1.0
393733048	1.0
394989775	1.0
395334495	1.0
39546678	1.0
395502540	1.0
396075303	1.0
396459050	1.0
39671365	1.0
396791621	1.0
396834863	1.0
397230151	1.0
397402573	1.0
39898152	1.0
399008526	1.0
400054955	1.0
400066174	1.0
400784846	1.0
40094666	1.0
40136635	1.0
40154361	1.0
40161547	1.0
40173650	1.0
402876893	1.0
40296124	1.0
403156662	1.0
403598464	1.0
403855355	1.0
403922208	1.0
404468618	1.0
404789840	1.0
405820375	1.0
406289145	1.0
406431568	1.0
406789441	1.0
406921518	1.0
407205792	1.0
408136428	1.0
40844812	1.0
408503896	1.0
408796236	1.0
40890050	1.0
40897130	1.0
409617637	1.0
410060440	1.0
410996959	1.0
411152453	1.0
411344898	1.0
411498015	1.0
411786151	1.0
411803607	1.0
411888307	1.0
4120961	1.0
412226222	1.0
412378282	1.0
41239267	1.0
412611622	1.0
412665631	1.0
412670808	1.0
412677300	1.0
412830845	1.0
413346621	1.0
413494371	1.0
413512719	1.0
413521439	1.0
414047286	1.0
41406847	1.0
415175194	1.0
415266044	1.0
41537564	1.0
415827521	1.0
416647547	1.0
416749415	1.0
416960757	1.0
41753918	1.0
418036639	1.0
418823197	1.0
419401981	1.0
41947301	1.0
419761667	1.0
41991896	1.0
420487412	1.0
42052538	1.0
420746773	1.0
42091991	1.0
42095336	1.0
421083700	1.0
421218019	1.0
421906597	1.0
421913187	1.0
421937191	1.0
421938133	1.0
422079103	1.0
422797624	1.0
42341278	1.0
423769635	1.0
423798136	1.0
424481268	1.0
425490223	1.0
425580734	1.0
425870454	1.0
425894696	1.0
425907178	1.0
425909589	1.0
425917134	1.0
425935315	1.0
425938933	1.0
425944160	1.0
426011641	1.0
42899684	1.0
429065890	1.0
42995044	1.0
429952750	1.0
43094882	1.0
43111757	1.0
43151849	1.0
432521961	1.0
432890905	1.0
433158220	1.0
433543251	1.0
433664446	1.0
434574997	1.0
434649810	1.0
43481175	1.0
435222996	1.0
435321951	1.0
43590761	1.0
436707351	1.0
437038817	1.0
437603468	1.0
439663970	1.0
440238281	1.0
44060322	1.0
442627552	1.0
443302315	1.0
443318003	1.0
443422725	1.0
44354128	1.0
443639008	1.0
443969022	1.0
44498216	1.0
44567303	1.0
445720040	1.0
445976402	1.0
446756757	1.0
44695601	1.0
447156456	1.0
447194798	1.0
447289978	1.0
447523377	1.0
447616687	1.0
447717434	1.0
44782357	1.0
447840980	1.0
44824361	1.0
448461258	1.0
449960045	1.0
450761751	1.0
450858321	1.0
45164176	1.0
453171962	1.0
453315788	1.0
4534291	1.0
45415894	1.0
455245270	1.0
455824771	1.0
456107944	1.0
45646679	1.0
456637619	1.0
45673938	1.0
456934019	1.0
457304884	1.0
458672048	1.0
458716389	1.0
45955305	1.0
460996773	1.0
461607890	1.0
462274812	1.0
463162523	1.0
463384357	1.0
463580795	1.0
463722240	1.0
463818421	1.0
463919314	1.0
46395578	1.0
46423945	1.0
46462111	1.0
46475276	1.0
465708045	1.0
466333756	1.0
466821972	1.0
467073442	1.0
467257261	1.0
46762213	1.0
468117545	1.0
468523252	1.0
46853309	1.0
468561435	1.0
468786796	1.0
468796650	1.0
46906107	1.0
469081878	1.0
470506640	1.0
470900411	1.0
471121755	1.0
47247213	1.0
472974408	1.0
473463895	1.0
473501808	1.0
475152294	1.0
475399340	1.0
475524030	1.0
476050187	1.0
476340109	1.0
4770361	1.0
47719793	1.0
478050993	1.0
478792870	1.0
47917283	1.0
479701903	1.0
479890859	1.0
48008414	1.0
480763269	1.0
48095961	1.0
481252993	1.0
481641242	1.0
4828981	1.0
483988588	1.0
484502430	1.0
485146172	1.0
48557698	1.0
48577383	1.0
485889702	1.0
486056843	1.0
486064418	1.0
486072725	1.0
486106100	1.0
486112997	1.0
486121867	1.0
48614758	1.0
486468358	1.0
486476991	1.0
486494732	1.0
486503046	1.0
486507374	1.0
487168268	1.0
487317136	1.0
487492096	1.0
487651091	1.0
48839691	1.0
488846005	1.0
489022370	1.0
48944162	1.0
49001646	1.0
49056548	1.0
490718846	1.0
490914337	1.0
491067899	1.0
49138823	1.0
49315141	1.0
49330382	1.0
49357725	1.0
494221221	1.0
494494595	1.0
494514667	1.0
49519788	1.0
49533260	1.0
49605610	1.0
496404590	1.0
49663664	1.0
497101610	1.0
499245904	1.0
500856204	1.0
500923353	1.0
501157154	1.0
50151102	1.0
50188277	1.0
50202109	1.0
50206233	1.0
502595228	1.0
50334860	1.0
50480074	1.0
505214831	1.0
50544897	1.0
5062691	1.0
509679950	1.0
514825917	1.0
514889870	1.0
515780586	1.0
516096222	1.0
519151321	1.0
520046117	1.0
52007736	1.0
520104860	1.0
52166809	1.0
521737922	1.0
521889857	1.0
521936274	1.0
521970859	1.0
52247328	1.0
523511214	1.0
524732173	1.0
52548228	1.0
526777659	1.0
528770977	1.0
528859777	1.0
52891634	1.0
531384436	1.0
53215424	1.0
532529614	1.0
533466606	1.0
534934690	1.0
53567779	1.0
53654464	1.0
537018713	1.0
537170723	1.0
53810823	1.0
53834047	1.0
539234779	1.0
539426021	1.0
53970139	1.0
53978117	1.0
540346883	1.0
542882615	1.0
54347756	1.0
544789520	1.0
545618159	1.0
54594436	1.0
54664941	1.0
54931385	1.0
55026273	1.0
550422369	1.0
551443981	1.0
551462946	1.0
551789117	1.0
551791436	1.0
551792578	1.0
551844887	1.0
552134921	1.0
552159727	1.0
552175419	1.0
552228327	1.0
553658449	1.0
555300811	1.0
555906652	1.0
556713966	1.0
557721823	1.0
559981858	1.0
560859074	1.0
56173338	1.0
561742581	1.0
56281348	1.0
562817303	1.0
562995991	1.0
563564313	1.0
568178203	1.0
56910769	1.0
572024575	1.0
57350997	1.0
575576964	1.0
575796665	1.0
575887522	1.0
57626831	1.0
576485686	1.0
576612810	1.0
577187858	1.0
577710476	1.0
578217523	1.0
578383794	1.0
578392472	1.0
581221150	1.0
58259566	1.0
582689833	1.0
58297781	1.0
584633335	1.0
586242865	1.0
58652546	1.0
586650775	1.0
58808528	1.0
588406265	1.0
588460632	1.0
588775819	1.0
59035579	1.0
590433730	1.0
591270307	1.0
591314252	1.0
591331840	1.0
591335059	1.0
591368817	1.0
591380208	1.0
591385653	1.0
592497932	1.0
593620370	1.0
594052448	1.0
594080668	1.0
594086618	1.0
594096575	1.0
594105875	1.0
594141180	1.0
594149589	1.0
594191703	1.0
599449330	1.0
599575091	1.0
601052301	1.0
60109364	1.0
602288530	1.0
602355833	1.0
603660185	1.0
60394101	1.0
604701612	1.0
606340754	1.0
607013952	1.0
60768282	1.0
608310393	1.0
609304305	1.0
610904764	1.0
611184333	1.0
61127928	1.0
611798627	1.0
61216389	1.0
61342056	1.0
613610333	1.0
61373394	1.0
613858801	1.0
61422913	1.0
61501509	1.0
61511067	1.0
615965380	1.0
616320754	1.0
61661638	1.0
61785219	1.0
61828762	1.0
618582303	1.0
62003514	1.0
62155958	1.0
622070107	1.0
622111302	1.0
624247876	1.0
624920658	1.0
624927669	1.0
624935877	1.0
626345722	1.0
626836550	1.0
626840066	1.0
627912564	1.0
62886110	1.0
63026787	1.0
63061242	1.0
630928277	1.0
634812340	1.0
635800480	1.0
636545451	1.0
63835871	1.0
64109894	1.0
64446488	1.0
64658380	1.0
65103306	1.0
65208304	1.0
65448361	1.0
65469901	1.0
65681636	1.0
65825587	1.0
65959761	1.0
66388977	1.0
66460052	1.0
66884690	1.0
67066114	1.0
67181543	1.0
6730222	1.0
67416649	1.0
67592858	1.0
67725235	1.0
67933542	1.0
68639706	1.0
68833497	1.0
68900631	1.0
69287650	1.0
69476342	1.0
69605961	1.0
69627447	1.0
70025109	1.0
701203206	1.0
701411095	1.0
702154783	1.0
70304039	1.0
705358464	1.0
705540042	1.0
705892305	1.0
70696337	1.0
70755249	1.0
709905230	1.0
71185856	1.0
712602271	1.0
712632668	1.0
712636856	1.0
712775252	1.0
713289332	1.0
713292288	1.0
714498283	1.0
715613754	1.0
716552396	1.0
718293108	1.0
718407582	1.0
718525164	1.0
71885806	1.0
718928220	1.0
718957124	1.0
721480968	1.0
721528518	1.0
72311906	1.0
72621480	1.0
726368492	1.0
728700470	1.0
72887070	1.0
72907355	1.0
72928001	1.0
732013838	1.0
733533786	1.0
733717446	1.0
73545832	1.0
735643934	1.0
736299464	1.0
737539728	1.0
740308436	1.0
74035340	1.0
74104397	1.0
741147679	1.0
743239915	1.0
743537652	1.0
743938183	1.0
74408465	1.0
746770212	1.0
747504205	1.0
748284313	1.0
749059344	1.0
75002150	1.0
750118940	1.0
7517052	1.0
752043968	1.0
75290848	1.0
75358134	1.0
753720589	1.0
7556002	1.0
75863931	1.0
75864713	1.0
760152847	1.0
760195754	1.0
762492626	1.0
76369001	1.0
76529396	1.0
76554388	1.0
765986096	1.0
766697400	1.0
76730512	1.0
767658752	1.0
767675732	1.0
770089374	1.0
770454349	1.0
771629515	1.0
772321020	1.0
774599383	1.0
777011756	1.0
779098418	1.0
7802422	1.0
782030712	1.0
7836182	1.0
784079742	1.0
784099189	1.0
784890702	1.0
785136156	1.0
78643971	1.0
787945866	1.0
788059556	1.0
78925997	1.0
790000290	1.0
790062926	1.0
79233326	1.0
79355945	1.0
794108792	1.0
79466939	1.0
795408560	1.0
79563975	1.0
797951593	1.0
797955145	1.0
797974208	1.0
799122090	1.0
7993232	1.0
799737391	1.0
799776666	1.0
80007513	1.0
801116888	1.0
801218796	1.0
801231043	1.0
801393812	1.0
804995882	1.0
80660848	1.0
80697114	1.0
80735782	1.0
808650354	1.0
808669524	1.0
808669694	1.0
808717027	1.0
808717442	1.0
809122560	1.0
809346200	1.0
80958295	1.0
813745910	1.0
813750020	1.0
815042726	1.0
81525608	1.0
816059738	1.0
816380646	1.0
817040786	1.0
817807326	1.0
819492098	1.0
81964831	1.0
819738901	1.0
819743767	1.0
819750145	1.0
819758784	1.0
819768577	1.0
820031509	1.0
820110584	1.0
82092341	1.0
82142636	1.0
82143051	1.0
82172203	1.0
824977794	1.0
825744584	1.0
830020351	1.0
83088732	1.0
8317872	1.0
833230172	1.0
836522616	1.0
837063992	1.0
83816037	1.0
839081954	1.0
839644764	1.0
840727532	1.0
84109980	1.0
845804064	1.0
848311970	1.0
849617886	1.0
84964880	1.0
849878509	1.0
85056685	1.0
85092004	1.0
85247743	1.0
8524892	1.0
85253884	1.0
853885380	1.0
854910984	1.0
857462130	1.0
860793234	1.0
861335844	1.0
861350310	1.0
862105645	1.0
862110601	1.0
863145667	1.0
865539566	1.0
86624521	1.0
86662228	1.0
867148020	1.0
86796377	1.0
868506452	1.0
868842409	1.0
869918281	1.0
869923074	1.0
869939479	1.0
87133189	1.0
8719082	1.0
872113826	1.0
872122615	1.0
87591850	1.0
876515024	1.0
87732328	1.0
87906631	1.0
879376561	1.0
88053063	1.0
881219510	1.0
886973371	1.0
887742882	1.0
888239426	1.0
890063616	1.0
89101227	1.0
891616633	1.0
891874453	1.0
89225644	1.0
892343988	1.0
89491245	1.0
89538046	1.0
89785268	1.0
898159514	1.0
903752173	1.0
903841417	1.0
90439860	1.0
904968246	1.0
906735979	1.0
909910016	1.0
91027496	1.0
912583795	1.0
91321449	1.0
91396940	1.0
91836238	1.0
92082487	1.0
92236235	1.0
922475551	1.0
923922990	1.0
926526950	1.0
93048747	1.0
932502344	1.0
932652001	1.0
932806561	1.0
934095842	1.0
93448277	1.0
93465614	1.0
935242836	1.0
93687723	1.0
93688789	1.0
93793933	1.0
93913891	1.0
939414127	1.0
940434013	1.0
94172546	1.0
946957866	1.0
94734762	1.0
95037522	1.0
950517078	1.0
95083293	1.0
952279789	1.0
95267009	1.0
95334996	1.0
957062653	1.0
960681234	1.0
961557644	1.0
9626082	1.0
962744707	1.0
963114896	1.0
96385390	1.0
96697176	1.0
96706065	1.0
968208415	1.0
97116031	1.0
971973367	1.0
972681828	1.0
97334517	1.0
97408886	1.0
974480149	1.0
97627107	1.0
976482234	1.0
97715689	1.0
977532660	1.0
983143297	1.0
9833332	1.0
984212630	1.0
985406924	1.0
98661207	1.0
987187945	1.0
987771205	1.0
987773264	1.0
987774750	1.0
98941070	1.0
989459318	1.0
989651166	1.0
989657845	1.0
989660850	1.0
989666120	1.0
989677742	1.0
989695484	1.0
990937550	1.0
99121266	1.0
991403251	1.0
994278265	1.0
995172852	1.0
995373206	1.0
995879624	1.0
996072554	1.0
