lag = -3
EURUSD	0.272343160821
AMZN	-0.0293504630813	0.186928391865	-0.0902677305765	0.331623028318
BABA	-0.137216338417	0.061283356544	-0.329068553517	0.332934945057
FB	0.501004032205	0.428152272302	-0.207886978222	0.0396236498933
YHOO	0.53552733086	0.610955461105	-0.0193703225977	0.147328527171
Average	0.217491140392	0.321829870454	-0.161648396228	0.21287753761
lag = -2
EURUSD	-0.0356986672967
AMZN	-0.313642257629	-0.0175109726075	0.316765692143	-0.147213226155
BABA	0.16583591272	-0.0597701137773	0.00269705983592	-0.173456497756
FB	-0.116823467764	0.283081409645	-0.311507644262	0.254498789855
YHOO	0.235145064662	0.337238890886	0.139784967776	0.226682998351
Average	-0.00737118700272	0.135759803537	0.0369350188733	0.0401280160738
lag = -1
EURUSD	-0.187252528856
AMZN	0.248031741213	-0.161695110119	0.0915662848224	0.0414933580005
BABA	-0.00825260638073	0.0632599334118	-0.012085660895	0.0725659221206
FB	-0.158006679806	-0.116412894302	-0.118438540936	0.000495813626107
YHOO	0.113403884187	0.416565207345	0.338757937287	0.298083087355
Average	0.0487940848035	0.0504292840839	0.0749500050696	0.103159545276
lag = 0
EURUSD	0.166449841185
AMZN	-0.175961990557	-0.0617139488999	-0.108089912866	-0.353086218803
BABA	0.151826169101	0.0584114877013	0.0819757086107	-0.0366580162504
FB	-0.440014764959	-0.173355876091	0.0622400032391	-0.147216047017
YHOO	-0.178410055705	0.105617240282	0.0271293940983	0.180616633767
Average	-0.16064016053	-0.0177602742519	0.0158137982706	-0.0890859120758
lag = 1
EURUSD	0.0241198940287
AMZN	0.418429585344	-0.244790660665	-0.242543544595	0.0983200856742
BABA	-0.46103131136	0.155958011598	0.0781876325344	0.146356482556
FB	-0.104547556165	-0.509765627938	-0.197891439707	-0.257851852048
YHOO	0.109595201668	-0.163919710665	-0.358947003092	0.0225527127733
Average	-0.0093885201283	-0.190629496917	-0.180298588715	0.00234435723884
lag = 2
EURUSD	0.0774214844688
AMZN	-0.124996344314	0.74746987408	0.193119618954	0.501101164969
BABA	-0.216610491495	-0.397041672401	0.27688569322	-0.56801004065
FB	-0.0391765305693	0.0265407801886	-0.0693481923564	0.160046835834
YHOO	0.280815395389	0.196602589312	-0.0839096550132	-0.142177814428
Average	-0.0249919927475	0.143392892795	0.079186866201	-0.0122599635691
lag = 3
EURUSD	-0.0709117245721
AMZN	0.490454974659	-0.333120229411	-0.106189519169	-0.22914778824
BABA	-0.0989287124896	-0.237840687518	-0.178074417807	-0.210895195339
FB	-0.110659258078	0.0109232002018	0.242384273351	-0.0248077015073
YHOO	-0.534990654828	0.193078719962	0.327035577388	0.429828319348
Average	-0.0635309126839	-0.0917397491914	0.0712889784408	-0.00875559143453
