lag = -3
USDJPY	-0.0413846536565
EURUSD	-0.320399407878
EURGBP	0.0278042867467
AMZN	-0.18363987226	-0.200324435309	0.386352760735	-0.345547854447
AAPL	0.184423628818	0.100087222712	0.499903873814	0.0253483500575
BABA	-0.124029080247	0.0934181412559	-0.108948886178	0.0770177480772
FB	0.173829198466	-0.0260544042025	0.331645313236	0.189182859227
GOOGL	0.185957710945	0.0968388165081	0.281651739056	0.0268487161559
YHOO	-0.0751286421505	-0.078324728037	0.316799184061	-0.0407852732191
NASDAQ	0.185336587998	0.0189579440895	0.10772737891	-0.0578100301397
SPY	-0.0665852198891	-0.292464953938	0.189191740548	-0.25802215641
Average	0.03502053896	-0.0359832996151	0.250540388023	-0.0479709550873
lag = -2
USDJPY	-0.0808397386239
EURUSD	-0.297081480841
EURGBP	0.00606696029158
AMZN	-0.162674767751	-0.215275280281	0.416975406899	-0.279248842028
AAPL	0.190871864956	0.0861637415363	0.503684604893	0.0132915618124
BABA	-0.161791314118	0.0684624545382	-0.139786557019	0.165772681859
FB	0.127786611722	-0.070035487164	0.328105147594	0.23367113296
GOOGL	0.17809931624	0.0740181692647	0.276002726703	0.0605330648404
YHOO	-0.0724815586679	-0.074565963073	0.316907207873	-0.0461504280948
NASDAQ	0.108423872586	-0.00456864019347	0.0357674934248	-0.0388655503202
SPY	-0.0599996646981	-0.289808489491	0.190715588745	-0.256461271516
Average	0.0185292950335	-0.0532011868579	0.241046452389	-0.018432206311
lag = -1
USDJPY	-0.0940663299683
EURUSD	-0.258965595082
EURGBP	-0.0636291639766
AMZN	-0.167359284919	-0.221805431037	0.431682155302	-0.297459613709
AAPL	0.169673901391	0.0860247567891	0.514904915002	-0.0142511594646
BABA	-0.163542701321	0.0555046560364	-0.13682145571	0.168770931113
FB	0.127765733507	-0.068785065744	0.324920536716	0.233080302891
GOOGL	0.157182347443	0.0456905470285	0.285248107161	0.0961877852375
YHOO	-0.0958823285551	-0.101168778839	0.367404215734	-0.0573568092996
NASDAQ	0.109530633351	-0.0451223839634	0.0446788795565	-0.0711257880945
SPY	-0.0658351794	-0.291759501205	0.196293451192	-0.260439626662
Average	0.0089416401873	-0.0676776501169	0.253538850619	-0.0253242472486
lag = 0
USDJPY	-0.041339024694
EURUSD	-0.229303288967
EURGBP	-0.00728132912692
AMZN	-0.158972435544	-0.233644366906	0.438457864797	-0.300779277069
AAPL	0.183607898606	0.124036881902	0.486820518877	-0.0511251581334
BABA	-0.15974722439	0.0554523965995	-0.152144924158	0.177354018438
FB	0.127879952845	-0.0685243256147	0.325161282919	0.233552324149
GOOGL	0.125301772012	0.0219254641452	0.298571610352	0.07182165369
YHOO	-0.097083235103	-0.100972387384	0.366586417562	-0.0584370920409
NASDAQ	0.129549876578	-0.0179150396236	0.0596429252129	-0.0169347183232
SPY	-0.0803024789842	-0.266558569998	0.195951102149	-0.257744316659
Average	0.00877926575251	-0.0607749933599	0.252380849714	-0.0252865707436
lag = 1
USDJPY	-0.127236733678
EURUSD	-0.211703988261
EURGBP	-0.00790583453346
AMZN	-0.146105380178	-0.235288136356	0.435776242077	-0.272941676548
AAPL	0.178153826693	0.147074464952	0.445665803859	0.0608384859943
BABA	-0.140016060186	0.103068331231	-0.199346990112	0.165075065444
FB	0.165538989712	-0.0861551016229	0.338592707748	0.254122977557
GOOGL	0.156149570205	0.0303385105487	0.255821985521	0.0135799721856
YHOO	-0.085556423661	-0.0385786750478	0.46867845786	-0.013789758515
NASDAQ	0.124454079956	-0.0142465795726	0.043869629563	-0.0843152879905
SPY	-0.0500726148029	-0.284506858106	0.199697010968	-0.203744016619
Average	0.0253182484674	-0.0472867554968	0.248594355935	-0.0101467798115
lag = 2
USDJPY	-0.0669053457561
EURUSD	-0.208893225858
EURGBP	0.00603803795606
AMZN	-0.162600084662	-0.22934616987	0.430901374491	-0.281364363331
AAPL	0.18668694145	0.133254281128	0.347268262371	0.0781618711417
BABA	-0.0589017438452	-0.103736732355	-0.238913649364	0.18812461572
FB	0.156258041153	-0.0603670502712	0.264845865134	0.11818232859
GOOGL	0.158249273028	0.031349056814	0.279184289374	0.0125771389998
YHOO	-0.00293229147615	-0.183047570038	0.465491220425	0.012592285673
NASDAQ	0.110573939169	0.00245566373431	0.0450804694174	-0.0825255201759
SPY	-0.0405888883909	-0.274925591542	0.19144949818	-0.255173061988
Average	0.0433431483031	-0.08554551405	0.223163416253	-0.0261780881712
lag = 3
USDJPY	0.00189435902744
EURUSD	-0.177662121322
EURGBP	-0.0277925003367
AMZN	-0.164687212173	-0.263418423935	0.426901202884	-0.272332538114
AAPL	0.169558268241	0.040484258313	0.31035903984	0.075703366063
BABA	-0.0171800107718	-0.0940738438686	-0.305754598166	0.09816733849
FB	0.198754343203	-0.0561686860472	0.3007186826	0.155303329963
GOOGL	0.193686572757	0.0656364334838	0.278353282338	0.0123290926189
YHOO	0.0553753812766	-0.176916911957	0.435049128225	-0.0498945763758
NASDAQ	0.142152674184	-0.00804380664881	0.0795920915371	-0.0505058785628
SPY	-0.0583655001419	-0.264338517854	0.188628115332	-0.228719944591
Average	0.0649118145719	-0.0946049373142	0.214230868074	-0.0324937263135
