

COMPANY  OPEN			CLOSE			VOLUME			DIFFERENCE		 BINARY_DIFF 
lag = -3
USDJPY	-0.173
EURUSD	-0.2579
EURGBP	-0.0517
AMZN	-0.2842			0.0772			-0.0285			0.122			0.286
AAPL	-0.115			-0.0553			0.1058			0.1348			0.0017
BABA	-0.1409			-0.1509			-0.4434			0.1171			-0.1484
FB  	0.2828			0.3251			-0.0456			0.1491			0.2958
GOOGL	0.1255			0.2691			-0.2134			0.0043			0.3259
YHOO	-0.4363			-0.1069			0.0752			0.1			-0.0934
SPY  	0.3153			0.1323			-0.2268			0.0362			-0.0076
QQQ  	0.6132			0.0611			0.0041			-0.0998			-0.1743
Aver	0.045			0.069			-0.0966			0.0705			0.0607


COMPANY  OPEN			CLOSE			VOLUME			DIFFERENCE		 BINARY_DIFF 
lag = -2
USDJPY	-0.3764
EURUSD	0.0808
EURGBP	-0.4971
AMZN	-0.4626			-0.1803			-0.1493			0.096			0.0215
AAPL	-0.0536			-0.1646			0.0598			0.1367			-0.0418
BABA	0.2183			-0.0616			-0.4629			-0.2258			-0.2469
FB  	0.193			0.3766			-0.2693			0.0597			0.2835
GOOGL	-0.0587			-0.0701			-0.0347			-0.2057			-0.2801
YHOO	-0.0916			-0.4821			-0.2448			0.0811			-0.3131
SPY  	0.4047			0.3076			-0.1498			0.3107			0.4095
QQQ  	0.2311			0.6537			-0.1159			-0.054			0.2767
Aver	0.0476			0.0474			-0.1709			0.0248			0.0137


COMPANY  OPEN			CLOSE			VOLUME			DIFFERENCE		 BINARY_DIFF 
lag = -1
USDJPY	0.1304
EURUSD	0.0519
EURGBP	-0.0274
AMZN	-0.1916			-0.1727			0.1063			0.0447			-0.1479
AAPL	-0.11			-0.0323			0.4648			0.0936			-0.0161
BABA	0.0294			0.1484			0.2056			-0.0241			0.0204
FB  	-0.1597			0.0204			-0.0425			0.0309			0.1893
GOOGL	-0.1099			-0.0242			0.0258			0.0924			0.0192
YHOO	0.0741			-0.03			0.1879			-0.0861			-0.3091
SPY  	-0.2694			0.3418			0.1362			-0.4329			0.3211
QQQ  	-0.0677			0.0878			-0.2061			-0.3812			0.0329
Aver	-0.1006			0.0424			0.1097			-0.0828			0.0137


COMPANY  OPEN			CLOSE			VOLUME			DIFFERENCE		 BINARY_DIFF 
lag = 0
USDJPY	0.0518
EURUSD	-0.3128
EURGBP	0.0322
AMZN	-0.3728			-0.201			0.1071			-0.0644			-0.1593
AAPL	0.2448			0.111			0.3824			0.0946			0.1164
BABA	-0.1882			0.0011			0.6598			0.1587			-0.1616
FB  	0.1784			-0.084			0.338			0.3846			-0.0162
GOOGL	0.3265			-0.0112			0.3364			0.1208			-0.0885
YHOO	-0.0815			0.0457			0.4076			0.1612			0.113
SPY  	-0.0197			-0.2636			0.1463			0.3484			-0.2746
QQQ  	-0.3558			-0.1747			0.4002			0.5009			0.151
Aver	-0.0335			-0.0721			0.3472			0.2131			-0.04


COMPANY  OPEN			CLOSE			VOLUME			DIFFERENCE		 BINARY_DIFF 
lag = 1
USDJPY	0.0331
EURUSD	0.0439
EURGBP	-0.0329
AMZN	-0.3009			-0.2145			-0.0996			0.0506			-0.1938
AAPL	-0.024			0.2485			0.2373			-0.115			0.2083
BABA	-0.0874			-0.1605			-0.1296			0.2933			-0.2803
FB  	-0.0792			0.2215			-0.2139			0.1463			0.0748
GOOGL	0.1617			0.217			-0.3103			0.0265			0.1849
YHOO	-0.1708			-0.1278			0.1249			0.294			-0.1659
SPY  	0.0405			0.0042			-0.1336			0.0126			0.0002
QQQ  	0.0418			-0.2503			-0.0745			0.088			-0.0163
Aver	-0.0523			-0.0077			-0.0749			0.0995			-0.0235


COMPANY  OPEN			CLOSE			VOLUME			DIFFERENCE		 BINARY_DIFF 
lag = 2
USDJPY	0.5031
EURUSD	0.0124
EURGBP	0.281
AMZN	-0.0981			-0.3174			-0.0535			-0.076			-0.0861
AAPL	0.3187			-0.0448			-0.0189			-0.1829			-0.1713
BABA	-0.0163			-0.0473			-0.2564			0.1302			-0.1203
FB  	-0.1881			-0.0458			-0.4048			-0.5438			-0.2241
GOOGL	-0.2844			0.0922			-0.3045			-0.3372			-0.0284
YHOO	0.0248			-0.2177			-0.3948			-0.0271			-0.3367
SPY  	-0.1048			0.0207			0.0318			0.0435			0.0527
QQQ  	0.0486			0.1323			-0.1305			0.0864			-0.0796
Aver	-0.0375			-0.0535			-0.1915			-0.1134			-0.1242


COMPANY  OPEN			CLOSE			VOLUME			DIFFERENCE		 BINARY_DIFF 
lag = 3
USDJPY	-0.2873
EURUSD	0.0644
EURGBP	-0.0047
AMZN	-0.059			-0.1994			-0.0797			0.0309			0.0716
AAPL	0.1264			0.1231			-0.1648			0.2241			0.159
BABA	0.0249			-0.0372			0.252			0.0293			-0.0248
FB  	-0.2687			-0.2571			0.0686			0.0699			-0.0862
GOOGL	-0.1772			-0.1273			-0.1616			0.031			-0.16
YHOO	-0.2632			0.0556			-0.0985			0.1074			-0.226
SPY  	-0.1461			-0.0614			0.3235			-0.1396			0.0714
QQQ  	0.0164			-0.0067			-0.125			-0.105			-0.2083
Aver	-0.0933			-0.0638			0.0018			0.031			-0.0504
