

COMPANY  OPEN			CLOSE			VOLUME			DIFFERENCE		 BINARY_DIFF 
lag = -3
USDJPY	-0.2542
EURUSD	0.0482
EURGBP	-0.1573
AMZN	0.1058			0.0617			0.1133			0.1054			0.2166
AAPL	-0.3334			-0.0677			-0.1083			-0.1467			0.0056
BABA	-0.1885			-0.2631			-0.2223			0.129			-0.0732
FB  	-0.0562			-0.0867			0.1893			0.1237			-0.1557
GOOGL	0.1416			0.1702			-0.1903			-0.1312			0.2836
YHOO	-0.3351			-0.2453			-0.2507			-0.2034			-0.2957
SPY  	0.353			0.2513			-0.2933			-0.079			0.0865
QQQ  	0.1838			-0.1276			0.0365			-0.0449			-0.193
Aver	-0.0161			-0.0384			-0.0907			-0.0309			-0.0157


COMPANY  OPEN			CLOSE			VOLUME			DIFFERENCE		 BINARY_DIFF 
lag = -2
USDJPY	-0.4447
EURUSD	0.26
EURGBP	-0.5152
AMZN	-0.1635			0.0204			-0.1579			-0.0844			0.0344
AAPL	-0.1664			-0.2214			-0.1141			-0.1102			-0.1011
BABA	0.309			-0.1567			0.0967			0.1166			0.0605
FB  	0.0828			-0.0323			0.3719			0.2969			-0.01
GOOGL	-0.1685			0.173			-0.0524			0.0209			0.0535
YHOO	-0.12			-0.4133			-0.1556			0.0295			-0.3461
SPY  	0.3088			0.3601			-0.2014			0.0391			0.3482
QQQ  	0.0376			0.3076			-0.0611			-0.0997			0.1088
Aver	0.015			0.0047			-0.0342			0.0261			0.0185


COMPANY  OPEN			CLOSE			VOLUME			DIFFERENCE		 BINARY_DIFF 
lag = -1
USDJPY	-0.1045
EURUSD	0.2777
EURGBP	-0.1203
AMZN	0.3835			-0.0082			0.1057			-0.1808			-0.0874
AAPL	-0.1442			-0.1222			0.2568			0.3004			-0.1886
BABA	0.1895			0.3368			0.474			0.5271			0.3912
FB  	0.0373			0.114			0.533			0.2123			0.1742
GOOGL	-0.0695			-0.1631			0.1696			-0.0473			-0.1842
YHOO	0.2695			0.005			0.193			-0.0907			-0.2711
SPY  	-0.2591			0.2939			-0.0161			-0.161			0.2663
QQQ  	-0.3667			-0.0294			0.039			-0.0562			-0.0958
Aver	0.005			0.0533			0.2194			0.063			0.0006


COMPANY  OPEN			CLOSE			VOLUME			DIFFERENCE		 BINARY_DIFF 
lag = 0
USDJPY	-0.0153
EURUSD	-0.0134
EURGBP	-0.0906
AMZN	0.0557			0.1733			0.2257			0.0706			0.0784
AAPL	0.244			0.0824			0.2026			0.3109			-0.0595
BABA	0.004			0.1535			0.7705			0.6509			0.246
FB  	0.341			0.0704			0.667			0.4866			0.3179
GOOGL	0.2493			-0.0391			0.26			0.0739			-0.0716
YHOO	0.3177			0.2507			0.3657			-0.0196			0.3528
SPY  	-0.1644			-0.2545			-0.008			0.3804			-0.2187
QQQ  	-0.4548			-0.4896			0.3298			0.427			-0.2247
Aver	0.0741			-0.0066			0.3517			0.2976			0.0526


COMPANY  OPEN			CLOSE			VOLUME			DIFFERENCE		 BINARY_DIFF 
lag = 1
USDJPY	0.1021
EURUSD	0.2276
EURGBP	-0.1615
AMZN	-0.0201			0.1087			-0.318			-0.0495			0.0108
AAPL	-0.0858			0.1514			0.3173			0.2629			0.1643
BABA	-0.0337			0.1508			0.3045			0.3086			0.2377
FB  	0.3085			0.3792			0.5733			0.356			0.5029
GOOGL	0.1362			0.213			-0.196			0.0435			0.1267
YHOO	-0.0921			0.2544			0.2422			0.1436			0.337
SPY  	-0.132			-0.1232			-0.0815			0.0611			-0.1595
QQQ  	-0.1844			-0.5104			0.0362			0.1009			-0.225
Aver	-0.0129			0.078			0.1098			0.1534			0.1244


COMPANY  OPEN			CLOSE			VOLUME			DIFFERENCE		 BINARY_DIFF 
lag = 2
USDJPY	0.429
EURUSD	0.1612
EURGBP	0.0875
AMZN	0.0866			-0.0427			-0.1147			-0.1433			-0.0136
AAPL	0.2008			-0.17			-0.1153			-0.2585			-0.2438
BABA	-0.1938			0.1235			0.0095			0.1083			0.1798
FB  	0.3467			0.3757			0.3891			0.1301			0.457
GOOGL	-0.1745			0.0624			-0.0378			-0.1481			-0.1523
YHOO	0.0099			-0.0228			-0.3141			-0.2147			0.0467
SPY  	-0.0835			-0.1166			-0.0685			-0.0628			-0.1006
QQQ  	0.0379			-0.114			-0.1657			-0.2167			-0.1637
Aver	0.0288			0.0119			-0.0522			-0.1007			0.0012


COMPANY  OPEN			CLOSE			VOLUME			DIFFERENCE		 BINARY_DIFF 
lag = 3
USDJPY	-0.0562
EURUSD	0.1065
EURGBP	-0.1485
AMZN	-0.0251			0.0423			-0.0216			0.0033			0.103
AAPL	-0.0015			0.052			-0.2269			-0.2354			0.1057
BABA	-0.1356			-0.1317			-0.2149			-0.129			0.0394
FB  	0.3104			0.3902			0.5143			0.1398			0.4872
GOOGL	-0.1379			-0.0968			-0.0133			-0.0568			0.0178
YHOO	-0.082			0.0487			-0.2452			-0.007			-0.0056
SPY  	-0.1893			-0.0335			0.2335			0.0275			0.0546
QQQ  	0.0237			-0.0243			0.0467			-0.2922			-0.1642
Aver	-0.0297			0.0309			0.0091			-0.0687			0.0797
