lag = -3
EURUSD	-0.0409988565877
AMZN	-0.469340853467	0.170992251667	0.0458320550071	0.208796756845
BABA	0.0119355416083	-0.0908960704628	-0.430954067442	-0.00242894145436
FB	0.467032590222	0.219196995803	0.162640816447	0.0016307770178
YHOO	-0.192540844131	0.106299426884	-0.207325107683	0.0114625794627
Average	-0.0457283914421	0.101398150973	-0.107451575918	0.0548652929678
lag = -2
EURUSD	0.448172445597
AMZN	-0.501363359223	-0.495322308757	0.00369954002259	-0.54847335579
BABA	0.543058777475	0.255320227437	-0.52144625203	-0.261414094807
FB	0.157163835614	0.377195900458	-0.106163109397	0.327047672925
YHOO	0.190239254063	-0.188527056965	-0.190318149042	-0.0501094817113
Average	0.097274626982	-0.0128333094567	-0.203556992612	-0.133237314846
lag = -1
EURUSD	0.155104194127
AMZN	0.0923716886279	-0.0264821352178	0.600217759262	-0.0379691393316
BABA	0.00223782877246	0.441354624186	0.080469922056	0.359089047546
FB	0.0211204019158	0.0715519227839	0.0450482945834	-0.0454938249758
YHOO	0.0902198629355	0.301027985356	0.309025533925	-0.0144125503411
Average	0.0514874455629	0.196863099277	0.258690377457	0.0653033832244
lag = 0
EURUSD	-0.256899741561
AMZN	-0.0556030258391	-0.139727477401	0.195008077493	-0.530243073277
BABA	-0.226892750165	-0.0382477138842	0.640602246311	0.182084113714
FB	0.0909527278172	0.0759304603562	0.295791151844	0.042068516614
YHOO	-0.050402764661	-0.00613440591576	0.300736522532	0.0474435838598
Average	-0.060486453212	-0.0270447842113	0.358034499545	-0.0646617147723
lag = 1
EURUSD	0.173955174215
AMZN	0.232456843512	-0.0760234819776	-0.00104364779841	0.269222453697
BABA	-0.284742579973	-0.201049165611	-0.0932730421667	-0.078072871355
FB	0.105845058266	0.0925344698082	-0.43923869406	-0.0292411289806
YHOO	-0.146808124786	-0.109691642325	-0.0347294221213	0.204427802374
Average	-0.0233122007454	-0.0735574550265	-0.142071201537	0.0915840639337
lag = 2
EURUSD	-0.0152086571504
AMZN	-0.129885596273	0.274510834844	0.129722640197	0.189984828346
BABA	-0.149910198526	-0.220393619481	-0.14120589023	-0.145209599276
FB	-0.153910568057	0.107707878654	-0.506725536655	-0.00980104035972
YHOO	0.26218354766	-0.0475133456062	-0.450926527193	-0.352719020663
Average	-0.042880703799	0.0285779371026	-0.242283828471	-0.0794362079883
lag = 3
EURUSD	-0.1649945899
AMZN	0.472275778843	-0.294994844625	-0.391529398583	-0.222851951115
BABA	-0.0135353084265	-0.142066215222	-0.0178402808779	-0.321834408598
FB	-0.172747902629	-0.114610022677	-0.0888808131424	-0.0565955948368
YHOO	-0.55519866943	0.152002514663	-0.0359582390993	0.229589063635
Average	-0.0673015254107	-0.0999171419653	-0.133552182926	-0.0929232227285
