100024370	1.0
1001192245	1.0
100987579	1.0
1011339350	1.0
1011471247	1.0
1017605156	1.0
1018083266	1.0
101823764	1.0
101832073	1.0
101876637	1.0
1019950250	1.0
1020104557	1.0
1020182690	1.0
102055261	1.0
102197266	1.0
102325185	1.0
1025112938	1.0
1025411929	1.0
102710585	1.0
103245828	1.0
10381282	1.0
1039081430	1.0
103967533	1.0
10407132	1.0
104494091	1.0
1045866258	1.0
104952689	1.0
105252513	1.0
105491141	1.0
105534413	1.0
1056667404	1.0
105726371	1.0
1059676711	1.0
106498703	1.0
106504911	1.0
1066585430	1.0
1066765934	1.0
1067178060	1.0
1069208857	1.0
1071376531	1.0
107321598	1.0
1075187563	1.0
1076775373	1.0
108021761	1.0
1080306914	1.0
1083958579	1.0
108685618	1.0
1087562863	1.0
108938404	1.0
109200080	1.0
1094190007	1.0
1095416683	1.0
109968678	1.0
110147594	1.0
110277416	1.0
110581612	1.0
110755266	1.0
1112189234	1.0
1113983916	1.0
111403130	1.0
1114443139	1.0
111449904	1.0
111718011	1.0
1118815166	1.0
1120403850	1.0
1121028973	1.0
112298996	1.0
112872946	1.0
11308402	1.0
113213802	1.0
113280990	1.0
1134114714	1.0
1134301754	1.0
1134484321	1.0
113490594	1.0
1135299488	1.0
113539090	1.0
1137292440	1.0
1137633156	1.0
113785888	1.0
113826929	1.0
113950052	1.0
1141384256	1.0
1141627460	1.0
114633761	1.0
1152105936	1.0
115356776	1.0
1155111728	1.0
115545055	1.0
1161369558	1.0
1163696714	1.0
116665584	1.0
1167632820	1.0
1167955920	1.0
116816715	1.0
116977290	1.0
117248779	1.0
117857704	1.0
1183310281	1.0
118331219	1.0
1183993172	1.0
11864732	1.0
118862957	1.0
119364024	1.0
1196838541	1.0
119751785	1.0
120653578	1.0
1208731411	1.0
1209338426	1.0
1209568855	1.0
1209595398	1.0
1209867661	1.0
12114462	1.0
121158213	1.0
1212204733	1.0
1214566958	1.0
1220203801	1.0
122058762	1.0
1225624538	1.0
1225981051	1.0
122866819	1.0
1228915560	1.0
123077479	1.0
123125462	1.0
123174284	1.0
123623227	1.0
123984337	1.0
1241963102	1.0
1242107881	1.0
12421722	1.0
12442612	1.0
1244393550	1.0
124508864	1.0
1245579715	1.0
1246096020	1.0
125187717	1.0
125210248	1.0
1253312389	1.0
125550812	1.0
1257970358	1.0
1259906438	1.0
1263284131	1.0
1263567842	1.0
126391002	1.0
12649962	1.0
1266345439	1.0
126687829	1.0
1272331855	1.0
1275995714	1.0
1277178181	1.0
128001460	1.0
128049067	1.0
128059999	1.0
1280712284	1.0
1281072037	1.0
1283362860	1.0
1286058860	1.0
1286073350	1.0
128686166	1.0
1287510536	1.0
1289086184	1.0
129078741	1.0
12910082	1.0
1291900087	1.0
1298192462	1.0
1298935814	1.0
1301244769	1.0
1304634055	1.0
1306593290	1.0
1308820824	1.0
1308823261	1.0
1310354202	1.0
1311348206	1.0
1315790101	1.0
131609773	1.0
1317108294	1.0
1317763201	1.0
1321061874	1.0
132243158	1.0
1326035881	1.0
1328994019	1.0
1329243757	1.0
133056605	1.0
133940825	1.0
1345565334	1.0
1345862960	1.0
1345998098	1.0
1347071545	1.0
13471032	1.0
1347661646	1.0
1349856667	1.0
13518162	1.0
135255258	1.0
1354252658	1.0
1357342237	1.0
1357903590	1.0
1357990153	1.0
1358146357	1.0
1362645332	1.0
136393773	1.0
1363944108	1.0
136447449	1.0
136842204	1.0
1369248408	1.0
137061901	1.0
1370761	1.0
1372592071	1.0
1373083340	1.0
1373505554	1.0
137466464	1.0
1375105020	1.0
13756432	1.0
1376778474	1.0
1377472224	1.0
1378065150	1.0
1381166982	1.0
13849232	1.0
138858322	1.0
1388848657	1.0
1390377960	1.0
139331458	1.0
1393603976	1.0
1395076646	1.0
13971722	1.0
1398262381	1.0
140003873	1.0
140104740	1.0
140262347	1.0
140330382	1.0
1405464818	1.0
140577612	1.0
140641561	1.0
1406780046	1.0
140731497	1.0
1407559375	1.0
1408233085	1.0
1409168863	1.0
1409535590	1.0
14104848	1.0
1411402069	1.0
14115408	1.0
1411796617	1.0
141202555	1.0
1412062452	1.0
141258604	1.0
14126376	1.0
14138486	1.0
141605349	1.0
1416078199	1.0
141690678	1.0
14216123	1.0
142333812	1.0
14236800	1.0
1423715634	1.0
14252369	1.0
14262411	1.0
142788662	1.0
142816837	1.0
1429269132	1.0
14300178	1.0
14303901	1.0
14305287	1.0
1430670998	1.0
1431661122	1.0
14318277	1.0
14328405	1.0
14348618	1.0
14380496	1.0
1439915048	1.0
1440222691	1.0
14445650	1.0
144575680	1.0
1449251635	1.0
1451772409	1.0
14571012	1.0
145717389	1.0
1457207868	1.0
146128105	1.0
14630872	1.0
146451331	1.0
1467412392	1.0
1468083559	1.0
146875176	1.0
1471665404	1.0
14724145	1.0
147300191	1.0
1473023792	1.0
14744629	1.0
1475745116	1.0
14813450	1.0
1485383263	1.0
14855210	1.0
14877483	1.0
14886375	1.0
148873469	1.0
1488838998	1.0
14902429	1.0
1490980105	1.0
14933262	1.0
1496306796	1.0
149686635	1.0
1498421575	1.0
1499258754	1.0
1499852552	1.0
150094848	1.0
15024696	1.0
15065434	1.0
15073513	1.0
150830726	1.0
1510153513	1.0
151041267	1.0
151161683	1.0
15130443	1.0
151526191	1.0
151603912	1.0
1516468766	1.0
1516478972	1.0
15171297	1.0
15172738	1.0
15176117	1.0
151855227	1.0
1520072330	1.0
1523656400	1.0
152378571	1.0
15240491	1.0
152423527	1.0
15264378	1.0
15281391	1.0
15296897	1.0
1530816642	1.0
1534106538	1.0
153561471	1.0
1537838155	1.0
153871260	1.0
15415642	1.0
15434232	1.0
1543611781	1.0
15440121	1.0
1544042413	1.0
1544270486	1.0
1544392183	1.0
154535828	1.0
1546222940	1.0
154679572	1.0
15485461	1.0
1549642243	1.0
15526966	1.0
1552733136	1.0
1553871637	1.0
155579691	1.0
1557751686	1.0
1560440960	1.0
15618009	1.0
156223650	1.0
1562679368	1.0
15633323	1.0
1563410299	1.0
1571165700	1.0
15754281	1.0
1577148733	1.0
1579371308	1.0
15808534	1.0
1581782214	1.0
1581970429	1.0
158226516	1.0
15823893	1.0
1582829107	1.0
15885463	1.0
15890906	1.0
1589889950	1.0
15910793	1.0
15915391	1.0
1591805461	1.0
1596409050	1.0
15971805	1.0
1597968769	1.0
1599977917	1.0
1601683238	1.0
1602169296	1.0
1602512792	1.0
160298969	1.0
16033537	1.0
16036941	1.0
1606801285	1.0
160720531	1.0
16080467	1.0
1609923331	1.0
1610934914	1.0
161340273	1.0
1616185404	1.0
161812042	1.0
162060435	1.0
1620686150	1.0
1621323433	1.0
1621763400	1.0
1622411040	1.0
162323465	1.0
1623315883	1.0
1625134838	1.0
16320734	1.0
163372919	1.0
163537857	1.0
16359602	1.0
16370204	1.0
1637177462	1.0
1638493381	1.0
163903064	1.0
1640681918	1.0
16441758	1.0
164425558	1.0
1646402473	1.0
1648349564	1.0
1648983258	1.0
16495607	1.0
16503449	1.0
165118788	1.0
16515274	1.0
1651781654	1.0
1652307498	1.0
1653543163	1.0
16562217	1.0
1656315872	1.0
1656677178	1.0
16581406	1.0
166041412	1.0
1662781962	1.0
166341743	1.0
1664138053	1.0
1665125166	1.0
16656621	1.0
166597717	1.0
1666651962	1.0
16679841	1.0
16694229	1.0
1669934971	1.0
1670408892	1.0
1672120591	1.0
16732770	1.0
16746076	1.0
16755855	1.0
167862711	1.0
168161721	1.0
16827489	1.0
16829397	1.0
16847211	1.0
1687238450	1.0
168744961	1.0
16877220	1.0
1689307574	1.0
16896007	1.0
1689732626	1.0
1691951420	1.0
1692174140	1.0
1693275121	1.0
16941166	1.0
1694447893	1.0
1694722513	1.0
1695255908	1.0
1698582715	1.0
16995129	1.0
1700112116	1.0
17004794	1.0
170377243	1.0
1705138098	1.0
1705758318	1.0
1706003725	1.0
1707757340	1.0
1708603771	1.0
17127246	1.0
17184621	1.0
171919007	1.0
17229184	1.0
172836249	1.0
172981519	1.0
1735835706	1.0
17365470	1.0
17378574	1.0
174090771	1.0
17433343	1.0
174333656	1.0
17448440	1.0
175754840	1.0
17593128	1.0
17614702	1.0
176168308	1.0
17670919	1.0
17677716	1.0
176824779	1.0
176997190	1.0
17750507	1.0
17790265	1.0
17841130	1.0
17854610	1.0
17905363	1.0
179054279	1.0
17913	1.0
179566530	1.0
17991579	1.0
180111748	1.0
18145347	1.0
18157947	1.0
18164662	1.0
182311852	1.0
18255548	1.0
182879608	1.0
18296983	1.0
183972338	1.0
18408384	1.0
18451147	1.0
18455693	1.0
1847302273	1.0
184754553	1.0
18476447	1.0
185300641	1.0
185310946	1.0
1855357848	1.0
18574762	1.0
18586789	1.0
18617871	1.0
18639734	1.0
186557997	1.0
18662353	1.0
1867474032	1.0
186882221	1.0
18703437	1.0
18706675	1.0
18707726	1.0
1871450522	1.0
18719020	1.0
18803064	1.0
18812301	1.0
1891949672	1.0
189250472	1.0
18944615	1.0
18952948	1.0
18958504	1.0
1898319336	1.0
1900454750	1.0
19012972	1.0
190217477	1.0
190298721	1.0
1906311631	1.0
19079480	1.0
19098822	1.0
191028339	1.0
19109421	1.0
1912269505	1.0
1912519352	1.0
1917790189	1.0
1921730372	1.0
19220698	1.0
1923159170	1.0
1923879936	1.0
1924310023	1.0
1924312855	1.0
192583349	1.0
192640294	1.0
19270995	1.0
1930762644	1.0
19321612	1.0
193323937	1.0
193370107	1.0
19358428	1.0
1936223040	1.0
1936251463	1.0
19380829	1.0
19399038	1.0
194119290	1.0
194137231	1.0
1944448274	1.0
1944646057	1.0
1945317565	1.0
19462442	1.0
19485664	1.0
1949701902	1.0
1950172806	1.0
1952436260	1.0
1953540097	1.0
195368080	1.0
1953776653	1.0
195412616	1.0
19546277	1.0
1954730264	1.0
195976126	1.0
1959888277	1.0
19619569	1.0
1962132428	1.0
19627971	1.0
196335298	1.0
19658091	1.0
1967832475	1.0
1969320008	1.0
1969334461	1.0
1969470044	1.0
1969472353	1.0
1969538022	1.0
1969581715	1.0
1969594849	1.0
1969622058	1.0
1969627746	1.0
1969645939	1.0
1969679156	1.0
1969708788	1.0
1969742863	1.0
1969754725	1.0
1969826696	1.0
1970070775	1.0
1970127890	1.0
1970148032	1.0
1970190690	1.0
1970221123	1.0
1973892090	1.0
19744509	1.0
197451883	1.0
197485346	1.0
1976239567	1.0
197729131	1.0
1978314900	1.0
19790872	1.0
1979190776	1.0
19830342	1.0
19833987	1.0
19898168	1.0
19899344	1.0
19962813	1.0
19970105	1.0
19987048	1.0
19988458	1.0
19992655	1.0
20005393	1.0
200528348	1.0
20097362	1.0
20106796	1.0
20109018	1.0
20114738	1.0
201221109	1.0
201296379	1.0
20149508	1.0
202003	1.0
20217939	1.0
20321220	1.0
20331665	1.0
20345218	1.0
20402945	1.0
204098062	1.0
204803220	1.0
20484064	1.0
20523540	1.0
20525971	1.0
20557393	1.0
20558203	1.0
205822782	1.0
20596865	1.0
20604418	1.0
20630174	1.0
20704858	1.0
20715279	1.0
20715638	1.0
20725359	1.0
207435193	1.0
20945895	1.0
21019674	1.0
21045893	1.0
210818233	1.0
211283915	1.0
211797887	1.0
212990172	1.0
213118052	1.0
21328656	1.0
213315220	1.0
213358539	1.0
2136001	1.0
213760897	1.0
21428264	1.0
214291146	1.0
214319039	1.0
214321318	1.0
214433021	1.0
2150359365	1.0
2150696418	1.0
2150927341	1.0
2151341514	1.0
2152612894	1.0
21543577	1.0
21549682	1.0
2155204255	1.0
21569312	1.0
215851158	1.0
2162520717	1.0
2167416379	1.0
2167926223	1.0
21679494	1.0
216798259	1.0
21681001	1.0
216865166	1.0
216873394	1.0
2169254353	1.0
2169598345	1.0
2170008241	1.0
2170018283	1.0
217011425	1.0
2173352892	1.0
217711375	1.0
2177764470	1.0
2178611209	1.0
2178716968	1.0
2178734696	1.0
21793923	1.0
2180024416	1.0
2181143239	1.0
2181281054	1.0
2181326676	1.0
2181334776	1.0
2181346825	1.0
2181357950	1.0
2181373892	1.0
218332217	1.0
218430551	1.0
218644989	1.0
2186813068	1.0
2191044698	1.0
2191906089	1.0
2192068413	1.0
2192665300	1.0
2192832680	1.0
219329534	1.0
2195055925	1.0
2195543761	1.0
2196092280	1.0
2197099980	1.0
2197116199	1.0
2197132710	1.0
2199139605	1.0
2202116136	1.0
2203288712	1.0
2204135624	1.0
22060190	1.0
2206164312	1.0
2206306496	1.0
22064251	1.0
2207480136	1.0
2207733494	1.0
22078711	1.0
2208541680	1.0
2209060659	1.0
2209523333	1.0
220991973	1.0
2210594991	1.0
2210915965	1.0
2212200286	1.0
2212378326	1.0
2212433045	1.0
2212454553	1.0
22127731	1.0
2212891281	1.0
2214746002	1.0
2214818162	1.0
2215937899	1.0
2219539538	1.0
2221772324	1.0
222187111	1.0
2228950141	1.0
22316757	1.0
223329689	1.0
2233924628	1.0
2236817017	1.0
2238154415	1.0
223861087	1.0
22405827	1.0
224180296	1.0
22427857	1.0
2242816832	1.0
2243075472	1.0
2243124111	1.0
22475801	1.0
2249186018	1.0
2249339168	1.0
2249428661	1.0
2249884134	1.0
2251045586	1.0
2251233938	1.0
2254032159	1.0
225693975	1.0
2257365318	1.0
225758803	1.0
2258122448	1.0
2259177605	1.0
225996742	1.0
2261734772	1.0
2262239565	1.0
226233457	1.0
22623528	1.0
226307794	1.0
2263437272	1.0
22665063	1.0
2267964218	1.0
2268102895	1.0
22681396	1.0
226828258	1.0
2269536694	1.0
2270677056	1.0
2270679282	1.0
2270789972	1.0
2271848838	1.0
2272207286	1.0
2273216286	1.0
2273664823	1.0
2273862972	1.0
2273872578	1.0
2274875012	1.0
2275658568	1.0
22813422	1.0
22814481	1.0
228174387	1.0
2282347955	1.0
2283469135	1.0
2284446141	1.0
2286451110	1.0
2290987148	1.0
2292474146	1.0
229278838	1.0
2297325180	1.0
2298030908	1.0
22984882	1.0
2298608738	1.0
23006271	1.0
2301302630	1.0
2302159185	1.0
23040137	1.0
2305339123	1.0
2305466028	1.0
23059499	1.0
23093161	1.0
231164809	1.0
231240522	1.0
2312902755	1.0
23131068	1.0
231582881	1.0
2316415059	1.0
2317824278	1.0
2318831435	1.0
2319325904	1.0
2319599660	1.0
2319600132	1.0
23209819	1.0
23214029	1.0
23249152	1.0
232503690	1.0
2325963542	1.0
232633486	1.0
2333778359	1.0
2334410965	1.0
2334614718	1.0
2335651058	1.0
233566392	1.0
2335870220	1.0
2340751033	1.0
2341281566	1.0
2341445778	1.0
234155392	1.0
2342215530	1.0
2342591485	1.0
2342763212	1.0
2343018775	1.0
23434774	1.0
2343755413	1.0
2343953910	1.0
2344420430	1.0
2344521145	1.0
2344531388	1.0
234455992	1.0
2344619544	1.0
2347049569	1.0
2348716116	1.0
234956680	1.0
2349917270	1.0
2350920446	1.0
2351828280	1.0
235261080	1.0
2352850994	1.0
235305860	1.0
2355018890	1.0
2355225980	1.0
235648313	1.0
2356524462	1.0
2356802040	1.0
2358687824	1.0
2359835198	1.0
23607612	1.0
2361133573	1.0
2361616610	1.0
2362771794	1.0
2363261797	1.0
23633168	1.0
2363388900	1.0
2363914387	1.0
236518570	1.0
2365373972	1.0
23665498	1.0
236704986	1.0
2368238768	1.0
2370232028	1.0
2370520826	1.0
2370604700	1.0
2371387338	1.0
2372479135	1.0
2374504333	1.0
2375246508	1.0
2375531893	1.0
237591901	1.0
23761139	1.0
23792255	1.0
238262846	1.0
2383717754	1.0
2383861202	1.0
23853647	1.0
2385812455	1.0
2385851994	1.0
2385944899	1.0
2385964938	1.0
2388173478	1.0
2389230019	1.0
239080208	1.0
2391414056	1.0
2391736411	1.0
2392077660	1.0
23929732	1.0
2393363239	1.0
2394931570	1.0
2395258519	1.0
23954327	1.0
2398112932	1.0
2399078832	1.0
239927143	1.0
2400480938	1.0
2400580606	1.0
240078196	1.0
24009518	1.0
2401925442	1.0
2402848995	1.0
2403077946	1.0
2405169193	1.0
2405341116	1.0
2405378612	1.0
2406183142	1.0
240775180	1.0
2409150423	1.0
241205239	1.0
241241262	1.0
2412796920	1.0
2412858253	1.0
2413660177	1.0
24147760	1.0
2415761948	1.0
241605744	1.0
24210676	1.0
2421279036	1.0
24216012	1.0
2421925589	1.0
2422703600	1.0
24227424	1.0
2424133955	1.0
2425399141	1.0
2426471287	1.0
2428866533	1.0
2428916787	1.0
2429060390	1.0
2429587027	1.0
2430919999	1.0
2431035581	1.0
2431962474	1.0
2432351047	1.0
2432811	1.0
2433237991	1.0
2434397022	1.0
243544358	1.0
2435931235	1.0
243618345	1.0
2436263281	1.0
243692482	1.0
243728710	1.0
24378311	1.0
2439000217	1.0
2440157604	1.0
2440894303	1.0
24410456	1.0
244561514	1.0
2445846209	1.0
244677736	1.0
24469862	1.0
2447351600	1.0
2447901655	1.0
2447928920	1.0
2447967798	1.0
2450610228	1.0
245193794	1.0
2452122962	1.0
2453586834	1.0
245540050	1.0
2456431090	1.0
2456850254	1.0
2458259958	1.0
245829787	1.0
2459430642	1.0
246134345	1.0
246138191	1.0
2461556142	1.0
246248928	1.0
2462809271	1.0
2463065714	1.0
2463334585	1.0
2464233008	1.0
2464284763	1.0
246643731	1.0
2467342878	1.0
2474163163	1.0
247609940	1.0
2476919087	1.0
2478748854	1.0
247946309	1.0
2481176070	1.0
24820841	1.0
2482482240	1.0
2482710715	1.0
2483093335	1.0
248343216	1.0
2483547450	1.0
2484148780	1.0
2484513824	1.0
24868695	1.0
2488166503	1.0
248836670	1.0
249267611	1.0
24927996	1.0
2494330219	1.0
2494359720	1.0
2495542669	1.0
2497045194	1.0
2503747044	1.0
2505558983	1.0
2508583806	1.0
2508720270	1.0
250928496	1.0
25102465	1.0
25115086	1.0
251277277	1.0
251633588	1.0
251856914	1.0
25185828	1.0
2518870585	1.0
2520719083	1.0
252126968	1.0
2523375564	1.0
25234870	1.0
2524684585	1.0
25253796	1.0
2525892205	1.0
252686386	1.0
2527494464	1.0
2527694118	1.0
252773576	1.0
2531939472	1.0
2533224018	1.0
2534761215	1.0
2538149923	1.0
2538578097	1.0
2540665153	1.0
254228322	1.0
254232727	1.0
254280603	1.0
254541721	1.0
2548034736	1.0
2548476300	1.0
254908062	1.0
255249826	1.0
255319156	1.0
2554107798	1.0
2556869962	1.0
2557515984	1.0
2559031353	1.0
2561724956	1.0
2564014766	1.0
2567518027	1.0
2569375261	1.0
2570233256	1.0
2570479190	1.0
2571328842	1.0
2574988148	1.0
2575097197	1.0
257608218	1.0
2579477766	1.0
2580713054	1.0
2582235776	1.0
25827743	1.0
25828514	1.0
2585209226	1.0
2585826031	1.0
2590679485	1.0
259094582	1.0
259173714	1.0
259365246	1.0
25959084	1.0
25978996	1.0
2598048522	1.0
259854532	1.0
2600165016	1.0
260021703	1.0
2600389056	1.0
26012309	1.0
260380754	1.0
2603945954	1.0
260473647	1.0
26067145	1.0
2607663110	1.0
2609555142	1.0
2613531324	1.0
2614480104	1.0
2614558670	1.0
2616533544	1.0
262137434	1.0
262652488	1.0
262763182	1.0
262864727	1.0
263276880	1.0
263333330	1.0
263549577	1.0
26382961	1.0
2638508286	1.0
26404888	1.0
2643714854	1.0
26447407	1.0
26461628	1.0
264624088	1.0
2646419491	1.0
2646506552	1.0
26468371	1.0
2649921242	1.0
26514883	1.0
265633051	1.0
26574283	1.0
2657436853	1.0
26582193	1.0
2659386019	1.0
2660144714	1.0
26611622	1.0
266453149	1.0
26692163	1.0
2669943158	1.0
2676674210	1.0
2676762737	1.0
26775476	1.0
267813460	1.0
2681762208	1.0
26849804	1.0
2686854475	1.0
2686999627	1.0
2688470512	1.0
2691694578	1.0
2692801200	1.0
2694667118	1.0
26972144	1.0
269807363	1.0
27010341	1.0
2701436990	1.0
27022640	1.0
2703959670	1.0
270430076	1.0
2704548373	1.0
27089333	1.0
271211220	1.0
271285871	1.0
271331138	1.0
2714985810	1.0
2715475950	1.0
2715894908	1.0
2717182718	1.0
2717697042	1.0
2720144785	1.0
27223236	1.0
272357654	1.0
2724317137	1.0
2724566275	1.0
2725800703	1.0
2728466411	1.0
27289559	1.0
2729306273	1.0
2730855593	1.0
2730931508	1.0
2731062480	1.0
2732425088	1.0
2734019417	1.0
2734188574	1.0
2734189670	1.0
2734292025	1.0
2734662970	1.0
2734671220	1.0
2734716833	1.0
2734847583	1.0
2734883193	1.0
2735016269	1.0
2735139016	1.0
2735226149	1.0
2735228099	1.0
2735291675	1.0
2735987566	1.0
2736013923	1.0
2736692525	1.0
2737674672	1.0
2737924896	1.0
27383854	1.0
2739044695	1.0
2741655314	1.0
2742137299	1.0
2743641378	1.0
2745075751	1.0
274840800	1.0
2748944294	1.0
2749189122	1.0
2749335470	1.0
2750381484	1.0
275099779	1.0
2752129684	1.0
2752140987	1.0
2752150528	1.0
2752524304	1.0
2753470001	1.0
2754345013	1.0
2754857585	1.0
2754907777	1.0
2755279513	1.0
275676002	1.0
2757042696	1.0
2757370466	1.0
2758585953	1.0
2758704051	1.0
2758896709	1.0
2759843105	1.0
276034281	1.0
276159367	1.0
2761778417	1.0
2763083529	1.0
276334529	1.0
27639394	1.0
2764739508	1.0
2765603292	1.0
276679058	1.0
2766898145	1.0
2767265003	1.0
2768435507	1.0
27692923	1.0
2769736419	1.0
2771748595	1.0
2772167606	1.0
2772914821	1.0
2773001652	1.0
2773188592	1.0
2773514064	1.0
2773572122	1.0
2773951369	1.0
2774665938	1.0
277618799	1.0
2776502236	1.0
2777610638	1.0
2778774512	1.0
2778809762	1.0
2778901544	1.0
2779591038	1.0
2781550178	1.0
2782164174	1.0
2783314897	1.0
2783864546	1.0
2785023952	1.0
2788047050	1.0
2788369540	1.0
2788398967	1.0
27884575	1.0
2788588083	1.0
2788738291	1.0
2789543497	1.0
27914530	1.0
2791996126	1.0
2792041422	1.0
2792802479	1.0
2795517045	1.0
2795789015	1.0
279585313	1.0
2796815872	1.0
2796938558	1.0
2799908841	1.0
2799967928	1.0
2800242683	1.0
2800874294	1.0
2801334731	1.0
2802272246	1.0
2802620730	1.0
2803711784	1.0
2804823650	1.0
2804870168	1.0
2805464460	1.0
2807615094	1.0
2809950325	1.0
281099786	1.0
2811966313	1.0
28137012	1.0
2813708366	1.0
28140646	1.0
2814407782	1.0
28149588	1.0
281664273	1.0
28176903	1.0
281795966	1.0
2818012008	1.0
2818198537	1.0
2819036114	1.0
28195764	1.0
2819753366	1.0
2820192618	1.0
2820744853	1.0
2821110121	1.0
2821217758	1.0
2823763911	1.0
2824195923	1.0
2825270328	1.0
2825752685	1.0
282599080	1.0
2826000568	1.0
2826686528	1.0
2827442674	1.0
2828210702	1.0
2828883196	1.0
2828978376	1.0
283012565	1.0
2830318542	1.0
2830849059	1.0
2831146381	1.0
2836657442	1.0
2837841	1.0
2838814184	1.0
2839335324	1.0
28402887	1.0
2840521627	1.0
2841194833	1.0
2841272608	1.0
284175705	1.0
2843096527	1.0
284462046	1.0
2844711597	1.0
2844826268	1.0
2844914504	1.0
2847020799	1.0
2847318905	1.0
2848760754	1.0
2849030764	1.0
284946253	1.0
2850016123	1.0
2851185024	1.0
2852922675	1.0
285594128	1.0
285688893	1.0
2857355741	1.0
2857606888	1.0
286006788	1.0
28604600	1.0
2860901462	1.0
2863581578	1.0
2864193298	1.0
286427074	1.0
286443280	1.0
2867531362	1.0
2867580730	1.0
2867940624	1.0
2869807694	1.0
28719308	1.0
2872180681	1.0
287441095	1.0
2874881676	1.0
2875663485	1.0
2875715945	1.0
2875909930	1.0
287663663	1.0
2876876863	1.0
28769199	1.0
2877539236	1.0
287910843	1.0
287966215	1.0
2880143019	1.0
2881595931	1.0
2888583159	1.0
2888729354	1.0
2888882327	1.0
2889234656	1.0
2889858040	1.0
2890462752	1.0
28918980	1.0
28923371	1.0
2892878819	1.0
2893125956	1.0
2893134987	1.0
2893316337	1.0
2895073336	1.0
289556231	1.0
2895887071	1.0
2895978157	1.0
2897596525	1.0
2900020140	1.0
2900775492	1.0
29017307	1.0
2903110151	1.0
2903846321	1.0
2904660557	1.0
2905010278	1.0
2905030419	1.0
2905361393	1.0
2907733058	1.0
2908494810	1.0
2911648575	1.0
2912059782	1.0
2912072247	1.0
2913792015	1.0
2918042792	1.0
2918110749	1.0
2918983754	1.0
2920257085	1.0
2920258887	1.0
29208101	1.0
2921036601	1.0
2922414704	1.0
2923161125	1.0
29231725	1.0
2926070175	1.0
2927015864	1.0
2928995946	1.0
2929317525	1.0
2930175764	1.0
2930208494	1.0
2930718511	1.0
29310765	1.0
2932790588	1.0
2933447393	1.0
29345341	1.0
2935773984	1.0
2936305422	1.0
2937515887	1.0
2938089953	1.0
2938133724	1.0
2940112249	1.0
294053762	1.0
2942356560	1.0
2942740044	1.0
2943293115	1.0
29440885	1.0
2945111705	1.0
2946378182	1.0
2948534035	1.0
2948939596	1.0
2950884788	1.0
2950895167	1.0
2950905753	1.0
2950938067	1.0
2951708250	1.0
2953927494	1.0
2954810418	1.0
2955551567	1.0
2955888858	1.0
2956204705	1.0
2956515536	1.0
295777135	1.0
2957793492	1.0
2958764400	1.0
2959216326	1.0
2959501374	1.0
2961397364	1.0
2962374628	1.0
2963213863	1.0
2964290666	1.0
2964354309	1.0
2964569193	1.0
2964710121	1.0
2965065626	1.0
2965982860	1.0
2966470797	1.0
2966970892	1.0
2967682878	1.0
2968210600	1.0
2968256134	1.0
29690957	1.0
2969136158	1.0
2969796985	1.0
2969819560	1.0
2970336949	1.0
2971887154	1.0
2972309006	1.0
29748372	1.0
2975074412	1.0
2975461172	1.0
2976750023	1.0
297848618	1.0
2979296118	1.0
2980980327	1.0
2981182130	1.0
298139855	1.0
2982805673	1.0
2983182948	1.0
2985147995	1.0
2985818862	1.0
2985879882	1.0
2986622194	1.0
2987537122	1.0
29905710	1.0
2990706009	1.0
2991122043	1.0
2991674333	1.0
2992313335	1.0
2992546320	1.0
29927236	1.0
2993169672	1.0
2993410394	1.0
299413616	1.0
29955111	1.0
2996428088	1.0
2997013028	1.0
2997202992	1.0
2997403608	1.0
2998682088	1.0
2999658401	1.0
2999672518	1.0
2999752275	1.0
2999804950	1.0
30012714	1.0
3002100596	1.0
3005559517	1.0
3006375111	1.0
3006855485	1.0
3007329504	1.0
3007606706	1.0
30080353	1.0
300875086	1.0
3009542394	1.0
3009819962	1.0
3010556565	1.0
3010725104	1.0
30113280	1.0
3011436775	1.0
3011739134	1.0
3011960894	1.0
30131061	1.0
3013160215	1.0
3013702747	1.0
3014806173	1.0
3015375159	1.0
3016371735	1.0
3016707079	1.0
3016858651	1.0
3016942783	1.0
3017626887	1.0
3017654325	1.0
3019533199	1.0
3019850691	1.0
3020844178	1.0
3022343638	1.0
3022605750	1.0
3022827193	1.0
302349992	1.0
3024469669	1.0
302545862	1.0
3025587754	1.0
3026582718	1.0
3027642625	1.0
302772765	1.0
3028535478	1.0
3028966429	1.0
30290055	1.0
302906876	1.0
30290778	1.0
3029090631	1.0
3029943511	1.0
3033124850	1.0
3033399095	1.0
3033830131	1.0
3035279093	1.0
303569678	1.0
3040956619	1.0
3041863823	1.0
30437065	1.0
3044090437	1.0
3044159284	1.0
30442966	1.0
3044383397	1.0
3045408737	1.0
3049612215	1.0
3050034435	1.0
3051035051	1.0
3051829922	1.0
3052830904	1.0
3053524936	1.0
3058526162	1.0
3059703112	1.0
30597770	1.0
3062071730	1.0
3063277571	1.0
3063612531	1.0
3064388656	1.0
306494967	1.0
3065668404	1.0
3066075088	1.0
306610628	1.0
3067486679	1.0
3068208029	1.0
30694719	1.0
3070832660	1.0
3071556705	1.0
3071692525	1.0
3075993632	1.0
3076367314	1.0
3076458912	1.0
3077676425	1.0
30788083	1.0
3079105451	1.0
3080473594	1.0
3081076452	1.0
3084444185	1.0
3087769032	1.0
3089152302	1.0
3091880403	1.0
3091884801	1.0
3092480908	1.0
30940468	1.0
31001654	1.0
3100250551	1.0
310100383	1.0
3101996487	1.0
310351303	1.0
3103610591	1.0
310437728	1.0
31057364	1.0
310611950	1.0
31064165	1.0
31073264	1.0
310810506	1.0
3108351	1.0
3108772197	1.0
3108940967	1.0
3109017077	1.0
3109188652	1.0
3112422220	1.0
31168926	1.0
312171443	1.0
312187630	1.0
312664499	1.0
312681971	1.0
313678941	1.0
313888969	1.0
314005753	1.0
314468797	1.0
314695175	1.0
315306053	1.0
315903589	1.0
316116530	1.0
316404325	1.0
316527293	1.0
316766037	1.0
317450972	1.0
317586435	1.0
317975803	1.0
31800110	1.0
32022683	1.0
32103418	1.0
321692995	1.0
32189808	1.0
322090544	1.0
322650695	1.0
322963627	1.0
32308425	1.0
323092381	1.0
32376336	1.0
32389968	1.0
324698160	1.0
324995389	1.0
325669249	1.0
325836703	1.0
326483866	1.0
32667707	1.0
32674236	1.0
327111975	1.0
327141478	1.0
327267437	1.0
32772630	1.0
328040224	1.0
328152610	1.0
328878936	1.0
329838136	1.0
330289552	1.0
33326654	1.0
334118992	1.0
334536289	1.0
335272177	1.0
337267500	1.0
33747430	1.0
338330795	1.0
33844041	1.0
33858748	1.0
33927725	1.0
33980532	1.0
339903277	1.0
341474150	1.0
341482511	1.0
34194902	1.0
34234183	1.0
342455473	1.0
34255540	1.0
34379501	1.0
345778482	1.0
34716975	1.0
34733538	1.0
348031443	1.0
348642818	1.0
34939208	1.0
349574943	1.0
352241771	1.0
353613004	1.0
35365619	1.0
35411199	1.0
35420682	1.0
35480744	1.0
35643668	1.0
356577362	1.0
35659920	1.0
358250214	1.0
35850345	1.0
35934999	1.0
35969984	1.0
36041084	1.0
360462212	1.0
36102165	1.0
361195470	1.0
36148700	1.0
361912377	1.0
361959844	1.0
36212060	1.0
362185668	1.0
362311295	1.0
36287403	1.0
363745852	1.0
364514620	1.0
36460987	1.0
365136998	1.0
367235898	1.0
367337523	1.0
36741197	1.0
36761914	1.0
367842499	1.0
36952138	1.0
369535157	1.0
369897589	1.0
36992781	1.0
370238655	1.0
370291744	1.0
37042314	1.0
370662547	1.0
371980886	1.0
37210226	1.0
37238868	1.0
372503256	1.0
373102216	1.0
373457750	1.0
373773598	1.0
373975228	1.0
37399630	1.0
374654908	1.0
374666430	1.0
37469211	1.0
374845889	1.0
37495309	1.0
375732875	1.0
376008436	1.0
376367767	1.0
376562555	1.0
376753833	1.0
376815325	1.0
3771171	1.0
37716108	1.0
37718217	1.0
377244616	1.0
377755817	1.0
378010498	1.0
378208943	1.0
378381964	1.0
38053161	1.0
381169697	1.0
381180318	1.0
381190911	1.0
381212639	1.0
381224685	1.0
381224814	1.0
381321363	1.0
381696140	1.0
381872892	1.0
381920622	1.0
38301261	1.0
383077253	1.0
38308188	1.0
383927121	1.0
383951841	1.0
38419159	1.0
38502647	1.0
385113243	1.0
385424999	1.0
385898501	1.0
386066492	1.0
386128194	1.0
386770863	1.0
386787305	1.0
387173889	1.0
387846089	1.0
388727162	1.0
389546847	1.0
38964336	1.0
390381898	1.0
390896189	1.0
391464226	1.0
391815569	1.0
392774118	1.0
392938785	1.0
393049830	1.0
393797909	1.0
39384997	1.0
39466932	1.0
39546678	1.0
39572320	1.0
397230151	1.0
397838909	1.0
399619659	1.0
40012474	1.0
400278676	1.0
40045763	1.0
400784846	1.0
40145338	1.0
402154483	1.0
402489347	1.0
402937312	1.0
403076729	1.0
403762018	1.0
404853456	1.0
405002095	1.0
405289917	1.0
40586737	1.0
406289145	1.0
40632926	1.0
406435327	1.0
40677346	1.0
406919141	1.0
40847455	1.0
40856171	1.0
40911537	1.0
409255935	1.0
41035939	1.0
41134951	1.0
413344125	1.0
414600500	1.0
414904961	1.0
415187424	1.0
41537564	1.0
41603960	1.0
41726817	1.0
417486828	1.0
418104982	1.0
418646433	1.0
419018283	1.0
419728487	1.0
420117089	1.0
420649483	1.0
421938080	1.0
423888869	1.0
424383	1.0
42589787	1.0
425917134	1.0
425935315	1.0
426105691	1.0
42684729	1.0
427465564	1.0
427529204	1.0
42817815	1.0
428971031	1.0
430134459	1.0
430841130	1.0
431107578	1.0
43123567	1.0
431239530	1.0
43130225	1.0
431978499	1.0
432089037	1.0
432242860	1.0
43259506	1.0
432726108	1.0
43295161	1.0
433543251	1.0
434585175	1.0
435440167	1.0
43654948	1.0
436707351	1.0
437407245	1.0
43797208	1.0
438450595	1.0
438653267	1.0
43898598	1.0
439530635	1.0
439579676	1.0
440228392	1.0
440310818	1.0
44060322	1.0
44078873	1.0
441266245	1.0
442298073	1.0
44418666	1.0
44480204	1.0
445291350	1.0
44724005	1.0
447289978	1.0
44782357	1.0
447843281	1.0
44843270	1.0
44940028	1.0
449967071	1.0
450610574	1.0
450629782	1.0
451155741	1.0
452335987	1.0
45369946	1.0
455483050	1.0
45548860	1.0
45578271	1.0
456957462	1.0
45898191	1.0
45925016	1.0
459708890	1.0
461607890	1.0
46161469	1.0
463162523	1.0
463828538	1.0
463861175	1.0
46423945	1.0
466333756	1.0
46653996	1.0
466821972	1.0
468670807	1.0
468703129	1.0
468758663	1.0
470941520	1.0
471121755	1.0
47178373	1.0
472072419	1.0
47247213	1.0
472659133	1.0
47269365	1.0
47272490	1.0
473009879	1.0
474249895	1.0
474304890	1.0
475274420	1.0
475524030	1.0
477600738	1.0
478908867	1.0
479193641	1.0
479556811	1.0
479613752	1.0
479757960	1.0
48041449	1.0
480445817	1.0
48185277	1.0
482335488	1.0
482524635	1.0
48431093	1.0
484773756	1.0
485382140	1.0
48556270	1.0
485735637	1.0
485844722	1.0
48597029	1.0
486112997	1.0
486468358	1.0
48654466	1.0
487441222	1.0
488584876	1.0
489022370	1.0
49054577	1.0
490808118	1.0
49091558	1.0
49138823	1.0
49163496	1.0
49182982	1.0
49216749	1.0
492648022	1.0
493184262	1.0
49605610	1.0
49663205	1.0
496904835	1.0
49724103	1.0
498166332	1.0
498631199	1.0
50177984	1.0
50700978	1.0
508035271	1.0
508168526	1.0
50828131	1.0
509627662	1.0
511249677	1.0
511970896	1.0
512104951	1.0
512525774	1.0
513934863	1.0
51496346	1.0
516096222	1.0
516519174	1.0
51683048	1.0
517168840	1.0
5174401	1.0
518954841	1.0
519290659	1.0
52126417	1.0
521737922	1.0
52247328	1.0
523059225	1.0
524732173	1.0
525839377	1.0
528770977	1.0
529012701	1.0
529167074	1.0
52958940	1.0
529639414	1.0
532029122	1.0
53215424	1.0
533972176	1.0
53584956	1.0
53607814	1.0
536289817	1.0
537128946	1.0
539426021	1.0
540062157	1.0
540346883	1.0
541143559	1.0
541894173	1.0
542754255	1.0
54419125	1.0
544484168	1.0
545618159	1.0
546213528	1.0
54627563	1.0
546339648	1.0
54643082	1.0
5471512	1.0
548067809	1.0
54914153	1.0
549533958	1.0
549657836	1.0
550066003	1.0
554417352	1.0
555584993	1.0
55561590	1.0
557135617	1.0
557783735	1.0
557874212	1.0
558755062	1.0
55896064	1.0
559066696	1.0
559118898	1.0
559248092	1.0
561742581	1.0
5627542	1.0
562817303	1.0
56287225	1.0
562995991	1.0
56413167	1.0
56500667	1.0
56585069	1.0
566635607	1.0
56683226	1.0
566854299	1.0
567452784	1.0
56789832	1.0
570154956	1.0
570481298	1.0
571990164	1.0
57251875	1.0
572961420	1.0
57333974	1.0
57343654	1.0
575552830	1.0
575576964	1.0
575663542	1.0
57715740	1.0
578327785	1.0
57849762	1.0
57936659	1.0
579962917	1.0
581221150	1.0
5823332	1.0
582689833	1.0
58290199	1.0
584633335	1.0
584837915	1.0
585934344	1.0
589261776	1.0
59035579	1.0
591335059	1.0
591380208	1.0
592497932	1.0
593342422	1.0
59393368	1.0
594141180	1.0
594183579	1.0
594191703	1.0
594365164	1.0
59470218	1.0
595659014	1.0
59596921	1.0
596528879	1.0
596733800	1.0
596805219	1.0
597485789	1.0
5983882	1.0
599449330	1.0
600505692	1.0
60113926	1.0
60150406	1.0
602449513	1.0
602767623	1.0
60305143	1.0
603141492	1.0
603660185	1.0
60514666	1.0
606013463	1.0
606280470	1.0
6067992	1.0
607274333	1.0
607507412	1.0
60787247	1.0
60927389	1.0
609304305	1.0
609446340	1.0
60984284	1.0
611168400	1.0
611987690	1.0
612135517	1.0
61218352	1.0
612308340	1.0
61243475	1.0
612933226	1.0
61342056	1.0
613515240	1.0
61422913	1.0
615965380	1.0
616400374	1.0
61661638	1.0
617530770	1.0
618228289	1.0
618862388	1.0
618912193	1.0
61932015	1.0
62110679	1.0
62135215	1.0
62155958	1.0
624413	1.0
624920658	1.0
625185937	1.0
626345722	1.0
626840066	1.0
627503488	1.0
627904397	1.0
632296843	1.0
633362990	1.0
633726320	1.0
635677960	1.0
636545451	1.0
64109894	1.0
64137761	1.0
64731945	1.0
65278254	1.0
65373133	1.0
65448361	1.0
6639492	1.0
66510605	1.0
66739237	1.0
67200995	1.0
67803007	1.0
68144782	1.0
68559732	1.0
69032114	1.0
69037542	1.0
69476342	1.0
6968182	1.0
69811729	1.0
70051695	1.0
702374942	1.0
704897486	1.0
705540042	1.0
706119139	1.0
707279864	1.0
70748534	1.0
708564527	1.0
709800862	1.0
709889718	1.0
711517168	1.0
712632668	1.0
713218818	1.0
714051110	1.0
714235303	1.0
715612315	1.0
716748698	1.0
71885806	1.0
718928220	1.0
719240839	1.0
720867367	1.0
72259507	1.0
7227662	1.0
724488420	1.0
725193884	1.0
725577499	1.0
726393	1.0
728700470	1.0
72892215	1.0
72907355	1.0
72928001	1.0
7309052	1.0
73105448	1.0
73194395	1.0
732429464	1.0
732759260	1.0
733661322	1.0
734215934	1.0
734289750	1.0
7344572	1.0
73545832	1.0
735643934	1.0
737539728	1.0
739405350	1.0
74003541	1.0
74104397	1.0
741147679	1.0
74311815	1.0
743163510	1.0
744181674	1.0
7459042	1.0
746282388	1.0
747125738	1.0
74720526	1.0
747994214	1.0
748366758	1.0
7517052	1.0
75434769	1.0
754485	1.0
755582	1.0
7556002	1.0
756228000	1.0
75630518	1.0
75718330	1.0
758588228	1.0
760195754	1.0
76593765	1.0
76607138	1.0
76921999	1.0
771629515	1.0
774494725	1.0
779088110	1.0
780138300	1.0
78166923	1.0
782030712	1.0
782812542	1.0
7836182	1.0
785515992	1.0
786065941	1.0
786405282	1.0
78644968	1.0
786497058	1.0
788333744	1.0
788416957	1.0
789885116	1.0
793655922	1.0
794705682	1.0
794815	1.0
795408560	1.0
8016272	1.0
801698222	1.0
80289311	1.0
803977459	1.0
805805178	1.0
80697114	1.0
808271712	1.0
808669694	1.0
812124192	1.0
818071	1.0
818081647	1.0
81964831	1.0
820110584	1.0
821949740	1.0
823440576	1.0
8250252	1.0
825286027	1.0
827637582	1.0
829428511	1.0
830896878	1.0
83096478	1.0
83123686	1.0
83372488	1.0
83816037	1.0
8391462	1.0
839644764	1.0
840700028	1.0
84115026	1.0
84165902	1.0
843010442	1.0
84365116	1.0
84402174	1.0
84437682	1.0
84735681	1.0
84996648	1.0
856180171	1.0
85735717	1.0
85879140	1.0
859984260	1.0
862369622	1.0
863145667	1.0
864172386	1.0
867148020	1.0
868379449	1.0
868590294	1.0
869478499	1.0
870543612	1.0
870818204	1.0
871277821	1.0
872549730	1.0
87365243	1.0
874438663	1.0
87822271	1.0
879711720	1.0
88007419	1.0
88055463	1.0
884306288	1.0
884600372	1.0
88547138	1.0
88601358	1.0
887743975	1.0
89225644	1.0
892343988	1.0
893636851	1.0
89482087	1.0
89854883	1.0
89991394	1.0
900470425	1.0
90164881	1.0
903932810	1.0
903946567	1.0
904039608	1.0
90439860	1.0
904968246	1.0
9071062	1.0
915037519	1.0
915720510	1.0
91809253	1.0
919131332	1.0
921617418	1.0
922108304	1.0
923347362	1.0
92390723	1.0
925858910	1.0
927629822	1.0
9287942	1.0
929083760	1.0
929178248	1.0
932502344	1.0
933545473	1.0
934095842	1.0
935242836	1.0
93532074	1.0
93723527	1.0
93903491	1.0
93913891	1.0
94172546	1.0
942186582	1.0
946313485	1.0
946555122	1.0
946957866	1.0
948361897	1.0
950517078	1.0
95107840	1.0
95863011	1.0
959426120	1.0
960484783	1.0
960735894	1.0
960834355	1.0
961797541	1.0
962744707	1.0
963123186	1.0
964372705	1.0
96566924	1.0
966726223	1.0
97479608	1.0
97729358	1.0
978671796	1.0
978767750	1.0
98158750	1.0
98439400	1.0
98483556	1.0
985406924	1.0
987773264	1.0
989	1.0
989459318	1.0
989657845	1.0
989690640	1.0
99129943	1.0
992017670	1.0
992182100	1.0
994223300	1.0
996051864	1.0
996069888	1.0
