3108351	67.75266
989	41.1745
624413	28.248232
14886375	26.645033
224180296	24.814524
14216123	23.129036
20402945	21.571012
14115408	19.68899
7517052	18.44598
19546277	18.22081
16370204	17.994621
202003	17.654358
28140646	17.215395
28137012	14.950266
818071	14.89216
18639734	14.519846
110755266	14.15521
44060322	13.684839
16732770	12.963927
271211220	12.755358
1347071545	12.650627
106498703	12.265143
19988458	12.204429
15281391	12.002532
26574283	11.713663
24927996	11.250236
28195764	10.634111
37718217	10.33561
7309052	10.25322
216798259	10.245376
16827489	9.871002
15754281	9.6838045
19380829	9.607766
61342056	9.317129
84402174	8.960056
23059499	8.932166
15485461	8.856641
24410456	8.817516
21328656	8.5154915
15296897	8.512338
48431093	8.408049
104952689	8.278556
5627542	8.101791
16746076	8.030762
549533958	7.8764033
201296379	7.7390594
2999752275	7.4263573
3017654325	7.385744
207435193	7.3810987
2999658401	7.3436723
2999804950	7.316733
33980532	7.2212114
468703129	7.0658426
109968678	7.0166936
726393	6.7770047
2999672518	6.6689467
80697114	6.631939
166041412	6.5986676
13471032	6.5137763
18812301	6.3372965
16359602	6.2680635
93723527	6.21367
19962813	6.167258
24227424	6.099825
19079480	6.0881257
475524030	6.0065966
18164662	5.925268
38053161	5.9039173
72928001	5.860823
562995991	5.830701
163537857	5.809294
545618159	5.673764
14445650	5.646923
108021761	5.6189313
30131061	5.574269
164425558	5.468134
204803220	5.2841353
338330795	5.2659984
53215424	5.215157
2334614718	5.099033
34939208	5.039206
314005753	4.9251204
633362990	4.923916
19898168	4.8968368
36992781	4.8440804
67200995	4.664764
1357903590	4.6047072
2197132710	4.5496473
2197099980	4.441258
73194395	4.4228177
72907355	4.3933973
84365116	4.346011
15065434	4.336447
289556231	4.2800407
780138300	4.2468944
23131068	4.220358
60113926	4.126734
7836182	4.100444
8016272	4.0951962
14126376	4.0489616
18952948	4.011848
105534413	3.9434495
112872946	3.8764167
166597717	3.831861
15971805	3.80084
18703437	3.7747283
194119290	3.7653942
430841130	3.7433877
1473023792	3.7388382
44078873	3.6382694
65448361	3.6207943
121158213	3.5673985
18719020	3.5564728
136842204	3.4902978
714051110	3.4568682
93913891	3.4379315
100024370	3.4323378
23434774	3.4120502
25827743	3.3880563
466333756	3.3725882
18706675	3.359394
262763182	3.3471313
38502647	3.2558098
17841130	3.1594625
29748372	3.1404772
302545862	3.094883
754485	3.052865
1275995714	3.0105085
1080306914	2.9668016
55561590	2.9375978
397230151	2.9144464
2837841	2.893292
42589787	2.8577847
2272207286	2.8520613
378208943	2.8064108
49605610	2.7955198
15073513	2.790163
1358146357	2.7798667
16515274	2.6890812
190298721	2.6488538
26447407	2.5010042
172836249	2.4702854
17790265	2.4220338
237591901	2.4180903
153561471	2.3883333
59393368	2.3828735
254280603	2.3696508
19098822	2.3649049
1665125166	2.3463492
28402887	2.3353395
137466464	2.208703
17991579	2.173571
19399038	2.1197662
22814481	2.0884066
381696140	2.0775027
31001654	2.0601213
194137231	2.0593123
24147760	2.052089
47247213	2.0454013
40045763	2.0009913
32674236	1.9995586
329838136	1.9762088
43130225	1.9716656
20525971	1.9086553
1544270486	1.8976983
26775476	1.8903146
254228322	1.8792076
218430551	1.8703047
18662353	1.8657087
20106796	1.8588552
1544392183	1.8572018
33747430	1.8460505
20345218	1.8450192
151603912	1.8357798
1687238450	1.8295223
603660185	1.816435
2888583159	1.785339
16847211	1.7806863
14933262	1.7796705
21045893	1.7723315
89225644	1.7695379
18617871	1.750044
212990172	1.7343382
17433343	1.7104623
1490980105	1.6770933
19790872	1.6694868
160298969	1.6492354
297848618	1.5983983
1656677178	1.5916811
1018083266	1.568175
20097362	1.5680473
23633168	1.563368
18944615	1.5626311
78644968	1.5586357
874438663	1.5502043
176168308	1.5353181
15823893	1.5330435
262652488	1.506631
106504911	1.5057853
517168840	1.4976882
2482710715	1.490557
1152105936	1.4835682
109200080	1.4740052
607507412	1.4684014
818081647	1.4138113
219329534	1.397219
29905710	1.3968612
18408384	1.3959953
197485346	1.3668889
370238655	1.3541349
36041084	1.3441489
24820841	1.3310242
413344125	1.3008682
314695175	1.3007212
255249826	1.2989049
2788398967	1.2941821
585934344	1.2891866
183972338	1.2813944
904039608	1.2772688
950517078	1.2756132
150094848	1.2646558
270430076	1.2581838
420117089	1.2511281
1499852552	1.2369835
175754840	1.2358593
15915391	1.2237006
508035271	1.2097373
1591805461	1.2054545
1596409050	1.2054545
442298073	1.1942039
1329243757	1.1862335
2524684585	1.1862113
2335870220	1.1600268
2274875012	1.1528085
373457750	1.1504122
19992655	1.1382387
16941166	1.1289084
14300178	1.1241782
23954327	1.1205459
16441758	1.1198952
41603960	1.1169811
260473647	1.1160958
485735637	1.1137142
52247328	1.113307
277618799	1.1123528
248836670	1.1113548
1698582715	1.0966332
1393603976	1.0805647
2888882327	1.0707858
21793923	1.0591786
2342591485	1.0547462
1372592071	1.0523055
223329689	1.0510678
37716108	1.0458403
60150406	1.0455186
962744707	1.0409776
146128105	1.0373957
37469211	1.0344882
725577499	1.0299159
1310354202	1.0292478
244677736	1.0286125
2748944294	1.0258093
98439400	1.0180225
2520719083	1.0179164
705540042	1.0135174
1045866258	1.0
2964354309	1.0
20715279	0.9949669
22681396	0.9879769
618228289	0.98654497
7227662	0.98028934
15171297	0.9769069
251633588	0.97687215
626345722	0.97380847
613515240	0.97057146
2676762737	0.96813023
2557515984	0.9507783
1423715634	0.9350092
1606801285	0.93297225
1653543163	0.93297225
521737922	0.93222797
581221150	0.9272383
16896007	0.9252768
373102216	0.9171995
2215937899	0.9143835
609304305	0.9030471
2426471287	0.9023669
62135215	0.89613503
2196092280	0.8943513
795408560	0.8914319
260380754	0.8897173
35411199	0.8897146
1277178181	0.886237
28918980	0.88318664
23929732	0.88225263
313888969	0.8809883
35643668	0.8678693
625185937	0.85765153
20331665	0.85499287
558755062	0.8468204
57849762	0.84657437
2825270328	0.8444796
23792255	0.84328836
36148700	0.8388824
214433021	0.83546937
14902429	0.8344859
61932015	0.83300155
118331219	0.8236317
30290778	0.8170521
1328994019	0.80965394
263333330	0.79962814
423888869	0.79947793
20109018	0.79729986
34255540	0.7940568
26849804	0.7916988
559118898	0.7909406
511970896	0.788337
26012309	0.7878541
616400374	0.7813525
28769199	0.77964133
498166332	0.7708817
788333744	0.76849806
383951841	0.7665294
247946309	0.7569998
17614702	0.74993956
16755855	0.74544734
3005559517	0.74534065
52126417	0.74038756
2439000217	0.7374115
512525774	0.72041476
263276880	0.716943
254232727	0.7128803
2533224018	0.71180797
2796938558	0.7103032
2456850254	0.710099
1209595398	0.7077585
46423945	0.70632255
591335059	0.70391667
18451147	0.6995407
390896189	0.6961397
2968256134	0.69535005
32772630	0.69436806
869478499	0.6874844
992182100	0.6866481
2432811	0.68227077
11308402	0.67948455
1970148032	0.6788879
1599977917	0.67438173
1141627460	0.67096555
31064165	0.66855013
29017307	0.66845775
14236800	0.66810477
251277277	0.6664163
1439915048	0.6503846
20557393	0.64650047
2927015864	0.64276373
1923159170	0.63368887
1246096020	0.63313496
69037542	0.6302067
2802272246	0.6259178
383077253	0.62073445
904968246	0.6204387
966726223	0.6105252
1141384256	0.6105031
1416078199	0.6096258
18574762	0.6096258
140641561	0.6088813
22060190	0.60787207
26692163	0.60787207
27914530	0.60787207
3050034435	0.60554075
55896064	0.60455894
162060435	0.6042161
2434397022	0.60345805
16877220	0.6027702
119364024	0.599548
234155392	0.5941502
299413616	0.5922885
6968182	0.58935356
294053762	0.58752173
14104848	0.5831062
267813460	0.5812377
192583349	0.5809431
1648983258	0.5802634
929083760	0.5799558
489022370	0.57588243
16080467	0.5679035
3101996487	0.5677259
367235898	0.56761837
459708890	0.5671164
2249186018	0.5596711
391815569	0.5592546
283012565	0.55887324
461607890	0.5574243
432726108	0.5559552
1017605156	0.5507478
1345565334	0.5507478
195412616	0.5507478
2180024416	0.5507478
2659386019	0.5507478
2966470797	0.5507478
716748698	0.5507478
61661638	0.5465914
383927121	0.5452193
2964569193	0.5417121
1969594849	0.5409999
471121755	0.53949934
1408233085	0.53899914
102325185	0.538779
486468358	0.5386039
1871450522	0.5377008
200528348	0.5353607
116816715	0.5347572
259094582	0.5343765
1694722513	0.52862394
1691951420	0.5280411
612135517	0.52656364
2355225980	0.5258547
540346883	0.52559495
1281072037	0.5252187
378010498	0.5225758
436707351	0.52232325
2600389056	0.519533
74104397	0.51770484
28719308	0.51722825
3013702747	0.51614213
235648313	0.51400083
364514620	0.5126648
10381282	0.5126549
18145347	0.510301
32022683	0.5101459
105491141	0.50738883
22984882	0.50605303
246134345	0.5034987
15808534	0.501423
2830318542	0.5013379
94172546	0.49948516
30788083	0.49918768
1253312389	0.49803245
22127731	0.49671417
284462046	0.49671417
36761914	0.4951421
2801334731	0.4942522
14571012	0.4941891
1638493381	0.49347407
154535828	0.49028182
2717697042	0.4876901
528770977	0.48759383
1537838155	0.48608974
2221772324	0.48608974
1225981051	0.4841689
367337523	0.4832995
300875086	0.48277646
2508583806	0.48156556
1969645939	0.48102733
414600500	0.4803509
217011425	0.4798759
1135299488	0.47809422
562817303	0.47807026
961797541	0.47771993
782030712	0.4724134
38308188	0.47232604
23665498	0.47197264
594183579	0.46949106
185310946	0.46936843
2273872578	0.46806684
56789832	0.46781802
1244393550	0.46731922
599449330	0.46731353
1488838998	0.46626377
11864732	0.465125
2788588083	0.46356574
1167632820	0.462854
131609773	0.4608057
71885806	0.4603988
414904961	0.45959678
30694719	0.4590546
393797909	0.45892006
15264378	0.45881099
591380208	0.45766434
2363914387	0.4575301
342455473	0.45750877
36102165	0.45701462
57936659	0.45598975
236518570	0.45536903
960484783	0.45526427
2210915965	0.45446205
64109894	0.4532725
2204135624	0.45200986
713218818	0.45186335
57715740	0.45173568
39546678	0.450212
2136001	0.4498104
184754553	0.4493703
19619569	0.44803497
1354252658	0.4458867
2251045586	0.44234875
2458259958	0.4421524
879711720	0.4402654
68559732	0.43993136
732429464	0.4394119
1640681918	0.43889573
1969581715	0.43852735
2505558983	0.43831834
1672120591	0.43775484
40586737	0.43754706
1520072330	0.43592903
17913	0.43574962
2335651058	0.43520787
402489347	0.43492317
1969472353	0.43444222
2839335324	0.43444222
327141478	0.43444222
34194902	0.43444222
1245579715	0.43408343
2805464460	0.43301597
89854883	0.4307502
161340273	0.4298762
19485664	0.428487
387846089	0.4279133
13518162	0.42780676
600505692	0.4261496
2368238768	0.42555514
231164809	0.42155802
62110679	0.42148608
1912519352	0.41947672
145717389	0.4193373
12114462	0.4179128
2495542669	0.41788763
1571165700	0.41768494
2214818162	0.4174036
1263567842	0.41666445
2852922675	0.41463548
27022640	0.4143197
2395258519	0.41425413
22078711	0.41406885
16995129	0.41344672
3044159284	0.41235703
135255258	0.41221857
2459430642	0.4111957
180111748	0.4107295
2527494464	0.4101353
272357654	0.40989536
3100250551	0.4089079
381872892	0.4070138
1959888277	0.4061128
2344531388	0.40591925
2646506552	0.40515912
1969334461	0.40499994
524732173	0.40348354
1395076646	0.40268144
636545451	0.39791527
602449513	0.39732713
2391736411	0.3967818
439530635	0.396612
1563410299	0.3961203
903946567	0.39547378
728700470	0.39329994
76921999	0.39160085
348642818	0.39041266
1924312855	0.389942
425935315	0.3892399
69476342	0.3882041
2800874294	0.38718688
387173889	0.38691282
279585313	0.38540357
374654908	0.3839919
2933447393	0.3835268
463162523	0.38237458
2732425088	0.38236699
18586789	0.38209265
15618009	0.38108408
60514666	0.380221
239927143	0.38016197
863145667	0.37858677
14877483	0.37814096
1664138053	0.37763768
561742581	0.3774385
1622411040	0.37743014
934095842	0.37724558
20596865	0.37683836
570154956	0.37677643
44782357	0.37622297
49663205	0.37507522
1620686150	0.37494606
168161721	0.37272298
56585069	0.37259793
16320734	0.37214538
449967071	0.37214538
2918042792	0.3713827
2951708250	0.3713827
734215934	0.3713827
1259906438	0.3696401
1656315872	0.368509
370291744	0.36644706
1001192245	0.36641878
2964290666	0.36553234
111403130	0.36181313
49138823	0.36106253
48185277	0.36037338
229278838	0.35910428
75630518	0.3590172
171919007	0.35691804
2181326676	0.35655308
712632668	0.35554093
760195754	0.35506207
2880143019	0.3543682
868379449	0.35400707
525839377	0.35303944
205822782	0.35206425
23040137	0.3514345
468758663	0.35050666
322963627	0.35024965
255319156	0.34870547
2704548373	0.34674639
2484513824	0.3466248
15172738	0.34642774
935242836	0.34532106
615965380	0.34506273
425917134	0.34495303
1377472224	0.34429634
2777610638	0.34365532
2567518027	0.34352466
2208541680	0.34330872
400784846	0.342503
43123567	0.34245008
492648022	0.34225193
755582	0.3419761
445291350	0.34139925
19658091	0.34129864
15024696	0.3410892
2497045194	0.3408724
19270995	0.33943295
23761139	0.3389976
125210248	0.33886057
17004794	0.33867273
1510153513	0.33806825
2259177605	0.33799824
1373083340	0.33755517
19220698	0.33670676
386770863	0.33625507
37238868	0.33618194
83372488	0.33614388
322650695	0.3359228
437407245	0.3358888
310351303	0.33555114
386787305	0.33546966
18958504	0.33535707
737539728	0.33486277
1970190690	0.33463794
2975074412	0.33463794
2993410394	0.33463794
36741197	0.33463794
46653996	0.33463794
233566392	0.3335932
102055261	0.33303386
2823763911	0.33303386
14744629	0.33269107
2461556142	0.33050093
488584876	0.33018392
3059703112	0.32962608
533972176	0.32714552
1398262381	0.32698542
1666651962	0.326208
594191703	0.32599568
2249884134	0.32534626
582689833	0.32433623
22813422	0.32367304
1345998098	0.3224837
2429060390	0.3218866
16679841	0.32055253
2181334776	0.3199261
45369946	0.3198892
732759260	0.3198892
516096222	0.3198008
579962917	0.31886876
1317108294	0.3181188
2875909930	0.3179794
322090544	0.3164308
1954730264	0.3163513
633726320	0.31547594
90439860	0.31540862
2262239565	0.31446874
472072419	0.31441662
741147679	0.31433448
2273862972	0.31406057
397838909	0.3138222
168744961	0.31378633
1241963102	0.31330842
1923879936	0.31278718
97729358	0.31222308
2440894303	0.3120315
21679494	0.31127942
1475745116	0.31126234
2792041422	0.31095606
3079105451	0.31082344
123125462	0.31011054
376367767	0.30837244
5983882	0.3079279
113490594	0.30757946
490808118	0.30746126
2788047050	0.30704838
2538578097	0.3069628
103245828	0.30609643
1121028973	0.3056882
48041449	0.30544478
557783735	0.30522254
2456431090	0.30504978
594141180	0.30395162
83096478	0.30386072
1705758318	0.3036297
825286027	0.30328745
18455693	0.30326653
26582193	0.30159575
2452122962	0.30115393
1409168863	0.30051702
544484168	0.2991007
2928995946	0.2979651
310100383	0.29783866
16503449	0.29759303
1411796617	0.29735482
946555122	0.2973165
1375105020	0.29724205
946957866	0.29671752
1020182690	0.2965141
1562679368	0.29618937
2358687824	0.29594472
518954841	0.2958519
49216749	0.2957201
2741655314	0.29404405
43259506	0.29404148
69032114	0.2939915
596805219	0.29390067
2181357950	0.29311877
424383	0.2925291
624920658	0.29247463
2643714854	0.2918536
1025411929	0.29130775
15240491	0.29099745
2956204705	0.29060617
2464284763	0.29055008
33326654	0.29035395
302349992	0.29026473
2864193298	0.2900823
2889234656	0.2895173
1161369558	0.28951257
2195055925	0.28904557
985406924	0.2889214
1708603771	0.2887923
2769736419	0.2883861
1390377960	0.2881325
2540665153	0.2877465
3016858651	0.2844623
2269536694	0.28445196
17378574	0.28367156
30940468	0.28355223
222187111	0.28284132
1163696714	0.28279
252126968	0.28164113
60787247	0.28156126
1134484321	0.28132445
88055463	0.28131837
30113280	0.27969134
2875715945	0.27939573
1924310023	0.2788974
960834355	0.27840954
2613531324	0.27796137
23093161	0.2779565
887743975	0.27751607
39384997	0.2775153
19987048	0.27749997
2372479135	0.27749997
2412858253	0.27749997
2483547450	0.27749997
2963213863	0.27749997
3019533199	0.27749997
479556811	0.27749997
592497932	0.27749997
635677960	0.27749997
276334529	0.2773937
29231725	0.27725494
2370520826	0.2763253
1071376531	0.2763238
2778809762	0.27530268
447289978	0.274843
20715638	0.27472445
113280990	0.2747227
1412062452	0.27310076
3091884801	0.27280745
3091880403	0.27264258
747994214	0.27250355
2150927341	0.27234882
23249152	0.2721912
45898191	0.27145034
15176117	0.27009094
14380496	0.26969278
41537564	0.26884207
213315220	0.26869214
2720144785	0.2683603
15440121	0.26827058
10407132	0.26798752
1467412392	0.2671132
596733800	0.26665685
595659014	0.26637337
385898501	0.26625943
232503690	0.26621428
2349917270	0.26588258
2319599660	0.26573136
2275658568	0.26557392
234956680	0.26530987
1978314900	0.26512206
2429587027	0.26485336
2181346825	0.2645063
19627971	0.26370797
31057364	0.2636965
243618345	0.26349634
1700112116	0.26214802
2150696418	0.26147217
213118052	0.26101068
2405341116	0.26035765
1549642243	0.2598817
626840066	0.25977507
2570233256	0.25967902
2657436853	0.259523
964372705	0.25948295
110277416	0.25808024
406289145	0.25808018
486112997	0.25783107
463861175	0.2572615
2283469135	0.25725797
2400480938	0.25626403
226828258	0.255634
315306053	0.2555755
367842499	0.25484556
2483093335	0.25468814
12910082	0.2546753
870818204	0.25466275
137061901	0.25435653
275099779	0.25423238
2841194833	0.25398678
2942740044	0.25356746
2954810418	0.25356746
2975461172	0.25356746
3014806173	0.2535166
960735894	0.2529242
2715475950	0.25280324
14303901	0.25250202
1516468766	0.2524014
2754857585	0.25210467
34234183	0.2519192
2728466411	0.2518892
2447967798	0.2517541
25978996	0.25174624
427465564	0.25172576
128001460	0.25145462
2968210600	0.25145298
405002095	0.25135526
56683226	0.25092995
128686166	0.2503689
1970127890	0.24987496
2962374628	0.24973196
2911648575	0.24946418
328040224	0.24946418
946313485	0.24914575
2312902755	0.24840555
3045408737	0.24787606
529639414	0.24785562
2447351600	0.24705529
2772167606	0.24700838
2258122448	0.24634054
29927236	0.24498928
2319600132	0.24458948
148873469	0.24451607
2945111705	0.24432263
15910793	0.24387208
2361616610	0.24387208
2649921242	0.243857
84735681	0.24346277
24378311	0.24328971
2254032159	0.24314281
90164881	0.24301276
2186813068	0.24296822
374845889	0.242654
2774665938	0.24260578
345778482	0.24218222
40012474	0.24217206
2421279036	0.24215218
1120403850	0.24201593
2956515536	0.24201593
1020104557	0.24149257
2900775492	0.24122804
14138486	0.24073148
3020844178	0.23981777
1601683238	0.23934752
2737924896	0.23934752
2343953910	0.23926899
327267437	0.23912165
456957462	0.23912165
110581612	0.23901919
1485383263	0.23891771
241241262	0.23864573
539426021	0.23864573
2889858040	0.23819599
1095416683	0.23769031
20704858	0.23758084
498631199	0.23756517
428971031	0.23755887
2243075472	0.23706679
2181373892	0.2367528
302772765	0.2365329
2305339123	0.23623507
959426120	0.23613785
15434232	0.2360766
2341445778	0.23603101
2523375564	0.23578912
989657845	0.2357293
151855227	0.23567374
2494330219	0.23563662
820110584	0.23533343
201221109	0.23533216
3051035051	0.23508519
1969622058	0.23499997
139331458	0.23441765
101876637	0.23430945
3109017077	0.23430945
812124192	0.23430945
337267500	0.23411708
2580713054	0.2335839
1581782214	0.23357272
513934863	0.23339447
93903491	0.23138511
884306288	0.22969043
243728710	0.22961324
2796815872	0.22953048
3052830904	0.2293612
779088110	0.2293432
418104982	0.2292284
472659133	0.2292059
3066075088	0.22916046
1898319336	0.22895646
302906876	0.2286977
431978499	0.22864616
2818198537	0.2282125
30012714	0.22813232
2195543761	0.22757694
31800110	0.2275496
1979190776	0.22745357
14262411	0.22741063
706119139	0.22737338
286427074	0.22659758
1952436260	0.22645298
403076729	0.22623825
35480744	0.22621766
2559031353	0.22598317
2813708366	0.22555387
38419159	0.22545877
247609940	0.22537774
1581970429	0.22484986
3010725104	0.22459254
158226516	0.22452913
2548034736	0.22447401
2432351047	0.22427201
321692995	0.2236679
1349856667	0.22316827
186557997	0.22313063
2178734696	0.22295526
3016942783	0.22281805
2792802479	0.22273271
3071556705	0.22218345
2893134987	0.22213843
104494091	0.22196794
20523540	0.22196794
24210676	0.22191231
95863011	0.22177711
195976126	0.22133869
59035579	0.22131687
2178716968	0.2213048
2361133573	0.22120655
1953776653	0.22120401
36460987	0.22104049
60305143	0.22103629
933545473	0.22059551
98158750	0.22033052
22475801	0.22022694
240078196	0.2201224
2926070175	0.21949774
264624088	0.21911512
2860901462	0.21909758
2405378612	0.21892329
125550812	0.2188536
17854610	0.21872632
1621323433	0.21839279
2851185024	0.21811152
125187717	0.21807554
1370761	0.21802106
167862711	0.21761864
2474163163	0.21761864
611987690	0.21761864
74003541	0.21761864
771629515	0.21761864
68144782	0.2167162
7556002	0.21636508
231582881	0.21591839
559248092	0.21574119
61422913	0.21547404
2575097197	0.2154029
43898598	0.2152821
324995389	0.21519181
16036941	0.21488875
16829397	0.21488875
85735717	0.21488875
1286058860	0.21440667
2383861202	0.21408387
225693975	0.2140365
1962132428	0.21401808
155579691	0.21386412
163372919	0.21374997
20945895	0.21374997
312681971	0.21374997
2773951369	0.21364829
129078741	0.21362467
1011339350	0.21349937
1137633156	0.21345036
989690640	0.21306953
1847302273	0.21243767
243544358	0.2123732
15415642	0.212325
2987537122	0.21207719
15885463	0.21206318
733661322	0.21201931
24469862	0.21196611
2169254353	0.21194285
2752140987	0.2116124
360462212	0.21140851
2614480104	0.21139282
20217939	0.21138747
57333974	0.21123229
478908867	0.21121368
2715894908	0.21118587
363745852	0.21090989
2590679485	0.21077794
385113243	0.21077222
427529204	0.21047631
123174284	0.21044871
2818012008	0.21026646
2752150528	0.21021898
2401925442	0.21018887
241205239	0.20995724
704897486	0.20968738
154679572	0.2093023
276679058	0.2093023
47178373	0.20930059
2385944899	0.20855123
189250472	0.20839871
1610934914	0.20825168
1362645332	0.20738456
839644764	0.20738456
197729131	0.20701021
3009542394	0.20701021
1388848657	0.20673081
3024469669	0.20650053
108938404	0.20634094
113539090	0.20634094
115356776	0.20634094
12421722	0.20634094
124508864	0.20634094
1345862960	0.20634094
16562217	0.20634094
166341743	0.20634094
17127246	0.20634094
18157947	0.20634094
1867474032	0.20634094
20149508	0.20634094
20630174	0.20634094
2152612894	0.20634094
21549682	0.20634094
22064251	0.20634094
2257365318	0.20634094
2347049569	0.20634094
235305860	0.20634094
2385964938	0.20634094
2435931235	0.20634094
2463065714	0.20634094
254908062	0.20634094
2819036114	0.20634094
29690957	0.20634094
3053524936	0.20634094
310437728	0.20634094
310611950	0.20634094
420649483	0.20634094
42684729	0.20634094
54627563	0.20634094
61218352	0.20634094
62155958	0.20634094
73545832	0.20634094
75718330	0.20634094
76607138	0.20634094
794815	0.20634094
81964831	0.20634094
8391462	0.20634094
16694229	0.20601651
2422703600	0.20472394
2773572122	0.20462106
2570479190	0.20452054
2752524304	0.20435436
49724103	0.20365596
2405169193	0.20354074
20114738	0.20293646
101823764	0.2021496
136393773	0.20210111
1137292440	0.20202348
2267964218	0.20182335
39466932	0.20169595
485844722	0.2014024
2966970892	0.20134342
25828514	0.20132217
287966215	0.20081095
26382961	0.20073217
3006855485	0.20073217
133056605	0.20064954
1906311631	0.19946271
2173352892	0.19942513
8250252	0.19938055
2301302630	0.1991666
567452784	0.19885647
182879608	0.19844678
2609555142	0.19818814
948361897	0.19805759
2821217758	0.1980461
373773598	0.19766593
2433237991	0.19762094
100987579	0.19679834
537128946	0.19628014
23214029	0.19515169
2942356560	0.19502527
549657836	0.1946481
987773264	0.19386128
735643934	0.19343069
2282347955	0.19338638
2585209226	0.19334656
2579477766	0.19320959
1969320008	0.19249997
1969708788	0.19249997
1970070775	0.19249997
14305287	0.19237742
2750381484	0.19234261
405289917	0.19230346
2409150423	0.19219604
2764739508	0.19211724
617530770	0.1917733
1735835706	0.19170634
3084444185	0.19170634
38964336	0.19119577
2957793492	0.19115049
477600738	0.19108306
20558203	0.19088587
2385851994	0.1908412
2561724956	0.19082502
2908494810	0.19078717
575576964	0.19073695
26067145	0.19038555
7459042	0.19013335
1118815166	0.1900102
1407559375	0.18957284
2758896709	0.18957284
529012701	0.18957284
724488420	0.18957284
793655922	0.18945268
153871260	0.18923867
1669934971	0.189146
3017626887	0.1888668
2319325904	0.18878503
1019950250	0.18819538
479757960	0.18810134
23006271	0.18768814
2447901655	0.18768142
2755279513	0.1872334
2753470001	0.18706869
2967682878	0.18700701
2802620730	0.18690872
2828210702	0.18676183
2912072247	0.18626004
2317824278	0.18606567
2554107798	0.18598968
3028535478	0.18565202
37210226	0.1854867
14318277	0.18513948
2350920446	0.18485187
2888729354	0.18461275
829428511	0.18392722
996051864	0.1837434
1936223040	0.18314557
2207733494	0.18310411
2827442674	0.18299986
2778901544	0.18299924
1208731411	0.18279204
2212454553	0.18279204
370662547	0.18279204
1405464818	0.18241152
1498421575	0.18241152
1523656400	0.18241152
1976239567	0.18241152
2290987148	0.18241152
2476919087	0.18241152
2948534035	0.18241152
2979296118	0.18241152
2757042696	0.18238172
1317763201	0.18230475
16033537	0.18230475
2371387338	0.18230475
58290199	0.18230475
2342215530	0.18210733
2920257085	0.18188767
27223236	0.18173173
35420682	0.18171847
25959084	0.18154442
1286073350	0.18110308
1411402069	0.18106109
2233924628	0.18090126
2739044695	0.18051651
2363261797	0.18042243
179054279	0.18027706
19358428	0.18027706
2177764470	0.18027706
2895978157	0.18027706
390381898	0.18027706
88601358	0.18027706
978671796	0.18027706
919131332	0.17961691
2795789015	0.1791584
2686999627	0.1791459
2872180681	0.17902875
2990706009	0.17885055
484773756	0.17869408
28176903	0.178262
2607663110	0.17817114
996069888	0.17802224
204098062	0.17799807
312664499	0.1775921
2564014766	0.17756665
2534761215	0.17754827
218332217	0.17742728
3029090631	0.17741697
29955111	0.177307
2249339168	0.17724861
609446340	0.17701752
2863581578	0.17696166
2743641378	0.17644069
1289086184	0.1762883
1039081430	0.17628275
2181281054	0.1761953
46161469	0.17611949
2752129684	0.17611712
3062071730	0.17597127
1228915560	0.17567106
313678941	0.17551376
1378065150	0.17549998
2703959670	0.17549998
473009879	0.17549998
27383854	0.17539978
2997202992	0.17537902
2585826031	0.1745026
116977290	0.17444222
1457207868	0.17418617
1693275121	0.17418617
2236817017	0.1740388
2263437272	0.17395219
83816037	0.17379817
141258604	0.17376468
1692174140	0.17314644
214321318	0.17292327
2850016123	0.17235759
2356524462	0.17232008
2344619544	0.17202424
216865166	0.17137708
80289311	0.17124997
2251233938	0.17123596
316527293	0.17123596
432089037	0.17123596
2778774512	0.17092425
2412796920	0.17046602
3016371735	0.17011033
2525892205	0.17004982
72892215	0.16986604
2351828280	0.16984333
1471665404	0.16971326
28149588	0.16947584
546213528	0.16913432
3041863823	0.1689782
373975228	0.1688994
2918110749	0.16830027
627904397	0.16818815
788416957	0.16795357
2920258887	0.16791302
259854532	0.16778961
1280712284	0.16775542
786405282	0.16771327
1214566958	0.16755737
27692923	0.16715793
479193641	0.16711344
2197116199	0.16708353
142816837	0.16689311
140262347	0.16681322
718928220	0.16670607
1301244769	0.16654405
1431661122	0.16654405
19899344	0.16654405
2955551567	0.16654405
475274420	0.16654405
59596921	0.16654405
211797887	0.16647114
282599080	0.16647114
381224814	0.16647114
1287510536	0.16645105
546339648	0.16635123
434585175	0.16607222
30597770	0.16595162
992017670	0.16585056
216873394	0.16582152
314468797	0.16582152
942186582	0.16582152
84437682	0.1655748
612933226	0.16557364
1648349564	0.16554515
335272177	0.16554515
1560440960	0.16490974
225758803	0.16490316
2341281566	0.1646501
266453149	0.16459467
1950172806	0.16457094
376753833	0.16434671
3051829922	0.16421282
3040956619	0.16420329
532029122	0.16400516
53584956	0.16400516
593342422	0.16400516
284946253	0.16371965
529167074	0.16338168
2365373972	0.16313756
541894173	0.16313756
2773001652	0.16288716
1557751686	0.16286433
249267611	0.16286433
743163510	0.16275653
108685618	0.16269946
1155111728	0.16258232
1183310281	0.16258232
1409535590	0.16258232
152423527	0.16258232
2169598345	0.16258232
22427857	0.16258232
2362771794	0.16258232
239080208	0.16258232
2742137299	0.16258232
28923371	0.16258232
323092381	0.16258232
377755817	0.16258232
871277821	0.16258232
385424999	0.16238534
2783314897	0.16234855
246138191	0.16177055
386128194	0.16177055
84165902	0.16177055
115545055	0.16173232
1449251635	0.16173232
2804870168	0.16173232
195368080	0.16166504
450610574	0.16166504
3112422220	0.16145515
2344420430	0.16128096
1967832475	0.16112469
136447449	0.16103436
13971722	0.16103436
2273664823	0.16074142
2849030764	0.16056411
376815325	0.16056411
596528879	0.16056411
2765603292	0.16051793
2385812455	0.16031714
2981182130	0.1600241
801698222	0.15984182
808669694	0.15965725
2342763212	0.15942027
2867531362	0.15925996
632296843	0.15923168
2370604700	0.15910345
3065668404	0.15885085
597485789	0.15885085
2701436990	0.15884289
1616185404	0.15860736
2930175764	0.15852727
2348716116	0.1584871
2881595931	0.15848629
226233457	0.1582954
147300191	0.15799558
17670919	0.15796873
2527694118	0.15786348
2453586834	0.15775861
2799908841	0.15775861
994223300	0.15763155
433543251	0.15719648
2877539236	0.15705979
110147594	0.1567961
1694447893	0.15631236
286006788	0.15628652
284175705	0.15618376
2773514064	0.1558891
39572320	0.1550465
508168526	0.15429392
3009819962	0.15376888
2343018775	0.15320343
2447928920	0.15320343
369535157	0.15320343
74720526	0.15320343
2694667118	0.15320262
1257970358	0.1529628
2950905753	0.1529628
1304634055	0.15232082
2724566275	0.15232082
1945317565	0.15221027
303569678	0.15221027
1011471247	0.14999998
101832073	0.14999998
102197266	0.14999998
1025112938	0.14999998
102710585	0.14999998
103967533	0.14999998
105252513	0.14999998
1056667404	0.14999998
105726371	0.14999998
1059676711	0.14999998
1066585430	0.14999998
1066765934	0.14999998
1067178060	0.14999998
1069208857	0.14999998
107321598	0.14999998
1075187563	0.14999998
1076775373	0.14999998
1083958579	0.14999998
1087562863	0.14999998
1094190007	0.14999998
1112189234	0.14999998
1113983916	0.14999998
1114443139	0.14999998
111449904	0.14999998
111718011	0.14999998
112298996	0.14999998
113213802	0.14999998
1134114714	0.14999998
1134301754	0.14999998
113785888	0.14999998
113826929	0.14999998
113950052	0.14999998
114633761	0.14999998
116665584	0.14999998
1167955920	0.14999998
117248779	0.14999998
117857704	0.14999998
1183993172	0.14999998
118862957	0.14999998
1196838541	0.14999998
119751785	0.14999998
120653578	0.14999998
1209338426	0.14999998
1209568855	0.14999998
1209867661	0.14999998
1212204733	0.14999998
1220203801	0.14999998
122058762	0.14999998
1225624538	0.14999998
122866819	0.14999998
123077479	0.14999998
123623227	0.14999998
123984337	0.14999998
1242107881	0.14999998
12442612	0.14999998
1263284131	0.14999998
126391002	0.14999998
12649962	0.14999998
1266345439	0.14999998
126687829	0.14999998
1272331855	0.14999998
128049067	0.14999998
128059999	0.14999998
1283362860	0.14999998
1291900087	0.14999998
1298192462	0.14999998
1298935814	0.14999998
1306593290	0.14999998
1308820824	0.14999998
1308823261	0.14999998
1311348206	0.14999998
1315790101	0.14999998
1321061874	0.14999998
132243158	0.14999998
1326035881	0.14999998
133940825	0.14999998
1347661646	0.14999998
1357342237	0.14999998
1357990153	0.14999998
1363944108	0.14999998
1369248408	0.14999998
1373505554	0.14999998
13756432	0.14999998
1376778474	0.14999998
1381166982	0.14999998
13849232	0.14999998
138858322	0.14999998
140003873	0.14999998
140104740	0.14999998
140330382	0.14999998
140577612	0.14999998
1406780046	0.14999998
140731497	0.14999998
141202555	0.14999998
141605349	0.14999998
141690678	0.14999998
142333812	0.14999998
14252369	0.14999998
142788662	0.14999998
1429269132	0.14999998
1430670998	0.14999998
14328405	0.14999998
14348618	0.14999998
1440222691	0.14999998
144575680	0.14999998
1451772409	0.14999998
14630872	0.14999998
146451331	0.14999998
1468083559	0.14999998
146875176	0.14999998
14724145	0.14999998
14813450	0.14999998
14855210	0.14999998
1496306796	0.14999998
149686635	0.14999998
1499258754	0.14999998
150830726	0.14999998
151041267	0.14999998
151161683	0.14999998
15130443	0.14999998
151526191	0.14999998
1516478972	0.14999998
152378571	0.14999998
1530816642	0.14999998
1534106538	0.14999998
1543611781	0.14999998
1544042413	0.14999998
1546222940	0.14999998
15526966	0.14999998
1552733136	0.14999998
1553871637	0.14999998
156223650	0.14999998
15633323	0.14999998
1577148733	0.14999998
1579371308	0.14999998
1582829107	0.14999998
15890906	0.14999998
1589889950	0.14999998
1597968769	0.14999998
1602169296	0.14999998
1602512792	0.14999998
160720531	0.14999998
1609923331	0.14999998
161812042	0.14999998
1621763400	0.14999998
162323465	0.14999998
1623315883	0.14999998
1625134838	0.14999998
1637177462	0.14999998
163903064	0.14999998
1646402473	0.14999998
16495607	0.14999998
165118788	0.14999998
1651781654	0.14999998
1652307498	0.14999998
16581406	0.14999998
1662781962	0.14999998
16656621	0.14999998
1670408892	0.14999998
1689307574	0.14999998
1689732626	0.14999998
1695255908	0.14999998
170377243	0.14999998
1705138098	0.14999998
1706003725	0.14999998
1707757340	0.14999998
17184621	0.14999998
17229184	0.14999998
172981519	0.14999998
17365470	0.14999998
174090771	0.14999998
174333656	0.14999998
17448440	0.14999998
17593128	0.14999998
17677716	0.14999998
176824779	0.14999998
176997190	0.14999998
17750507	0.14999998
17905363	0.14999998
179566530	0.14999998
182311852	0.14999998
18255548	0.14999998
18296983	0.14999998
18476447	0.14999998
185300641	0.14999998
1855357848	0.14999998
186882221	0.14999998
18707726	0.14999998
18803064	0.14999998
1891949672	0.14999998
1900454750	0.14999998
19012972	0.14999998
190217477	0.14999998
191028339	0.14999998
19109421	0.14999998
1912269505	0.14999998
1917790189	0.14999998
1921730372	0.14999998
192640294	0.14999998
1930762644	0.14999998
19321612	0.14999998
193323937	0.14999998
193370107	0.14999998
1936251463	0.14999998
1944448274	0.14999998
1944646057	0.14999998
19462442	0.14999998
1949701902	0.14999998
1953540097	0.14999998
196335298	0.14999998
1969470044	0.14999998
1969538022	0.14999998
1969627746	0.14999998
1969679156	0.14999998
1969742863	0.14999998
1969754725	0.14999998
1969826696	0.14999998
1970221123	0.14999998
1973892090	0.14999998
19744509	0.14999998
197451883	0.14999998
19830342	0.14999998
19833987	0.14999998
19970105	0.14999998
20005393	0.14999998
20321220	0.14999998
20484064	0.14999998
20604418	0.14999998
20725359	0.14999998
21019674	0.14999998
210818233	0.14999998
211283915	0.14999998
213358539	0.14999998
213760897	0.14999998
21428264	0.14999998
214291146	0.14999998
214319039	0.14999998
2150359365	0.14999998
2151341514	0.14999998
21543577	0.14999998
2155204255	0.14999998
21569312	0.14999998
215851158	0.14999998
2162520717	0.14999998
2167416379	0.14999998
2167926223	0.14999998
21681001	0.14999998
2170008241	0.14999998
2170018283	0.14999998
217711375	0.14999998
2178611209	0.14999998
2181143239	0.14999998
218644989	0.14999998
2191044698	0.14999998
2191906089	0.14999998
2192068413	0.14999998
2192665300	0.14999998
2192832680	0.14999998
2199139605	0.14999998
2202116136	0.14999998
2203288712	0.14999998
2206164312	0.14999998
2206306496	0.14999998
2207480136	0.14999998
2209060659	0.14999998
2209523333	0.14999998
220991973	0.14999998
2210594991	0.14999998
2212200286	0.14999998
2212378326	0.14999998
2212433045	0.14999998
2212891281	0.14999998
2214746002	0.14999998
2219539538	0.14999998
2228950141	0.14999998
22316757	0.14999998
2238154415	0.14999998
223861087	0.14999998
22405827	0.14999998
2242816832	0.14999998
2243124111	0.14999998
2249428661	0.14999998
225996742	0.14999998
2261734772	0.14999998
22623528	0.14999998
226307794	0.14999998
22665063	0.14999998
2268102895	0.14999998
2270677056	0.14999998
2270679282	0.14999998
2270789972	0.14999998
2271848838	0.14999998
2273216286	0.14999998
228174387	0.14999998
2284446141	0.14999998
2286451110	0.14999998
2292474146	0.14999998
2297325180	0.14999998
2298030908	0.14999998
2298608738	0.14999998
2302159185	0.14999998
2305466028	0.14999998
231240522	0.14999998
2316415059	0.14999998
2318831435	0.14999998
23209819	0.14999998
2325963542	0.14999998
232633486	0.14999998
2333778359	0.14999998
2334410965	0.14999998
2340751033	0.14999998
2343755413	0.14999998
2344521145	0.14999998
234455992	0.14999998
235261080	0.14999998
2352850994	0.14999998
2355018890	0.14999998
2356802040	0.14999998
2359835198	0.14999998
23607612	0.14999998
2363388900	0.14999998
236704986	0.14999998
2370232028	0.14999998
2374504333	0.14999998
2375246508	0.14999998
2375531893	0.14999998
238262846	0.14999998
2383717754	0.14999998
23853647	0.14999998
2388173478	0.14999998
2389230019	0.14999998
2391414056	0.14999998
2392077660	0.14999998
2393363239	0.14999998
2394931570	0.14999998
2398112932	0.14999998
2399078832	0.14999998
2400580606	0.14999998
24009518	0.14999998
2402848995	0.14999998
2403077946	0.14999998
2406183142	0.14999998
240775180	0.14999998
2413660177	0.14999998
2415761948	0.14999998
241605744	0.14999998
24216012	0.14999998
2421925589	0.14999998
2424133955	0.14999998
2425399141	0.14999998
2428866533	0.14999998
2428916787	0.14999998
2430919999	0.14999998
2431035581	0.14999998
2431962474	0.14999998
2436263281	0.14999998
243692482	0.14999998
2440157604	0.14999998
244561514	0.14999998
2445846209	0.14999998
2450610228	0.14999998
245193794	0.14999998
245540050	0.14999998
245829787	0.14999998
246248928	0.14999998
2462809271	0.14999998
2463334585	0.14999998
2464233008	0.14999998
246643731	0.14999998
2467342878	0.14999998
2478748854	0.14999998
2481176070	0.14999998
2482482240	0.14999998
248343216	0.14999998
2484148780	0.14999998
24868695	0.14999998
2488166503	0.14999998
2494359720	0.14999998
2503747044	0.14999998
2508720270	0.14999998
250928496	0.14999998
25102465	0.14999998
25115086	0.14999998
251856914	0.14999998
25185828	0.14999998
2518870585	0.14999998
25234870	0.14999998
25253796	0.14999998
252686386	0.14999998
252773576	0.14999998
2531939472	0.14999998
2538149923	0.14999998
254541721	0.14999998
2548476300	0.14999998
2556869962	0.14999998
2569375261	0.14999998
2571328842	0.14999998
2574988148	0.14999998
257608218	0.14999998
2582235776	0.14999998
259173714	0.14999998
259365246	0.14999998
2598048522	0.14999998
2600165016	0.14999998
260021703	0.14999998
2603945954	0.14999998
2614558670	0.14999998
2616533544	0.14999998
262137434	0.14999998
262864727	0.14999998
263549577	0.14999998
2638508286	0.14999998
26404888	0.14999998
26461628	0.14999998
2646419491	0.14999998
26468371	0.14999998
26514883	0.14999998
265633051	0.14999998
2660144714	0.14999998
26611622	0.14999998
2669943158	0.14999998
2676674210	0.14999998
2681762208	0.14999998
2686854475	0.14999998
2688470512	0.14999998
2691694578	0.14999998
2692801200	0.14999998
26972144	0.14999998
269807363	0.14999998
27010341	0.14999998
27089333	0.14999998
271285871	0.14999998
271331138	0.14999998
2714985810	0.14999998
2717182718	0.14999998
2724317137	0.14999998
2725800703	0.14999998
27289559	0.14999998
2729306273	0.14999998
2730855593	0.14999998
2730931508	0.14999998
2731062480	0.14999998
2734019417	0.14999998
2734188574	0.14999998
2734189670	0.14999998
2734292025	0.14999998
2734662970	0.14999998
2734671220	0.14999998
2734716833	0.14999998
2734847583	0.14999998
2734883193	0.14999998
2735016269	0.14999998
2735139016	0.14999998
2735226149	0.14999998
2735228099	0.14999998
2735291675	0.14999998
2735987566	0.14999998
2736013923	0.14999998
2736692525	0.14999998
2737674672	0.14999998
2745075751	0.14999998
274840800	0.14999998
2749189122	0.14999998
2749335470	0.14999998
2754345013	0.14999998
2754907777	0.14999998
275676002	0.14999998
2757370466	0.14999998
2758585953	0.14999998
2758704051	0.14999998
2759843105	0.14999998
276034281	0.14999998
276159367	0.14999998
2761778417	0.14999998
2763083529	0.14999998
27639394	0.14999998
2766898145	0.14999998
2767265003	0.14999998
2768435507	0.14999998
2771748595	0.14999998
2772914821	0.14999998
2773188592	0.14999998
2776502236	0.14999998
2779591038	0.14999998
2781550178	0.14999998
2782164174	0.14999998
2783864546	0.14999998
2785023952	0.14999998
2788369540	0.14999998
27884575	0.14999998
2788738291	0.14999998
2789543497	0.14999998
2791996126	0.14999998
2795517045	0.14999998
2799967928	0.14999998
2800242683	0.14999998
2803711784	0.14999998
2804823650	0.14999998
2807615094	0.14999998
2809950325	0.14999998
281099786	0.14999998
2811966313	0.14999998
2814407782	0.14999998
281664273	0.14999998
281795966	0.14999998
2819753366	0.14999998
2820192618	0.14999998
2820744853	0.14999998
2821110121	0.14999998
2824195923	0.14999998
2825752685	0.14999998
2826000568	0.14999998
2826686528	0.14999998
2828883196	0.14999998
2828978376	0.14999998
2830849059	0.14999998
2831146381	0.14999998
2836657442	0.14999998
2838814184	0.14999998
2840521627	0.14999998
2841272608	0.14999998
2843096527	0.14999998
2844711597	0.14999998
2844826268	0.14999998
2844914504	0.14999998
2847020799	0.14999998
2847318905	0.14999998
2848760754	0.14999998
285594128	0.14999998
285688893	0.14999998
2857355741	0.14999998
2857606888	0.14999998
28604600	0.14999998
286443280	0.14999998
2867580730	0.14999998
2867940624	0.14999998
2869807694	0.14999998
287441095	0.14999998
2874881676	0.14999998
2875663485	0.14999998
287663663	0.14999998
2876876863	0.14999998
287910843	0.14999998
2890462752	0.14999998
2892878819	0.14999998
2893125956	0.14999998
2893316337	0.14999998
2895073336	0.14999998
2895887071	0.14999998
2897596525	0.14999998
2900020140	0.14999998
2903110151	0.14999998
2903846321	0.14999998
2904660557	0.14999998
2905010278	0.14999998
2905030419	0.14999998
2905361393	0.14999998
2907733058	0.14999998
2912059782	0.14999998
2913792015	0.14999998
2918983754	0.14999998
29208101	0.14999998
2921036601	0.14999998
2922414704	0.14999998
2923161125	0.14999998
2929317525	0.14999998
2930208494	0.14999998
2930718511	0.14999998
29310765	0.14999998
2932790588	0.14999998
29345341	0.14999998
2935773984	0.14999998
2936305422	0.14999998
2937515887	0.14999998
2938089953	0.14999998
2938133724	0.14999998
2940112249	0.14999998
2943293115	0.14999998
29440885	0.14999998
2946378182	0.14999998
2948939596	0.14999998
2950884788	0.14999998
2950895167	0.14999998
2950938067	0.14999998
2953927494	0.14999998
2955888858	0.14999998
295777135	0.14999998
2958764400	0.14999998
2959216326	0.14999998
2959501374	0.14999998
2961397364	0.14999998
2964710121	0.14999998
2965065626	0.14999998
2965982860	0.14999998
2969136158	0.14999998
2969796985	0.14999998
2969819560	0.14999998
2970336949	0.14999998
2971887154	0.14999998
2972309006	0.14999998
2976750023	0.14999998
2980980327	0.14999998
298139855	0.14999998
2982805673	0.14999998
2983182948	0.14999998
2985147995	0.14999998
2985818862	0.14999998
2985879882	0.14999998
2986622194	0.14999998
2991122043	0.14999998
2991674333	0.14999998
2992313335	0.14999998
2992546320	0.14999998
2993169672	0.14999998
2996428088	0.14999998
2997013028	0.14999998
2997403608	0.14999998
2998682088	0.14999998
3002100596	0.14999998
3006375111	0.14999998
3007329504	0.14999998
3007606706	0.14999998
30080353	0.14999998
3010556565	0.14999998
3011436775	0.14999998
3011739134	0.14999998
3011960894	0.14999998
3013160215	0.14999998
3015375159	0.14999998
3016707079	0.14999998
3019850691	0.14999998
3022343638	0.14999998
3022605750	0.14999998
3022827193	0.14999998
3025587754	0.14999998
3026582718	0.14999998
3027642625	0.14999998
3028966429	0.14999998
30290055	0.14999998
3029943511	0.14999998
3033124850	0.14999998
3033399095	0.14999998
3033830131	0.14999998
3035279093	0.14999998
30437065	0.14999998
3044090437	0.14999998
30442966	0.14999998
3044383397	0.14999998
3049612215	0.14999998
3058526162	0.14999998
3063277571	0.14999998
3063612531	0.14999998
3064388656	0.14999998
306494967	0.14999998
306610628	0.14999998
3067486679	0.14999998
3068208029	0.14999998
3070832660	0.14999998
3071692525	0.14999998
3075993632	0.14999998
3076367314	0.14999998
3076458912	0.14999998
3077676425	0.14999998
3080473594	0.14999998
3081076452	0.14999998
3087769032	0.14999998
3089152302	0.14999998
3092480908	0.14999998
3103610591	0.14999998
31073264	0.14999998
310810506	0.14999998
3108772197	0.14999998
3108940967	0.14999998
3109188652	0.14999998
31168926	0.14999998
312171443	0.14999998
312187630	0.14999998
315903589	0.14999998
316116530	0.14999998
316404325	0.14999998
316766037	0.14999998
317450972	0.14999998
317586435	0.14999998
317975803	0.14999998
32103418	0.14999998
32189808	0.14999998
32308425	0.14999998
32376336	0.14999998
32389968	0.14999998
324698160	0.14999998
325669249	0.14999998
325836703	0.14999998
326483866	0.14999998
32667707	0.14999998
327111975	0.14999998
328152610	0.14999998
328878936	0.14999998
330289552	0.14999998
334118992	0.14999998
334536289	0.14999998
33844041	0.14999998
33858748	0.14999998
33927725	0.14999998
339903277	0.14999998
341474150	0.14999998
341482511	0.14999998
34379501	0.14999998
34716975	0.14999998
34733538	0.14999998
348031443	0.14999998
349574943	0.14999998
352241771	0.14999998
353613004	0.14999998
35365619	0.14999998
356577362	0.14999998
35659920	0.14999998
358250214	0.14999998
35850345	0.14999998
35934999	0.14999998
35969984	0.14999998
361195470	0.14999998
361912377	0.14999998
361959844	0.14999998
36212060	0.14999998
362185668	0.14999998
362311295	0.14999998
36287403	0.14999998
365136998	0.14999998
36952138	0.14999998
369897589	0.14999998
37042314	0.14999998
371980886	0.14999998
372503256	0.14999998
37399630	0.14999998
374666430	0.14999998
37495309	0.14999998
375732875	0.14999998
376008436	0.14999998
376562555	0.14999998
3771171	0.14999998
377244616	0.14999998
378381964	0.14999998
381169697	0.14999998
381180318	0.14999998
381190911	0.14999998
381212639	0.14999998
381224685	0.14999998
381321363	0.14999998
381920622	0.14999998
38301261	0.14999998
386066492	0.14999998
388727162	0.14999998
389546847	0.14999998
391464226	0.14999998
392774118	0.14999998
392938785	0.14999998
393049830	0.14999998
399619659	0.14999998
400278676	0.14999998
40145338	0.14999998
402154483	0.14999998
402937312	0.14999998
403762018	0.14999998
404853456	0.14999998
40632926	0.14999998
406435327	0.14999998
40677346	0.14999998
406919141	0.14999998
40847455	0.14999998
40856171	0.14999998
40911537	0.14999998
409255935	0.14999998
41035939	0.14999998
41134951	0.14999998
415187424	0.14999998
41726817	0.14999998
417486828	0.14999998
418646433	0.14999998
419018283	0.14999998
419728487	0.14999998
421938080	0.14999998
426105691	0.14999998
42817815	0.14999998
430134459	0.14999998
431107578	0.14999998
431239530	0.14999998
432242860	0.14999998
43295161	0.14999998
435440167	0.14999998
43654948	0.14999998
43797208	0.14999998
438450595	0.14999998
438653267	0.14999998
439579676	0.14999998
440228392	0.14999998
440310818	0.14999998
441266245	0.14999998
44418666	0.14999998
44480204	0.14999998
44724005	0.14999998
447843281	0.14999998
44843270	0.14999998
44940028	0.14999998
450629782	0.14999998
451155741	0.14999998
452335987	0.14999998
455483050	0.14999998
45548860	0.14999998
45578271	0.14999998
45925016	0.14999998
463828538	0.14999998
466821972	0.14999998
468670807	0.14999998
470941520	0.14999998
47269365	0.14999998
47272490	0.14999998
474249895	0.14999998
474304890	0.14999998
479613752	0.14999998
480445817	0.14999998
482335488	0.14999998
482524635	0.14999998
485382140	0.14999998
48556270	0.14999998
48597029	0.14999998
48654466	0.14999998
487441222	0.14999998
49054577	0.14999998
49091558	0.14999998
49163496	0.14999998
49182982	0.14999998
493184262	0.14999998
496904835	0.14999998
50177984	0.14999998
50700978	0.14999998
50828131	0.14999998
509627662	0.14999998
511249677	0.14999998
512104951	0.14999998
51496346	0.14999998
516519174	0.14999998
51683048	0.14999998
5174401	0.14999998
519290659	0.14999998
523059225	0.14999998
52958940	0.14999998
53607814	0.14999998
536289817	0.14999998
540062157	0.14999998
541143559	0.14999998
542754255	0.14999998
54419125	0.14999998
54643082	0.14999998
5471512	0.14999998
548067809	0.14999998
54914153	0.14999998
550066003	0.14999998
554417352	0.14999998
555584993	0.14999998
557135617	0.14999998
557874212	0.14999998
559066696	0.14999998
56287225	0.14999998
56413167	0.14999998
56500667	0.14999998
566635607	0.14999998
566854299	0.14999998
570481298	0.14999998
571990164	0.14999998
57251875	0.14999998
572961420	0.14999998
57343654	0.14999998
575552830	0.14999998
575663542	0.14999998
578327785	0.14999998
5823332	0.14999998
584633335	0.14999998
584837915	0.14999998
589261776	0.14999998
594365164	0.14999998
59470218	0.14999998
602767623	0.14999998
603141492	0.14999998
606013463	0.14999998
606280470	0.14999998
6067992	0.14999998
607274333	0.14999998
60927389	0.14999998
60984284	0.14999998
611168400	0.14999998
612308340	0.14999998
61243475	0.14999998
618862388	0.14999998
618912193	0.14999998
627503488	0.14999998
64137761	0.14999998
64731945	0.14999998
65278254	0.14999998
65373133	0.14999998
6639492	0.14999998
66510605	0.14999998
66739237	0.14999998
67803007	0.14999998
69811729	0.14999998
70051695	0.14999998
702374942	0.14999998
707279864	0.14999998
70748534	0.14999998
708564527	0.14999998
709800862	0.14999998
709889718	0.14999998
711517168	0.14999998
714235303	0.14999998
715612315	0.14999998
719240839	0.14999998
720867367	0.14999998
72259507	0.14999998
725193884	0.14999998
73105448	0.14999998
734289750	0.14999998
7344572	0.14999998
739405350	0.14999998
74311815	0.14999998
744181674	0.14999998
746282388	0.14999998
747125738	0.14999998
748366758	0.14999998
75434769	0.14999998
756228000	0.14999998
758588228	0.14999998
76593765	0.14999998
774494725	0.14999998
78166923	0.14999998
782812542	0.14999998
785515992	0.14999998
786065941	0.14999998
786497058	0.14999998
789885116	0.14999998
794705682	0.14999998
803977459	0.14999998
805805178	0.14999998
808271712	0.14999998
821949740	0.14999998
823440576	0.14999998
827637582	0.14999998
830896878	0.14999998
83123686	0.14999998
840700028	0.14999998
84115026	0.14999998
843010442	0.14999998
84996648	0.14999998
856180171	0.14999998
85879140	0.14999998
859984260	0.14999998
862369622	0.14999998
864172386	0.14999998
867148020	0.14999998
868590294	0.14999998
870543612	0.14999998
872549730	0.14999998
87365243	0.14999998
87822271	0.14999998
88007419	0.14999998
884600372	0.14999998
88547138	0.14999998
892343988	0.14999998
893636851	0.14999998
89482087	0.14999998
89991394	0.14999998
900470425	0.14999998
903932810	0.14999998
9071062	0.14999998
915037519	0.14999998
915720510	0.14999998
91809253	0.14999998
921617418	0.14999998
922108304	0.14999998
923347362	0.14999998
92390723	0.14999998
925858910	0.14999998
927629822	0.14999998
9287942	0.14999998
929178248	0.14999998
932502344	0.14999998
93532074	0.14999998
95107840	0.14999998
963123186	0.14999998
96566924	0.14999998
97479608	0.14999998
978767750	0.14999998
98483556	0.14999998
989459318	0.14999998
99129943	0.14999998
