100024370	10
1001192245	9
100987579	1
1011339350	2
1011471247	1
1017605156	1
1018083266	1
101823764	1
101832073	1
101876637	2
1019950250	48
1020104557	1
1020182690	1
102055261	1
102197266	1
102325185	26
1025112938	1
1025411929	1
102710585	5
103245828	1
10381282	12
1039081430	1
103967533	1
10407132	1
104494091	1
1045866258	1
104952689	4
105252513	2
105491141	1
105534413	1
1056667404	1
105726371	1
1059676711	3
106498703	2
106504911	1
1066585430	1
1066765934	1
1067178060	2
1069208857	1
1071376531	1
107321598	1
1075187563	1
1076775373	1
108021761	4
1080306914	1
1083958579	1
108685618	2
1087562863	1
108938404	1
109200080	7
1094190007	1
1095416683	1
109968678	1
110147594	1
110277416	1
110581612	2
110755266	2
1112189234	1
1113983916	1
111403130	1
1114443139	1
111449904	1
111718011	1
1118815166	1
1120403850	1
1121028973	2
112298996	2
112872946	1
11308402	2
113213802	1
113280990	1
1134114714	1
1134301754	1
1134484321	1
113490594	1
1135299488	78
113539090	1
1137292440	1
1137633156	1
113785888	1
113826929	1
113950052	3
1141384256	1
1141627460	6
114633761	1
1152105936	4
115356776	1
1155111728	1
115545055	1
1161369558	1
1163696714	3
116665584	1
1167632820	15
1167955920	1
116816715	2
116977290	1
117248779	2
117857704	1
1183310281	1
118331219	1
1183993172	1
11864732	2
118862957	1
119364024	1
1196838541	1
119751785	2
120653578	1
1208731411	1
1209338426	1
1209568855	1
1209595398	1
1209867661	1
12114462	6
121158213	32
1212204733	1
1214566958	1
1220203801	1
122058762	1
1225624538	1
1225981051	2
122866819	1
1228915560	1
123077479	2
123125462	5
123174284	7
123623227	1
123984337	1
1241963102	1
1242107881	1
12421722	1
12442612	1
1244393550	1
124508864	1
1245579715	4
1246096020	15
125187717	1
125210248	4
1253312389	1
125550812	1
1257970358	1
1259906438	1
1263284131	1
1263567842	1
126391002	1
12649962	2
1266345439	2
126687829	1
1272331855	1
1275995714	1
1277178181	23
128001460	1
128049067	1
128059999	1
1280712284	47
1281072037	2
1283362860	1
1286058860	1
1286073350	1
128686166	1
1287510536	1
1289086184	2
129078741	2
12910082	3
1291900087	1
1298192462	1
1298935814	1
1301244769	1
1304634055	1
1306593290	1
1308820824	1
1308823261	1
1310354202	7
1311348206	1
1315790101	1
131609773	4
1317108294	2
1317763201	1
1321061874	1
132243158	1
1326035881	1
1328994019	1
1329243757	2
133056605	1
133940825	1
1345565334	1
1345862960	1
1345998098	1
1347071545	1
13471032	3
1347661646	1
1349856667	2
13518162	1
135255258	1
1354252658	11
1357342237	1
1357903590	1
1357990153	1
1358146357	1
1362645332	1
136393773	1
1363944108	1
136447449	3
136842204	1
1369248408	1
137061901	2
1370761	1
1372592071	1
1373083340	4
1373505554	1
137466464	1
1375105020	2
13756432	6
1376778474	1
1377472224	1
1378065150	1
1381166982	1
13849232	1
138858322	1
1388848657	1
1390377960	1
139331458	1
1393603976	14
1395076646	17
13971722	1
1398262381	3
140003873	1
140104740	1
140262347	1
140330382	1
1405464818	1
140577612	2
140641561	1
1406780046	1
140731497	1
1407559375	4
1408233085	1
1409168863	1
1409535590	1
14104848	1
1411402069	1
14115408	1
1411796617	1
141202555	1
1412062452	1
141258604	1
14126376	1
14138486	1
141605349	1
1416078199	4
141690678	1
14216123	2
142333812	2
14236800	1
1423715634	42
14252369	1
14262411	2
142788662	1
142816837	1
1429269132	1
14300178	1
14303901	4
14305287	1
1430670998	2
1431661122	1
14318277	1
14328405	1
14348618	1
14380496	1
1439915048	1
1440222691	1
14445650	2
144575680	1
1449251635	2
1451772409	48
14571012	1
145717389	3
1457207868	1
146128105	1
14630872	1
146451331	2
1467412392	1
1468083559	1
146875176	1
1471665404	2
14724145	1
147300191	1
1473023792	1
14744629	1
1475745116	1
14813450	1
1485383263	1
14855210	1
14877483	1
14886375	2
148873469	1
1488838998	1
14902429	12
1490980105	4
14933262	3
1496306796	1
149686635	1
1498421575	1
1499258754	2
1499852552	1
150094848	2
15024696	1
15065434	1
15073513	1
150830726	2
1510153513	2
151041267	1
151161683	3
15130443	2
151526191	1
151603912	1
1516468766	1
1516478972	1
15171297	1
15172738	1
15176117	1
151855227	1
1520072330	1
1523656400	1
152378571	1
15240491	1
152423527	1
15264378	1
15281391	9
15296897	6
1530816642	1
1534106538	1
153561471	2
1537838155	1
153871260	1
15415642	1
15434232	1
1543611781	1
15440121	1
1544042413	1
1544270486	5
1544392183	1
154535828	3
1546222940	1
154679572	1
15485461	3
1549642243	1
15526966	2
1552733136	1
1553871637	5
155579691	1
1557751686	3
1560440960	1
15618009	1
156223650	1
1562679368	5
15633323	1
1563410299	4
1571165700	2
15754281	1
1577148733	1
1579371308	6
15808534	1
1581782214	1
1581970429	1
158226516	1
15823893	6
1582829107	1
15885463	1
15890906	1
1589889950	1
15910793	1
15915391	1
1591805461	1
1596409050	1
15971805	5
1597968769	1
1599977917	1
1601683238	2
1602169296	1
1602512792	1
160298969	1
16033537	2
16036941	1
1606801285	1
160720531	1
16080467	1
1609923331	1
1610934914	2
161340273	2
1616185404	1
161812042	1
162060435	1
1620686150	1
1621323433	2
1621763400	1
1622411040	3
162323465	1
1623315883	3
1625134838	1
16320734	2
163372919	1
163537857	5
16359602	1
16370204	1
1637177462	1
1638493381	1
163903064	1
1640681918	1
16441758	1
164425558	1
1646402473	1
1648349564	27
1648983258	1
16495607	2
16503449	1
165118788	48
16515274	2
1651781654	1
1652307498	1
1653543163	1
16562217	1
1656315872	1
1656677178	1
16581406	1
166041412	1
1662781962	1
166341743	1
1664138053	9
1665125166	1
16656621	1
166597717	2
1666651962	1
16679841	1
16694229	1
1669934971	1
1670408892	1
1672120591	8
16732770	4
16746076	1
16755855	2
167862711	1
168161721	2
16827489	1
16829397	1
16847211	1
1687238450	5
168744961	1
16877220	1
1689307574	1
16896007	2
1689732626	1
1691951420	1
1692174140	2
1693275121	1
16941166	1
1694447893	3
1694722513	3
1695255908	1
1698582715	1
16995129	3
1700112116	1
17004794	1
170377243	1
1705138098	1
1705758318	1
1706003725	1
1707757340	1
1708603771	2
17127246	1
17184621	1
171919007	1
17229184	1
172836249	1
172981519	1
1735835706	1
17365470	1
17378574	1
174090771	1
17433343	1
174333656	1
17448440	1
175754840	4
17593128	1
17614702	2
176168308	1
17670919	1
17677716	1
176824779	2
176997190	1
17750507	1
17790265	1
17841130	1
17854610	1
17905363	2
179054279	1
17913	2
179566530	1
17991579	1
180111748	1
18145347	1
18157947	1
18164662	1
182311852	2
18255548	1
182879608	1
18296983	6
183972338	1
18408384	1
18451147	1
18455693	1
1847302273	1
184754553	7
18476447	1
185300641	1
185310946	1
1855357848	1
18574762	2
18586789	1
18617871	2
18639734	9
186557997	1
18662353	1
1867474032	2
186882221	1
18703437	1
18706675	2
18707726	1
1871450522	1
18719020	1
18803064	1
18812301	1
1891949672	1
189250472	1
18944615	7
18952948	1
18958504	2
1898319336	1
1900454750	1
19012972	1
190217477	1
190298721	1
1906311631	1
19079480	1
19098822	1
191028339	1
19109421	1
1912269505	1
1912519352	2
1917790189	1
1921730372	1
19220698	59
1923159170	3
1923879936	2
1924310023	2
1924312855	38
192583349	7
192640294	1
19270995	1
1930762644	1
19321612	1
193323937	8
193370107	1
19358428	6
1936223040	1
1936251463	1
19380829	2
19399038	1
194119290	1
194137231	12
1944448274	1
1944646057	1
1945317565	1
19462442	2
19485664	1
1949701902	5
1950172806	1
1952436260	1
1953540097	1
195368080	1
1953776653	1
195412616	1
19546277	5
1954730264	3
195976126	1
1959888277	1
19619569	1
1962132428	29
19627971	1
196335298	2
19658091	3
1967832475	2
1969320008	1
1969334461	1
1969470044	1
1969472353	1
1969538022	1
1969581715	1
1969594849	1
1969622058	1
1969627746	1
1969645939	1
1969679156	1
1969708788	1
1969742863	1
1969754725	1
1969826696	1
1970070775	1
1970127890	1
1970148032	1
1970190690	1
1970221123	1
1973892090	1
19744509	1
197451883	1
197485346	1
1976239567	1
197729131	1
1978314900	2
19790872	3
1979190776	4
19830342	1
19833987	1
19898168	1
19899344	1
19962813	1
19970105	1
19987048	1
19988458	1
19992655	1
20005393	1
200528348	1
20097362	1
20106796	1
20109018	2
20114738	1
201221109	1
201296379	17
20149508	1
202003	1
20217939	1
20321220	1
20331665	350
20345218	1
20402945	1
204098062	1
204803220	3
20484064	1
20523540	1
20525971	1
20557393	2
20558203	1
205822782	1
20596865	9
20604418	1
20630174	2
20704858	2
20715279	1
20715638	1
20725359	1
207435193	1
20945895	1
21019674	1
21045893	1
210818233	1
211283915	1
211797887	1
212990172	1
213118052	1
21328656	1
213315220	1
213358539	1
2136001	1
213760897	1
21428264	1
214291146	2
214319039	1
214321318	2
214433021	1
2150359365	1
2150696418	3
2150927341	2
2151341514	1
2152612894	1
21543577	1
21549682	1
2155204255	1
21569312	1
215851158	1
2162520717	1
2167416379	1
2167926223	1
21679494	1
216798259	2
21681001	1
216865166	1
216873394	1
2169254353	1
2169598345	2
2170008241	1
2170018283	1
217011425	3
2173352892	1
217711375	1
2177764470	6
2178611209	2
2178716968	1
2178734696	1
21793923	4
2180024416	1
2181143239	1
2181281054	8
2181326676	10
2181334776	2
2181346825	6
2181357950	1
2181373892	27
218332217	1
218430551	1
218644989	1
2186813068	1
2191044698	1
2191906089	1
2192068413	1
2192665300	1
2192832680	1
219329534	1
2195055925	2
2195543761	2
2196092280	1
2197099980	2
2197116199	2
2197132710	2
2199139605	1
2202116136	1
2203288712	1
2204135624	1
22060190	1
2206164312	1
2206306496	1
22064251	1
2207480136	1
2207733494	1
22078711	47
2208541680	1
2209060659	1
2209523333	1
220991973	1
2210594991	1
2210915965	1
2212200286	1
2212378326	1
2212433045	1
2212454553	2
22127731	1
2212891281	1
2214746002	1
2214818162	3
2215937899	1
2219539538	1
2221772324	1
222187111	3
2228950141	1
22316757	1
223329689	1
2233924628	2
2236817017	2
2238154415	1
223861087	2
22405827	1
224180296	2
22427857	1
2242816832	1
2243075472	1
2243124111	1
22475801	1
2249186018	3
2249339168	1
2249428661	1
2249884134	1
2251045586	9
2251233938	1
2254032159	1
225693975	1
2257365318	1
225758803	2
2258122448	1
2259177605	1
225996742	1
2261734772	1
2262239565	1
226233457	1
22623528	1
226307794	1
2263437272	3
22665063	1
2267964218	1
2268102895	2
22681396	1
226828258	1
2269536694	1
2270677056	1
2270679282	1
2270789972	1
2271848838	1
2272207286	6
2273216286	1
2273664823	4
2273862972	1
2273872578	2
2274875012	4
2275658568	19
22813422	1
22814481	1
228174387	1
2282347955	1
2283469135	2
2284446141	1
2286451110	1
2290987148	1
2292474146	1
229278838	1
2297325180	1
2298030908	1
22984882	1
2298608738	1
23006271	77
2301302630	1
2302159185	1
23040137	1
2305339123	1
2305466028	2
23059499	14
23093161	1
231164809	20
231240522	1
2312902755	1
23131068	1
231582881	1
2316415059	1
2317824278	1
2318831435	1
2319325904	1
2319599660	11
2319600132	3
23209819	2
23214029	1
23249152	1
232503690	6
2325963542	1
232633486	2
2333778359	1
2334410965	5
2334614718	27
2335651058	2
233566392	1
2335870220	1
2340751033	1
2341281566	55
2341445778	46
234155392	1
2342215530	53
2342591485	3
2342763212	25
2343018775	1
23434774	1
2343755413	1
2343953910	2
2344420430	3
2344521145	1
2344531388	1
234455992	1
2344619544	52
2347049569	1
2348716116	7
234956680	2
2349917270	7
2350920446	1
2351828280	4
235261080	1
2352850994	1
235305860	1
2355018890	2
2355225980	1
235648313	2
2356524462	5
2356802040	2
2358687824	1
2359835198	1
23607612	1
2361133573	1
2361616610	1
2362771794	1
2363261797	1
23633168	1
2363388900	1
2363914387	1
236518570	3
2365373972	10
23665498	2
236704986	1
2368238768	8
2370232028	4
2370520826	2
2370604700	1
2371387338	1
2372479135	1
2374504333	1
2375246508	7
2375531893	1
237591901	1
23761139	1
23792255	1
238262846	1
2383717754	1
2383861202	2
23853647	1
2385812455	1
2385851994	3
2385944899	7
2385964938	1
2388173478	1
2389230019	1
239080208	1
2391414056	1
2391736411	2
2392077660	1
23929732	1
2393363239	1
2394931570	1
2395258519	1
23954327	2
2398112932	1
2399078832	2
239927143	1
2400480938	1
2400580606	1
240078196	1
24009518	1
2401925442	1
2402848995	1
2403077946	1
2405169193	1
2405341116	1
2405378612	1
2406183142	1
240775180	1
2409150423	1
241205239	1
241241262	3
2412796920	1
2412858253	1
2413660177	1
24147760	2
2415761948	1
241605744	1
24210676	1
2421279036	1
24216012	1
2421925589	1
2422703600	1
24227424	1
2424133955	1
2425399141	1
2426471287	5
2428866533	1
2428916787	3
2429060390	1
2429587027	2
2430919999	1
2431035581	1
2431962474	1
2432351047	1
2432811	1
2433237991	1
2434397022	1
243544358	1
2435931235	5
243618345	1
2436263281	1
243692482	3
243728710	1
24378311	1
2439000217	1
2440157604	1
2440894303	14
24410456	1
244561514	1
2445846209	1
244677736	9
24469862	1
2447351600	1
2447901655	120
2447928920	89
2447967798	126
2450610228	1
245193794	2
2452122962	1
2453586834	2
245540050	1
2456431090	1
2456850254	3
2458259958	1
245829787	1
2459430642	21
246134345	1
246138191	1
2461556142	8
246248928	8
2462809271	1
2463065714	2
2463334585	1
2464233008	1
2464284763	1
246643731	1
2467342878	1
2474163163	1
247609940	6
2476919087	1
2478748854	1
247946309	3
2481176070	1
24820841	1
2482482240	1
2482710715	9
2483093335	1
248343216	1
2483547450	1
2484148780	1
2484513824	2
24868695	1
2488166503	1
248836670	4
249267611	1
24927996	2
2494330219	1
2494359720	1
2495542669	2
2497045194	1
2503747044	1
2505558983	1
2508583806	1
2508720270	1
250928496	1
25102465	1
25115086	1
251277277	1
251633588	1
251856914	1
25185828	1
2518870585	1
2520719083	13
252126968	1
2523375564	47
25234870	1
2524684585	3
25253796	1
2525892205	3
252686386	1
2527494464	1
2527694118	1
252773576	2
2531939472	2
2533224018	1
2534761215	1
2538149923	1
2538578097	1
2540665153	3
254228322	4
254232727	3
254280603	6
254541721	1
2548034736	1
2548476300	1
254908062	7
255249826	3
255319156	1
2554107798	37
2556869962	1
2557515984	1
2559031353	1
2561724956	7
2564014766	1
2567518027	2
2569375261	1
2570233256	2
2570479190	3
2571328842	1
2574988148	1
2575097197	2
257608218	2
2579477766	5
2580713054	2
2582235776	1
25827743	1
25828514	1
2585209226	2
2585826031	5
2590679485	1
259094582	1
259173714	1
259365246	1
25959084	1
25978996	1
2598048522	1
259854532	1
2600165016	1
260021703	1
2600389056	1
26012309	1
260380754	1
2603945954	1
260473647	2
26067145	3
2607663110	1
2609555142	1
2613531324	1
2614480104	1
2614558670	1
2616533544	1
262137434	1
262652488	1
262763182	1
262864727	1
263276880	1
263333330	1
263549577	1
26382961	1
2638508286	1
26404888	1
2643714854	28
26447407	1
26461628	1
264624088	2
2646419491	2
2646506552	1
26468371	4
2649921242	21
26514883	1
265633051	1
26574283	1
2657436853	1
26582193	4
2659386019	1
2660144714	2
26611622	1
266453149	1
26692163	1
2669943158	1
2676674210	1
2676762737	4
26775476	31
267813460	1
2681762208	1
26849804	1
2686854475	1
2686999627	1
2688470512	6
2691694578	2
2692801200	2
2694667118	14
26972144	1
269807363	1
27010341	1
2701436990	2
27022640	1
2703959670	1
270430076	2
2704548373	6
27089333	1
271211220	1
271285871	1
271331138	1
2714985810	1
2715475950	1
2715894908	10
2717182718	1
2717697042	1
2720144785	11
27223236	1
272357654	9
2724317137	1
2724566275	1
2725800703	1
2728466411	1
27289559	3
2729306273	1
2730855593	3
2730931508	1
2731062480	1
2732425088	2
2734019417	4
2734188574	4
2734189670	1
2734292025	2
2734662970	2
2734671220	2
2734716833	2
2734847583	1
2734883193	2
2735016269	2
2735139016	2
2735226149	2
2735228099	2
2735291675	1
2735987566	2
2736013923	2
2736692525	1
2737674672	1
2737924896	1
27383854	1
2739044695	1
2741655314	1
2742137299	1
2743641378	8
2745075751	1
274840800	1
2748944294	1
2749189122	1
2749335470	25
2750381484	31
275099779	1
2752129684	1
2752140987	2
2752150528	1
2752524304	1
2753470001	27
2754345013	2
2754857585	4
2754907777	1
2755279513	1
275676002	2
2757042696	2
2757370466	1
2758585953	1
2758704051	1
2758896709	1
2759843105	1
276034281	1
276159367	1
2761778417	1
2763083529	1
276334529	3
27639394	1
2764739508	5
2765603292	18
276679058	2
2766898145	1
2767265003	1
2768435507	1
27692923	1
2769736419	1
2771748595	1
2772167606	1
2772914821	2
2773001652	1
2773188592	1
2773514064	2
2773572122	1
2773951369	2
2774665938	1
277618799	1
2776502236	1
2777610638	1
2778774512	1
2778809762	2
2778901544	1
2779591038	1
2781550178	1
2782164174	1
2783314897	1
2783864546	1
2785023952	1
2788047050	10
2788369540	1
2788398967	2
27884575	1
2788588083	1
2788738291	1
2789543497	1
27914530	2
2791996126	1
2792041422	4
2792802479	9
2795517045	1
2795789015	4
279585313	2
2796815872	1
2796938558	314
2799908841	20
2799967928	1
2800242683	3
2800874294	1
2801334731	68
2802272246	82
2802620730	2
2803711784	1
2804823650	1
2804870168	7
2805464460	1
2807615094	1
2809950325	1
281099786	1
2811966313	1
28137012	1
2813708366	2
28140646	2
2814407782	2
28149588	1
281664273	1
28176903	4
281795966	1
2818012008	4
2818198537	1
2819036114	1
28195764	1
2819753366	1
2820192618	1
2820744853	1
2821110121	1
2821217758	3
2823763911	5
2824195923	1
2825270328	31
2825752685	1
282599080	1
2826000568	1
2826686528	1
2827442674	1
2828210702	1
2828883196	1
2828978376	1
283012565	1
2830318542	2
2830849059	1
2831146381	1
2836657442	1
2837841	6
2838814184	1
2839335324	1
28402887	1
2840521627	1
2841194833	1
2841272608	1
284175705	2
2843096527	1
284462046	1
2844711597	1
2844826268	1
2844914504	1
2847020799	6
2847318905	1
2848760754	1
2849030764	2
284946253	3
2850016123	1
2851185024	1
2852922675	1
285594128	1
285688893	1
2857355741	1
2857606888	1
286006788	9
28604600	1
2860901462	1
2863581578	2
2864193298	2
286427074	3
286443280	1
2867531362	3
2867580730	1
2867940624	1
2869807694	1
28719308	1
2872180681	1
287441095	1
2874881676	1
2875663485	1
2875715945	2
2875909930	2
287663663	1
2876876863	1
28769199	3
2877539236	2
287910843	1
287966215	2
2880143019	7
2881595931	53
2888583159	3
2888729354	11
2888882327	4
2889234656	1
2889858040	2
2890462752	2
28918980	2
28923371	1
2892878819	1
2893125956	1
2893134987	1
2893316337	1
2895073336	1
289556231	1
2895887071	1
2895978157	1
2897596525	1
2900020140	1
2900775492	2
29017307	1
2903110151	3
2903846321	1
2904660557	1
2905010278	1
2905030419	1
2905361393	1
2907733058	1
2908494810	3
2911648575	2
2912059782	1
2912072247	2
2913792015	1
2918042792	1
2918110749	1
2918983754	1
2920257085	1
2920258887	2
29208101	1
2921036601	1
2922414704	1
2923161125	1
29231725	1
2926070175	1
2927015864	1
2928995946	1
2929317525	1
2930175764	1
2930208494	1
2930718511	1
29310765	1
2932790588	1
2933447393	8
29345341	1
2935773984	1
2936305422	1
2937515887	1
2938089953	1
2938133724	1
2940112249	1
294053762	1
2942356560	1
2942740044	1
2943293115	1
29440885	1
2945111705	1
2946378182	1
2948534035	1
2948939596	1
2950884788	1
2950895167	1
2950905753	2
2950938067	1
2951708250	1
2953927494	1
2954810418	1
2955551567	1
2955888858	1
2956204705	30
2956515536	1
295777135	1
2957793492	1
2958764400	1
2959216326	1
2959501374	1
2961397364	1
2962374628	2
2963213863	1
2964290666	1
2964354309	1
2964569193	2
2964710121	1
2965065626	1
2965982860	1
2966470797	1
2966970892	1
2967682878	1
2968210600	1
2968256134	3
29690957	1
2969136158	1
2969796985	1
2969819560	1
2970336949	1
2971887154	1
2972309006	1
29748372	7
2975074412	1
2975461172	1
2976750023	1
297848618	2
2979296118	1
2980980327	2
2981182130	1
298139855	1
2982805673	1
2983182948	1
2985147995	1
2985818862	4
2985879882	1
2986622194	2
2987537122	2
29905710	1
2990706009	1
2991122043	1
2991674333	1
2992313335	1
2992546320	1
29927236	1
2993169672	1
2993410394	1
299413616	16
29955111	1
2996428088	1
2997013028	7
2997202992	1
2997403608	1
2998682088	1
2999658401	1
2999672518	1
2999752275	7
2999804950	1
30012714	1
3002100596	2
3005559517	49
3006375111	1
3006855485	1
3007329504	1
3007606706	1
30080353	2
300875086	1
3009542394	2
3009819962	2
3010556565	2
3010725104	2
30113280	1
3011436775	2
3011739134	1
3011960894	1
30131061	1
3013160215	1
3013702747	5
3014806173	1
3015375159	1
3016371735	3
3016707079	1
3016858651	5
3016942783	1
3017626887	1
3017654325	30
3019533199	1
3019850691	1
3020844178	3
3022343638	1
3022605750	1
3022827193	1
302349992	2
3024469669	1
302545862	1
3025587754	2
3026582718	1
3027642625	1
302772765	1
3028535478	1
3028966429	1
30290055	1
302906876	10
30290778	1
3029090631	1
3029943511	2
3033124850	1
3033399095	2
3033830131	1
3035279093	1
303569678	3
3040956619	1
3041863823	1
30437065	1
3044090437	1
3044159284	134
30442966	1
3044383397	2
3045408737	2
3049612215	1
3050034435	3
3051035051	1
3051829922	7
3052830904	4
3053524936	2
3058526162	1
3059703112	1
30597770	1
3062071730	1
3063277571	2
3063612531	2
3064388656	5
306494967	1
3065668404	1
3066075088	1
306610628	2
3067486679	1
3068208029	1
30694719	1
3070832660	1
3071556705	2
3071692525	2
3075993632	1
3076367314	1
3076458912	1
3077676425	1
30788083	1
3079105451	4
3080473594	1
3081076452	1
3084444185	2
3087769032	3
3089152302	1
3091880403	45
3091884801	48
3092480908	1
30940468	1
31001654	20
3100250551	6
310100383	1
3101996487	5
310351303	2
3103610591	1
310437728	1
31057364	1
310611950	1
31064165	2
31073264	1
310810506	1
3108351	6
3108772197	1
3108940967	1
3109017077	1
3109188652	1
3112422220	1
31168926	1
312171443	1
312187630	1
312664499	1
312681971	2
313678941	4
313888969	1
314005753	3
314468797	1
314695175	4
315306053	1
315903589	1
316116530	4
316404325	1
316527293	1
316766037	2
317450972	1
317586435	1
317975803	1
31800110	2
32022683	1
32103418	1
321692995	2
32189808	1
322090544	1
322650695	1
322963627	4
32308425	1
323092381	1
32376336	1
32389968	1
324698160	2
324995389	3
325669249	1
325836703	1
326483866	1
32667707	2
32674236	4
327111975	1
327141478	2
327267437	1
32772630	1
328040224	1
328152610	1
328878936	1
329838136	4
330289552	1
33326654	1
334118992	1
334536289	1
335272177	1
337267500	1
33747430	1
338330795	1
33844041	1
33858748	1
33927725	1
33980532	1
339903277	1
341474150	1
341482511	1
34194902	1
34234183	1
342455473	4
34255540	1
34379501	1
345778482	1
34716975	1
34733538	1
348031443	1
348642818	3
34939208	1
349574943	1
352241771	1
353613004	1
35365619	2
35411199	1
35420682	3
35480744	2
35643668	1
356577362	1
35659920	1
358250214	1
35850345	1
35934999	2
35969984	2
36041084	1
360462212	1
36102165	10
361195470	1
36148700	1
361912377	1
361959844	1
36212060	1
362185668	1
362311295	1
36287403	1
363745852	1
364514620	1
36460987	1
365136998	1
367235898	1
367337523	2
36741197	2
36761914	1
367842499	1
36952138	1
369535157	1
369897589	1
36992781	1
370238655	1
370291744	1
37042314	1
370662547	2
371980886	1
37210226	1
37238868	13
372503256	1
373102216	1
373457750	6
373773598	1
373975228	1
37399630	1
374654908	1
374666430	1
37469211	6
374845889	1
37495309	1
375732875	1
376008436	1
376367767	2
376562555	1
376753833	1
376815325	1
3771171	1
37716108	2
37718217	2
377244616	1
377755817	1
378010498	1
378208943	1
378381964	1
38053161	1
381169697	1
381180318	1
381190911	1
381212639	1
381224685	1
381224814	1
381321363	1
381696140	3
381872892	1
381920622	1
38301261	1
383077253	1
38308188	2
383927121	1
383951841	2
38419159	2
38502647	2
385113243	1
385424999	1
385898501	2
386066492	1
386128194	1
386770863	1
386787305	5
387173889	1
387846089	1
388727162	1
389546847	1
38964336	1
390381898	9
390896189	1
391464226	2
391815569	1
392774118	1
392938785	1
393049830	1
393797909	1
39384997	1
39466932	1
39546678	36
39572320	2
397230151	2
397838909	1
399619659	1
40012474	1
400278676	1
40045763	2
400784846	1
40145338	1
402154483	3
402489347	1
402937312	1
403076729	2
403762018	1
404853456	3
405002095	1
405289917	3
40586737	1
406289145	1
40632926	1
406435327	1
40677346	1
406919141	1
40847455	1
40856171	1
40911537	1
409255935	2
41035939	2
41134951	1
413344125	1
414600500	7
414904961	1
415187424	1
41537564	1
41603960	1
41726817	1
417486828	1
418104982	1
418646433	1
419018283	1
419728487	2
420117089	2
420649483	2
421938080	1
423888869	1
424383	1
42589787	1
425917134	1
425935315	1
426105691	1
42684729	1
427465564	1
427529204	1
42817815	1
428971031	4
430134459	1
430841130	6
431107578	1
43123567	1
431239530	1
43130225	2
431978499	1
432089037	1
432242860	1
43259506	1
432726108	1
43295161	1
433543251	1
434585175	1
435440167	1
43654948	1
436707351	2
437407245	2
43797208	1
438450595	1
438653267	1
43898598	2
439530635	1
439579676	1
440228392	1
440310818	1
44060322	19
44078873	1
441266245	1
442298073	1
44418666	1
44480204	1
445291350	1
44724005	1
447289978	2
44782357	1
447843281	1
44843270	1
44940028	1
449967071	1
450610574	2
450629782	1
451155741	1
452335987	1
45369946	1
455483050	2
45548860	2
45578271	1
456957462	2
45898191	2
45925016	1
459708890	2
461607890	1
46161469	1
463162523	1
463828538	1
463861175	1
46423945	1
466333756	7
46653996	2
466821972	1
468670807	1
468703129	1
468758663	4
470941520	1
471121755	6
47178373	1
472072419	1
47247213	5
472659133	1
47269365	1
47272490	1
473009879	1
474249895	1
474304890	1
475274420	1
475524030	2
477600738	1
478908867	1
479193641	2
479556811	1
479613752	1
479757960	1
48041449	1
480445817	1
48185277	1
482335488	1
482524635	1
48431093	1
484773756	1
485382140	2
48556270	1
485735637	1
485844722	1
48597029	2
486112997	1
486468358	1
48654466	1
487441222	1
488584876	2
489022370	4
49054577	1
490808118	6
49091558	1
49138823	1
49163496	1
49182982	1
49216749	1
492648022	2
493184262	1
49605610	1
49663205	1
496904835	1
49724103	1
498166332	2
498631199	1
50177984	2
50700978	1
508035271	1
508168526	1
50828131	1
509627662	2
511249677	1
511970896	26
512104951	1
512525774	1
513934863	1
51496346	1
516096222	1
516519174	1
51683048	1
517168840	2
5174401	1
518954841	1
519290659	1
52126417	3
521737922	2
52247328	2
523059225	1
524732173	1
525839377	1
528770977	8
529012701	2
529167074	1
52958940	1
529639414	1
532029122	1
53215424	3
533972176	1
53584956	2
53607814	1
536289817	1
537128946	2
539426021	1
540062157	1
540346883	8
541143559	1
541894173	3
542754255	1
54419125	1
544484168	1
545618159	8
546213528	1
54627563	1
546339648	1
54643082	2
5471512	1
548067809	1
54914153	1
549533958	1
549657836	1
550066003	1
554417352	1
555584993	1
55561590	13
557135617	1
557783735	1
557874212	1
558755062	3
55896064	2
559066696	1
559118898	1
559248092	1
561742581	2
5627542	1
562817303	1
56287225	1
562995991	1
56413167	1
56500667	1
56585069	1
566635607	1
56683226	1
566854299	1
567452784	15
56789832	1
570154956	3
570481298	2
571990164	1
57251875	1
572961420	2
57333974	1
57343654	1
575552830	1
575576964	4
575663542	1
57715740	1
578327785	1
57849762	1
57936659	1
579962917	1
581221150	1
5823332	1
582689833	3
58290199	2
584633335	1
584837915	2
585934344	2
589261776	1
59035579	1
591335059	2
591380208	1
592497932	1
593342422	1
59393368	2
594141180	2
594183579	2
594191703	1
594365164	1
59470218	1
595659014	1
59596921	1
596528879	1
596733800	4
596805219	1
597485789	2
5983882	1
599449330	2
600505692	1
60113926	1
60150406	1
602449513	1
602767623	1
60305143	1
603141492	1
603660185	1
60514666	1
606013463	1
606280470	1
6067992	1
607274333	1
607507412	1
60787247	2
60927389	1
609304305	2
609446340	2
60984284	1
611168400	1
611987690	2
612135517	1
61218352	1
612308340	1
61243475	3
612933226	3
61342056	3
613515240	2
61422913	7
615965380	3
616400374	1
61661638	9
617530770	1
618228289	2
618862388	1
618912193	1
61932015	1
62110679	1
62135215	1
62155958	1
624413	1
624920658	1
625185937	1
626345722	1
626840066	1
627503488	1
627904397	1
632296843	2
633362990	1
633726320	1
635677960	1
636545451	1
64109894	1
64137761	1
64731945	1
65278254	1
65373133	1
65448361	1
6639492	1
66510605	1
66739237	1
67200995	1
67803007	1
68144782	1
68559732	4
69032114	1
69037542	1
69476342	1
6968182	5
69811729	1
70051695	1
702374942	1
704897486	90
705540042	1
706119139	1
707279864	1
70748534	2
708564527	1
709800862	1
709889718	1
711517168	1
712632668	2
713218818	1
714051110	1
714235303	1
715612315	1
716748698	1
71885806	2
718928220	1
719240839	1
720867367	1
72259507	1
7227662	1
724488420	1
725193884	1
725577499	1
726393	1
728700470	12
72892215	1
72907355	2
72928001	6
7309052	1
73105448	1
73194395	1
732429464	12
732759260	1
733661322	2
734215934	1
734289750	1
7344572	1
73545832	3
735643934	2
737539728	1
739405350	1
74003541	1
74104397	137
741147679	1
74311815	1
743163510	1
744181674	1
7459042	1
746282388	1
747125738	1
74720526	4
747994214	1
748366758	1
7517052	5
75434769	1
754485	1
755582	1
7556002	1
756228000	1
75630518	1
75718330	2
758588228	1
760195754	1
76593765	1
76607138	1
76921999	7
771629515	4
774494725	1
779088110	2
780138300	1
78166923	1
782030712	3
782812542	1
7836182	3
785515992	3
786065941	1
786405282	2
78644968	2
786497058	1
788333744	1
788416957	1
789885116	1
793655922	1
794705682	1
794815	1
795408560	1
8016272	1
801698222	2
80289311	1
803977459	1
805805178	1
80697114	1
808271712	1
808669694	1
812124192	1
818071	12
818081647	2
81964831	1
820110584	4
821949740	1
823440576	1
8250252	1
825286027	1
827637582	1
829428511	1
830896878	1
83096478	1
83123686	1
83372488	1
83816037	1
8391462	1
839644764	1
840700028	1
84115026	1
84165902	1
843010442	1
84365116	1
84402174	2
84437682	1
84735681	1
84996648	1
856180171	1
85735717	1
85879140	1
859984260	1
862369622	1
863145667	4
864172386	1
867148020	2
868379449	1
868590294	1
869478499	1
870543612	1
870818204	6
871277821	48
872549730	1
87365243	1
874438663	1
87822271	2
879711720	3
88007419	1
88055463	1
884306288	1
884600372	1
88547138	1
88601358	1
887743975	1
89225644	1
892343988	1
893636851	1
89482087	1
89854883	1
89991394	2
900470425	1
90164881	1
903932810	1
903946567	1
904039608	1
90439860	2
904968246	2
9071062	3
915037519	1
915720510	1
91809253	1
919131332	1
921617418	1
922108304	1
923347362	1
92390723	2
925858910	1
927629822	1
9287942	1
929083760	1
929178248	1
932502344	2
933545473	1
934095842	3
935242836	4
93532074	1
93723527	1
93903491	1
93913891	1
94172546	2
942186582	1
946313485	47
946555122	1
946957866	1
948361897	2
950517078	3
95107840	2
95863011	2
959426120	1
960484783	4
960735894	1
960834355	2
961797541	13
962744707	3
963123186	1
964372705	1
96566924	1
966726223	1
97479608	1
97729358	1
978671796	1
978767750	1
98158750	1
98439400	2
98483556	1
985406924	2
987773264	1
989	1
989459318	1
989657845	1
989690640	1
99129943	1
992017670	2
992182100	5
994223300	2
996051864	1
996069888	1
