100024370	1.0
100051020	1.0
1000798291	1.0
100082185	1.0
1001192245	1.0
100286145	1.0
1004114520	1.0
100634717	1.0
1006630980	1.0
1007915173	1.0
1011339350	1.0
101186457	1.0
1013520492	1.0
101431978	1.0
1017920461	1.0
1018083266	1.0
101844599	1.0
101876637	1.0
1018785420	1.0
101903984	1.0
10198262	1.0
1020171044	1.0
1020182690	1.0
1022728596	1.0
102325185	1.0
10236782	1.0
10238532	1.0
1024259730	1.0
102481836	1.0
102710585	1.0
102714519	1.0
102800191	1.0
10282862	1.0
1031976865	1.0
103319183	1.0
1036721035	1.0
103791489	1.0
1038116166	1.0
1039081430	1.0
1039541	1.0
1040551766	1.0
1040640698	1.0
1041463176	1.0
104185085	1.0
1042482384	1.0
104257356	1.0
104952689	1.0
1051789562	1.0
105196282	1.0
105252513	1.0
1053318019	1.0
105548711	1.0
105562080	1.0
105845978	1.0
105926515	1.0
1059676711	1.0
106206358	1.0
1064015220	1.0
1064474702	1.0
106498703	1.0
106504911	1.0
10650732	1.0
106531857	1.0
1067429730	1.0
1068452287	1.0
106922623	1.0
1069486704	1.0
10717952	1.0
1072940342	1.0
1076195652	1.0
1076916151	1.0
10769212	1.0
10778222	1.0
108021761	1.0
1080479407	1.0
10819222	1.0
108451640	1.0
108511039	1.0
108660721	1.0
108685618	1.0
10883952	1.0
1089765691	1.0
109120379	1.0
109145757	1.0
1092348054	1.0
109350515	1.0
1095563516	1.0
109617683	1.0
109995803	1.0
110147594	1.0
110277416	1.0
110401235	1.0
1105117747	1.0
110539278	1.0
110581612	1.0
110781385	1.0
1109116542	1.0
1113177727	1.0
11148192	1.0
111585151	1.0
111623520	1.0
111769378	1.0
111838410	1.0
1121028973	1.0
1122634170	1.0
1123297194	1.0
1129206217	1.0
113083566	1.0
1131710305	1.0
1131932318	1.0
113213802	1.0
113369057	1.0
113390942	1.0
113410319	1.0
1134865189	1.0
1134874560	1.0
113490594	1.0
113500123	1.0
1135299488	1.0
1137129578	1.0
113726458	1.0
1137852697	1.0
1138146079	1.0
113848677	1.0
113897359	1.0
113950546	1.0
1140708116	1.0
1141627460	1.0
1146967842	1.0
114782468	1.0
114845234	1.0
1149158804	1.0
114929136	1.0
1152105936	1.0
115268948	1.0
115432090	1.0
1155905833	1.0
1157691163	1.0
1161725924	1.0
1163696714	1.0
1164357870	1.0
116621693	1.0
116816715	1.0
11686132	1.0
116928534	1.0
117000693	1.0
1170903715	1.0
1170997681	1.0
11718342	1.0
117248779	1.0
1176084458	1.0
1177050499	1.0
1177550208	1.0
1178507594	1.0
1180622503	1.0
1183310281	1.0
118331219	1.0
118581630	1.0
11864732	1.0
118794845	1.0
1188054740	1.0
118862957	1.0
1190625589	1.0
119410176	1.0
1195066285	1.0
119751785	1.0
119860871	1.0
1198625006	1.0
1198712300	1.0
1199439283	1.0
120130287	1.0
120148426	1.0
1201683000	1.0
120190615	1.0
120242824	1.0
12057032	1.0
120588923	1.0
1206200186	1.0
12072492	1.0
1207744728	1.0
1209595398	1.0
120965481	1.0
1209867661	1.0
121053500	1.0
1210641278	1.0
1210652732	1.0
12114462	1.0
121158213	1.0
121173149	1.0
121472330	1.0
12159562	1.0
1216821044	1.0
1216954544	1.0
121746633	1.0
122152316	1.0
1222829917	1.0
12234352	1.0
1225690004	1.0
123125462	1.0
123136593	1.0
123137244	1.0
123147423	1.0
123174284	1.0
1232513382	1.0
123623227	1.0
123639176	1.0
123662382	1.0
1241660304	1.0
124258437	1.0
1245007357	1.0
1245395222	1.0
1245579715	1.0
124585235	1.0
1246096020	1.0
1246273074	1.0
12477192	1.0
124779106	1.0
1249383896	1.0
125210248	1.0
125231640	1.0
125411167	1.0
125436708	1.0
125773679	1.0
1260261013	1.0
126067662	1.0
126110034	1.0
1262258454	1.0
12648652	1.0
12649752	1.0
1266006373	1.0
1266345439	1.0
126640430	1.0
126687949	1.0
126743971	1.0
1267670126	1.0
1269559484	1.0
1270748916	1.0
1272751392	1.0
127589967	1.0
1275929029	1.0
1277178181	1.0
1279147374	1.0
12794362	1.0
127996567	1.0
1281072037	1.0
1281621649	1.0
1282321116	1.0
128272637	1.0
1283361	1.0
1284745723	1.0
128676992	1.0
1289469470	1.0
12910082	1.0
1297151796	1.0
1297336626	1.0
1298935814	1.0
129899797	1.0
1300380420	1.0
1304634055	1.0
1305451382	1.0
130673445	1.0
1307452536	1.0
130888096	1.0
130888741	1.0
1309584812	1.0
1310272820	1.0
1310354202	1.0
1310746040	1.0
131116719	1.0
1311348206	1.0
1311805159	1.0
1315790101	1.0
131609773	1.0
1318529594	1.0
1319221	1.0
1319944056	1.0
1320968377	1.0
132363589	1.0
1323714788	1.0
132380872	1.0
1327241353	1.0
1329243757	1.0
1329717295	1.0
13297232	1.0
133379474	1.0
133425913	1.0
13364642	1.0
1337082139	1.0
133719675	1.0
133910588	1.0
133940825	1.0
13400562	1.0
1340442012	1.0
134233015	1.0
134249443	1.0
134292653	1.0
134405125	1.0
1345672002	1.0
1345720669	1.0
1345998098	1.0
1347071545	1.0
13471032	1.0
1349856667	1.0
135150713	1.0
1354252658	1.0
135527544	1.0
13576102	1.0
135970150	1.0
1359746220	1.0
1359774865	1.0
1362583376	1.0
1365024919	1.0
1366850106	1.0
1369739395	1.0
1370508554	1.0
137061901	1.0
1372592071	1.0
1373315450	1.0
1373368518	1.0
1373402480	1.0
1373505554	1.0
1375000884	1.0
137652630	1.0
137654269	1.0
1377472224	1.0
1378	1.0
1378502131	1.0
137901322	1.0
137920231	1.0
137955452	1.0
1380851436	1.0
1382696858	1.0
1386366252	1.0
1386531	1.0
1387533103	1.0
1388071068	1.0
1389493454	1.0
1390839968	1.0
1391213720	1.0
1391686380	1.0
1393603976	1.0
139628316	1.0
13967832	1.0
139774225	1.0
139794278	1.0
1398	1.0
1398262381	1.0
139901153	1.0
140258733	1.0
1402824210	1.0
1402993687	1.0
140555788	1.0
140570159	1.0
14057492	1.0
14075190	1.0
1407559375	1.0
14078468	1.0
1409168863	1.0
14104848	1.0
14108990	1.0
1411023614	1.0
141118868	1.0
1411402069	1.0
14114951	1.0
1411784761	1.0
141202555	1.0
1412062452	1.0
141227037	1.0
14123181	1.0
14126376	1.0
14129623	1.0
14129793	1.0
14133912	1.0
1414303712	1.0
14145490	1.0
14146896	1.0
141605349	1.0
1416078199	1.0
1416273570	1.0
14167164	1.0
141685428	1.0
14172659	1.0
14173032	1.0
14175873	1.0
1418264336	1.0
141935925	1.0
14195253	1.0
14216123	1.0
14220991	1.0
14227002	1.0
142323505	1.0
142333812	1.0
14236800	1.0
14247096	1.0
14255185	1.0
14262411	1.0
142739018	1.0
142754319	1.0
14275478	1.0
142832640	1.0
14285650	1.0
14287528	1.0
14296688	1.0
142998490	1.0
1430670998	1.0
1430782460	1.0
1431661122	1.0
14318277	1.0
1434472400	1.0
14346111	1.0
14347047	1.0
14348618	1.0
1434882133	1.0
143773571	1.0
14383563	1.0
143865983	1.0
1439067241	1.0
14420726	1.0
14441207	1.0
14445650	1.0
1446411967	1.0
14469996	1.0
1447240867	1.0
1448698483	1.0
1449251635	1.0
1449955262	1.0
1450167168	1.0
14509420	1.0
14511820	1.0
1452408337	1.0
145262540	1.0
1452702914	1.0
14530634	1.0
14535893	1.0
145496161	1.0
145703415	1.0
14571012	1.0
145717389	1.0
1457218807	1.0
145749220	1.0
1457661439	1.0
1458431035	1.0
146131888	1.0
146162613	1.0
14626496	1.0
14629055	1.0
146293268	1.0
146327601	1.0
14633394	1.0
146451331	1.0
146600232	1.0
1468187089	1.0
1468271971	1.0
1469136235	1.0
1469603575	1.0
1470355465	1.0
1470731052	1.0
14708960	1.0
14714176	1.0
14716089	1.0
14718435	1.0
14722589	1.0
14744629	1.0
1475745116	1.0
14757591	1.0
1476010452	1.0
14767302	1.0
14779075	1.0
14780660	1.0
14781188	1.0
147902687	1.0
1479322380	1.0
14814120	1.0
14818050	1.0
14828249	1.0
148335414	1.0
148373	1.0
148573029	1.0
14857801	1.0
14876847	1.0
1488838998	1.0
14902429	1.0
1490980105	1.0
1491203184	1.0
1491452869	1.0
149159326	1.0
14922536	1.0
14924757	1.0
149300800	1.0
14933262	1.0
14955023	1.0
14955754	1.0
14956471	1.0
149621628	1.0
1496872536	1.0
14971437	1.0
1498908421	1.0
14992469	1.0
149942264	1.0
1499852552	1.0
150094848	1.0
15048943	1.0
150656075	1.0
15081182	1.0
150905976	1.0
15099664	1.0
1510153513	1.0
1510635630	1.0
151072271	1.0
151161683	1.0
15130443	1.0
15132938	1.0
151417664	1.0
15153236	1.0
15159627	1.0
1516712677	1.0
151825459	1.0
15187546	1.0
15192713	1.0
151999209	1.0
1520221472	1.0
1522360556	1.0
15227849	1.0
15240491	1.0
1524347120	1.0
1525578823	1.0
1526288869	1.0
15264378	1.0
15269677	1.0
15281391	1.0
15296897	1.0
153066502	1.0
15306907	1.0
1531556486	1.0
15317292	1.0
15322566	1.0
153323908	1.0
153403310	1.0
1534767079	1.0
153633568	1.0
15378226	1.0
15384133	1.0
15384720	1.0
153861315	1.0
153871260	1.0
153935319	1.0
153998545	1.0
154370973	1.0
1544270486	1.0
1544741402	1.0
1544781733	1.0
154535828	1.0
1546139108	1.0
15463435	1.0
1547662243	1.0
15485461	1.0
1550014584	1.0
155197848	1.0
15526523	1.0
15526966	1.0
15530583	1.0
1553291664	1.0
1553871637	1.0
155517099	1.0
15559996	1.0
15568127	1.0
15568900	1.0
15594090	1.0
155980169	1.0
15598689	1.0
1560174734	1.0
1560440960	1.0
1562927485	1.0
15632680	1.0
15639933	1.0
1565751108	1.0
1567804321	1.0
156919789	1.0
15699248	1.0
1570180292	1.0
15701839	1.0
1571165700	1.0
157193460	1.0
15740972	1.0
1574551854	1.0
15763865	1.0
15777456	1.0
15783627	1.0
1579371308	1.0
15798871	1.0
15812482	1.0
15817191	1.0
1581782214	1.0
15823893	1.0
158375407	1.0
15841958	1.0
15868847	1.0
1587217963	1.0
15876574	1.0
1589120743	1.0
159131559	1.0
159146973	1.0
15917225	1.0
15931663	1.0
1593903523	1.0
15953207	1.0
1596234775	1.0
15962551	1.0
15971805	1.0
1598866891	1.0
1601683238	1.0
16019188	1.0
16020246	1.0
1602147493	1.0
160298969	1.0
16033537	1.0
1603409448	1.0
16049299	1.0
16052373	1.0
160820574	1.0
1610060744	1.0
1610934914	1.0
16113010	1.0
1612027483	1.0
1612153176	1.0
16148514	1.0
16170802	1.0
161785790	1.0
16186635	1.0
1621271	1.0
1623043350	1.0
162419093	1.0
16252960	1.0
1625296296	1.0
16257037	1.0
16259934	1.0
16295834	1.0
163126557	1.0
16320734	1.0
1632826160	1.0
163299688	1.0
16334579	1.0
163537857	1.0
16356297	1.0
16359602	1.0
163630784	1.0
163664036	1.0
1636759074	1.0
1638493381	1.0
163897694	1.0
16399198	1.0
164041723	1.0
1641927720	1.0
16427483	1.0
1643348827	1.0
16437499	1.0
16467189	1.0
16468747	1.0
16480563	1.0
1648349564	1.0
16484677	1.0
16495607	1.0
1650760016	1.0
16530590	1.0
1653401	1.0
1654035020	1.0
165494755	1.0
16556756	1.0
1656247388	1.0
165684558	1.0
16576158	1.0
1657808011	1.0
165860889	1.0
16598957	1.0
1660618903	1.0
1662593401	1.0
1665125166	1.0
166597717	1.0
1666068925	1.0
1666651962	1.0
16687237	1.0
16687349	1.0
166929600	1.0
1669574874	1.0
166990146	1.0
16701881	1.0
1671560821	1.0
167210247	1.0
1672120591	1.0
1673094114	1.0
16731995	1.0
16732770	1.0
16755855	1.0
167722855	1.0
16781924	1.0
16801482	1.0
16802422	1.0
1680622674	1.0
16827489	1.0
16838506	1.0
1686872700	1.0
168691253	1.0
168744961	1.0
16896007	1.0
16907542	1.0
16910198	1.0
1692174140	1.0
1694393618	1.0
1694447893	1.0
169525667	1.0
16969038	1.0
16974180	1.0
169772193	1.0
1698582715	1.0
16995129	1.0
17001893	1.0
1702460779	1.0
1702878548	1.0
170492152	1.0
1705758318	1.0
170616732	1.0
170725663	1.0
17074868	1.0
170774254	1.0
17085087	1.0
1710120552	1.0
1710460484	1.0
17124991	1.0
17130783	1.0
17131268	1.0
171323219	1.0
17133267	1.0
17134730	1.0
1713849307	1.0
17150078	1.0
17156538	1.0
171726464	1.0
171754508	1.0
171788620	1.0
171919007	1.0
172041600	1.0
172105978	1.0
1723453544	1.0
17249855	1.0
172501485	1.0
17261097	1.0
172836249	1.0
1732512931	1.0
173301796	1.0
1733577882	1.0
1734698724	1.0
173623224	1.0
17374916	1.0
17431424	1.0
174536733	1.0
17500537	1.0
17512915	1.0
17529294	1.0
175584371	1.0
17574702	1.0
175754840	1.0
17583572	1.0
17614702	1.0
17616049	1.0
176168308	1.0
176184210	1.0
17632091	1.0
17643237	1.0
176514663	1.0
17654208	1.0
176824779	1.0
17710699	1.0
17726074	1.0
177475572	1.0
177635330	1.0
17780244	1.0
17790265	1.0
178390988	1.0
17841130	1.0
17854610	1.0
17892496	1.0
17905363	1.0
179054279	1.0
17913	1.0
179327909	1.0
179422617	1.0
17945997	1.0
17970167	1.0
17991579	1.0
179932277	1.0
180111748	1.0
18013322	1.0
18034727	1.0
18040393	1.0
18041637	1.0
180473434	1.0
18049798	1.0
18081673	1.0
18083070	1.0
18087614	1.0
180906341	1.0
18113859	1.0
1811561	1.0
18149465	1.0
18170778	1.0
181772413	1.0
18216128	1.0
18222696	1.0
18229276	1.0
18235667	1.0
182440063	1.0
182503524	1.0
182514760	1.0
18265423	1.0
18272063	1.0
182821543	1.0
18308026	1.0
1832181	1.0
183294525	1.0
1833020461	1.0
18378349	1.0
183853112	1.0
18395761	1.0
183972338	1.0
1842216931	1.0
184345490	1.0
18451147	1.0
18455693	1.0
1846038414	1.0
18478797	1.0
18480433	1.0
1848242569	1.0
184881902	1.0
18493404	1.0
1850041968	1.0
185058095	1.0
18528331	1.0
1853290741	1.0
1854186092	1.0
18544464	1.0
1854900966	1.0
185673644	1.0
18574633	1.0
18574762	1.0
1858383722	1.0
18586789	1.0
18587683	1.0
186117957	1.0
18617871	1.0
186917369	1.0
1869471378	1.0
18703437	1.0
18718676	1.0
18719020	1.0
1874836183	1.0
18789002	1.0
188097788	1.0
18814041	1.0
188243290	1.0
188398607	1.0
1884013189	1.0
18866772	1.0
18876482	1.0
18879188	1.0
1888644360	1.0
18899842	1.0
18916747	1.0
189242422	1.0
18944615	1.0
18952948	1.0
18958504	1.0
189629190	1.0
189784702	1.0
18983688	1.0
18989537	1.0
189950338	1.0
1904821021	1.0
190777222	1.0
1908603404	1.0
19090219	1.0
1909462112	1.0
1909514695	1.0
191005840	1.0
1912519352	1.0
19141041	1.0
1915103876	1.0
191581899	1.0
191616875	1.0
192026827	1.0
19203981	1.0
1921459111	1.0
19220698	1.0
19225408	1.0
192339203	1.0
1923729505	1.0
1923879936	1.0
1923890856	1.0
1923902360	1.0
1923926642	1.0
1923938851	1.0
1923947209	1.0
1924310023	1.0
1924312855	1.0
1924316509	1.0
1924476596	1.0
1924514210	1.0
19246655	1.0
19259132	1.0
1926203599	1.0
192640294	1.0
19267390	1.0
19270995	1.0
192743745	1.0
19276572	1.0
192777521	1.0
1932016117	1.0
193323937	1.0
193542064	1.0
19358428	1.0
19390974	1.0
19400611	1.0
194137231	1.0
194268330	1.0
1944448274	1.0
1944646057	1.0
19462442	1.0
19464543	1.0
1946807360	1.0
194710059	1.0
19485664	1.0
19493257	1.0
19495154	1.0
1949701902	1.0
1950172806	1.0
1951837074	1.0
1952436260	1.0
195305159	1.0
195359488	1.0
195368080	1.0
19546277	1.0
1954730264	1.0
1954989128	1.0
1955026304	1.0
1955389074	1.0
19560393	1.0
195852859	1.0
1958752610	1.0
1958816220	1.0
19600416	1.0
1961041356	1.0
1962132428	1.0
19627971	1.0
19629551	1.0
1963085300	1.0
1963249489	1.0
1963312465	1.0
1964714336	1.0
1964716700	1.0
1964742475	1.0
1965664796	1.0
1967170620	1.0
19688598	1.0
1969267836	1.0
1969285428	1.0
1969307184	1.0
1969332830	1.0
1969344636	1.0
1969351880	1.0
1969391552	1.0
1969396292	1.0
1969421654	1.0
1969432770	1.0
1969449714	1.0
1969456964	1.0
1969461786	1.0
1969464060	1.0
1969465190	1.0
1969513890	1.0
1969523258	1.0
1969529136	1.0
1969541850	1.0
1969546070	1.0
1969550288	1.0
1969557474	1.0
1969561436	1.0
1969561496	1.0
1969573549	1.0
1969580047	1.0
1969580150	1.0
1969597603	1.0
1969599049	1.0
1969621112	1.0
1969627202	1.0
1969654646	1.0
1969660176	1.0
1969660368	1.0
1969663010	1.0
1969669676	1.0
1969672561	1.0
1969680204	1.0
1969694394	1.0
1969703274	1.0
1969713649	1.0
1969714890	1.0
1969740852	1.0
1969775744	1.0
1969787845	1.0
1969809337	1.0
1969871132	1.0
1969878559	1.0
1969900956	1.0
1969917420	1.0
1969944324	1.0
1969947438	1.0
1969953883	1.0
1969955222	1.0
1969959752	1.0
1969992212	1.0
1970005627	1.0
1970014441	1.0
1970057612	1.0
1970174010	1.0
1970199818	1.0
1970233190	1.0
1970233698	1.0
1970233862	1.0
1970249623	1.0
19717430	1.0
19717586	1.0
1976890536	1.0
1977344317	1.0
19776790	1.0
19777610	1.0
197869772	1.0
19790872	1.0
1979190776	1.0
19793176	1.0
197934198	1.0
19807729	1.0
19897450	1.0
199218897	1.0
19962813	1.0
19969726	1.0
199910491	1.0
19992655	1.0
200528348	1.0
20052935	1.0
20060120	1.0
20074303	1.0
20088161	1.0
20097362	1.0
201221109	1.0
201296379	1.0
20158190	1.0
20159497	1.0
20172533	1.0
20180840	1.0
202003	1.0
202100189	1.0
20232786	1.0
20264511	1.0
20274971	1.0
202915788	1.0
202948351	1.0
20331665	1.0
20345218	1.0
20351876	1.0
203615803	1.0
203652149	1.0
204010235	1.0
20402945	1.0
204098062	1.0
204149086	1.0
20424086	1.0
204319668	1.0
20449296	1.0
204526462	1.0
20458407	1.0
20461206	1.0
204616970	1.0
20461878	1.0
20470594	1.0
204803220	1.0
204945929	1.0
20495796	1.0
205041931	1.0
20517779	1.0
20520010	1.0
20522662	1.0
20523223	1.0
20524670	1.0
20532803	1.0
20611469	1.0
20654759	1.0
20671814	1.0
206912295	1.0
20704445	1.0
20704612	1.0
20704858	1.0
20715279	1.0
20715638	1.0
20722021	1.0
207271383	1.0
20737589	1.0
207435193	1.0
20749160	1.0
207720893	1.0
207859759	1.0
20822613	1.0
20822796	1.0
20855937	1.0
20857912	1.0
20866038	1.0
20868465	1.0
20908746	1.0
2092801	1.0
20948750	1.0
209893887	1.0
209907837	1.0
21019028	1.0
21045893	1.0
210506986	1.0
21050828	1.0
210725073	1.0
210971939	1.0
211098229	1.0
21110732	1.0
211150550	1.0
21124751	1.0
21151749	1.0
21152643	1.0
211938807	1.0
21233042	1.0
21291663	1.0
21297217	1.0
212995238	1.0
21304210	1.0
21328656	1.0
21342715	1.0
2136001	1.0
21374267	1.0
213936621	1.0
21394549	1.0
214291146	1.0
214321318	1.0
214479702	1.0
2147877331	1.0
2148971516	1.0
214993766	1.0
2150696418	1.0
2150927341	1.0
2151504811	1.0
2151676471	1.0
21516862	1.0
2152741188	1.0
2153467878	1.0
2153678791	1.0
2153916871	1.0
2155645134	1.0
215664223	1.0
21567957	1.0
2157811778	1.0
215896904	1.0
216080694	1.0
2161206156	1.0
2163285464	1.0
216421322	1.0
2165203542	1.0
2165642192	1.0
21661809	1.0
2166195704	1.0
21679494	1.0
216798259	1.0
216843073	1.0
21689176	1.0
216917949	1.0
2169581947	1.0
2169598345	1.0
2169708528	1.0
217011425	1.0
2171224437	1.0
217159658	1.0
2171837372	1.0
21734113	1.0
2173999435	1.0
2174552635	1.0
21745565	1.0
2175055010	1.0
2176272606	1.0
2176351197	1.0
217643345	1.0
2177764470	1.0
2177885586	1.0
21793923	1.0
218013625	1.0
2181281054	1.0
2181314366	1.0
2181326676	1.0
2181334776	1.0
2181346825	1.0
21813540	1.0
2181357950	1.0
2181390564	1.0
2181403417	1.0
21820251	1.0
21827572	1.0
218360436	1.0
21836778	1.0
21838413	1.0
218430551	1.0
2186300442	1.0
21864105	1.0
2186521309	1.0
2188878691	1.0
21893240	1.0
21932707	1.0
219329534	1.0
219472421	1.0
2194729068	1.0
2195055925	1.0
2195446502	1.0
2195543761	1.0
21966773	1.0
2196900553	1.0
2197054086	1.0
2197078218	1.0
2197099980	1.0
2197116199	1.0
2197132710	1.0
2199676916	1.0
21997254	1.0
2200605978	1.0
2202375985	1.0
22024242	1.0
22025022	1.0
2202568208	1.0
220264014	1.0
2202846054	1.0
2202855620	1.0
22029004	1.0
2204135624	1.0
22042454	1.0
220762952	1.0
2208541680	1.0
22093804	1.0
2209523333	1.0
221057424	1.0
2212384448	1.0
221265552	1.0
2212755500	1.0
2213981	1.0
22140529	1.0
2214818162	1.0
2216333869	1.0
2218386410	1.0
221880939	1.0
22192826	1.0
2220015630	1.0
222187111	1.0
222507714	1.0
2225264945	1.0
2225300413	1.0
222625575	1.0
22275782	1.0
2230330501	1.0
2231502417	1.0
22315243	1.0
22315431	1.0
22315919	1.0
2231654796	1.0
22320655	1.0
223329689	1.0
2233924628	1.0
22340499	1.0
223424181	1.0
2234758370	1.0
22373552	1.0
2238218136	1.0
223861087	1.0
2238814035	1.0
2239864518	1.0
224020036	1.0
2241485071	1.0
224180296	1.0
224281922	1.0
22429982	1.0
224387007	1.0
224436549	1.0
22447093	1.0
2245748490	1.0
224577823	1.0
224770025	1.0
224849665	1.0
22501143	1.0
2250592015	1.0
2252559062	1.0
225381056	1.0
22547411	1.0
2254759674	1.0
2256758983	1.0
2256809628	1.0
2259177605	1.0
226024854	1.0
2260795585	1.0
2260954471	1.0
2261405917	1.0
2263437272	1.0
2263452746	1.0
2263467936	1.0
2264634042	1.0
2265549845	1.0
226828258	1.0
22690112	1.0
226979010	1.0
226990146	1.0
2270416014	1.0
22711691	1.0
2272207286	1.0
22736244	1.0
2273872578	1.0
227469180	1.0
2275658568	1.0
22768356	1.0
2276954768	1.0
22796729	1.0
2280771642	1.0
2280983368	1.0
2281188906	1.0
228211937	1.0
2283065642	1.0
22836731	1.0
2283770768	1.0
2285388840	1.0
2285639558	1.0
2285653358	1.0
22857612	1.0
2286097290	1.0
22890570	1.0
228942211	1.0
22897761	1.0
228977783	1.0
2290053787	1.0
2290157628	1.0
2291199907	1.0
2291369929	1.0
22927050	1.0
2293929182	1.0
2294809898	1.0
2295050682	1.0
2296647594	1.0
2297682193	1.0
2298153408	1.0
2299216254	1.0
229959010	1.0
23006271	1.0
2301564830	1.0
230209990	1.0
2302598977	1.0
2303053614	1.0
2303262378	1.0
23036965	1.0
23059499	1.0
2307248647	1.0
2307296066	1.0
2307419720	1.0
23076722	1.0
2307783066	1.0
230781635	1.0
23084050	1.0
23118937	1.0
23121787	1.0
23131068	1.0
2314283817	1.0
231494313	1.0
231582881	1.0
2315988728	1.0
2317824278	1.0
2317833127	1.0
2318139319	1.0
2318307456	1.0
2319225180	1.0
2319466692	1.0
2319599660	1.0
2319600132	1.0
2321168600	1.0
2321350494	1.0
2321522203	1.0
23221109	1.0
232317403	1.0
2323396574	1.0
2324022344	1.0
23254816	1.0
2325905011	1.0
2325975522	1.0
232603676	1.0
2326144026	1.0
2326214172	1.0
232633486	1.0
2326370445	1.0
232851047	1.0
2328984788	1.0
2329595875	1.0
232963053	1.0
2329702863	1.0
2331387967	1.0
2331632952	1.0
2331765991	1.0
2332151780	1.0
2332199730	1.0
2332652408	1.0
233318165	1.0
2333547493	1.0
2334410965	1.0
2334614718	1.0
2335119450	1.0
23376223	1.0
233886250	1.0
2339595667	1.0
2339874805	1.0
2340751033	1.0
2341038491	1.0
2341064798	1.0
2341281566	1.0
2341445778	1.0
234155392	1.0
2342192654	1.0
2342215530	1.0
2342591485	1.0
2342763212	1.0
23434774	1.0
2343953910	1.0
2344004563	1.0
2344117465	1.0
2344531388	1.0
2344619544	1.0
23450320	1.0
234516403	1.0
2345522113	1.0
2346652446	1.0
2347049569	1.0
2348716116	1.0
234905726	1.0
234956680	1.0
2350728631	1.0
2351112571	1.0
235190329	1.0
2352562980	1.0
2355018890	1.0
2355225980	1.0
235648313	1.0
2356524462	1.0
2356608396	1.0
2356802040	1.0
2359079630	1.0
2359276710	1.0
2359815266	1.0
2360669288	1.0
236073463	1.0
2361133573	1.0
2361631088	1.0
236195607	1.0
2362424485	1.0
2362929943	1.0
236320634	1.0
23633168	1.0
2363891865	1.0
2363914387	1.0
2364889134	1.0
236518570	1.0
236621887	1.0
23662753	1.0
2366685349	1.0
2368238768	1.0
2369259613	1.0
23693806	1.0
2370520826	1.0
2371001545	1.0
2372014244	1.0
2372227478	1.0
2372479135	1.0
237295889	1.0
2373813025	1.0
2373819572	1.0
2375479933	1.0
2377116787	1.0
23772501	1.0
2378294428	1.0
23792255	1.0
237994484	1.0
23799829	1.0
2380303894	1.0
2380491180	1.0
2380959451	1.0
2383634756	1.0
2383717754	1.0
2383861202	1.0
2385457856	1.0
2385812455	1.0
2385851994	1.0
2385944899	1.0
2385964938	1.0
2385987007	1.0
23861293	1.0
2386361	1.0
23871787	1.0
2387980848	1.0
2388496231	1.0
23890475	1.0
23892061	1.0
23898700	1.0
2390444581	1.0
239080208	1.0
2391736411	1.0
2392077660	1.0
2392142848	1.0
2394624246	1.0
2395258519	1.0
23954327	1.0
239690107	1.0
2397975692	1.0
2398137084	1.0
2399391152	1.0
239958055	1.0
23998069	1.0
2400261865	1.0
2400287502	1.0
2400311742	1.0
2400446299	1.0
2400601442	1.0
240078196	1.0
2401925442	1.0
240377633	1.0
24040931	1.0
240503095	1.0
2405531310	1.0
240775180	1.0
2409150423	1.0
2410182475	1.0
2411631840	1.0
241241262	1.0
241260070	1.0
2413664017	1.0
2414833674	1.0
2414877108	1.0
2414906984	1.0
2414988282	1.0
24159442	1.0
24162350	1.0
2420713926	1.0
242079030	1.0
2421030156	1.0
2421098443	1.0
2421291205	1.0
24214128	1.0
242211170	1.0
242359437	1.0
2423650029	1.0
2423710675	1.0
2424542300	1.0
2424583266	1.0
242469235	1.0
2426178704	1.0
2427241285	1.0
2427265178	1.0
2428916787	1.0
242954869	1.0
242980801	1.0
24303232	1.0
2431138237	1.0
2431675020	1.0
2431840482	1.0
2431894393	1.0
243199871	1.0
2432351047	1.0
243276682	1.0
2433096164	1.0
243318995	1.0
2434397022	1.0
2434667474	1.0
2435344904	1.0
2435483478	1.0
2435545358	1.0
2435617675	1.0
2435655145	1.0
2435931235	1.0
2436393168	1.0
243645538	1.0
2436467784	1.0
243692482	1.0
2437103370	1.0
2439074089	1.0
2439118550	1.0
24393453	1.0
2440274030	1.0
2440310750	1.0
2440346065	1.0
2440396680	1.0
2440465519	1.0
2440894303	1.0
2440969560	1.0
244242920	1.0
2442488953	1.0
24428801	1.0
2443141226	1.0
2444882707	1.0
2445382134	1.0
2445561206	1.0
2445717607	1.0
2446101301	1.0
2446369843	1.0
244677736	1.0
2447547871	1.0
2447901655	1.0
2447928920	1.0
2447967798	1.0
2448524059	1.0
2448859862	1.0
24489242	1.0
2450213047	1.0
24515114	1.0
24519183	1.0
245193794	1.0
2452122962	1.0
2453857040	1.0
245475764	1.0
245540050	1.0
2455585854	1.0
2455775754	1.0
2456850254	1.0
245721011	1.0
2457395341	1.0
2457973316	1.0
2459022722	1.0
24590532	1.0
245956492	1.0
2460411168	1.0
2460467689	1.0
24609836	1.0
24613420	1.0
2461556142	1.0
24618777	1.0
2463065714	1.0
2463334585	1.0
246342807	1.0
246376174	1.0
2463782288	1.0
2463847158	1.0
2464284763	1.0
2464784378	1.0
24647967	1.0
2467914348	1.0
2468242014	1.0
2468392196	1.0
2469546277	1.0
2470102453	1.0
24710832	1.0
247129083	1.0
2471368838	1.0
247176719	1.0
2471879203	1.0
24725800	1.0
2473158204	1.0
2473164620	1.0
247391816	1.0
2474838727	1.0
2475510223	1.0
2476888171	1.0
2477535198	1.0
2477604932	1.0
2477670968	1.0
2478606366	1.0
2478990943	1.0
247946309	1.0
24803082	1.0
24808228	1.0
2480827290	1.0
2480921788	1.0
2480951786	1.0
24818053	1.0
24820841	1.0
2482710715	1.0
2482721760	1.0
2483045534	1.0
2483060934	1.0
2483091660	1.0
2483260820	1.0
2483277722	1.0
2483318750	1.0
248467487	1.0
2484784825	1.0
2486374855	1.0
248672900	1.0
2487791838	1.0
248836670	1.0
24884799	1.0
248884036	1.0
2488916414	1.0
2490604044	1.0
2490644965	1.0
249179084	1.0
249210112	1.0
24927996	1.0
24931820	1.0
2493776618	1.0
249531407	1.0
2497045194	1.0
2497155344	1.0
2497275403	1.0
2497680109	1.0
2497773692	1.0
249798987	1.0
249924827	1.0
250057361	1.0
2502877615	1.0
250340751	1.0
250362489	1.0
2505388730	1.0
2506307970	1.0
25072474	1.0
250758475	1.0
2510302130	1.0
2510365729	1.0
2511039841	1.0
2511399482	1.0
25115086	1.0
25120411	1.0
2512045975	1.0
2512484821	1.0
2513785820	1.0
2513809958	1.0
2513966058	1.0
2514013075	1.0
2514026192	1.0
2515233745	1.0
2516040014	1.0
25163231	1.0
2516334476	1.0
2516545195	1.0
2516675941	1.0
2516724463	1.0
2517039865	1.0
2517965257	1.0
2518124017	1.0
2519554788	1.0
2520185658	1.0
2520214992	1.0
2520234312	1.0
2520253956	1.0
2520529320	1.0
2520719083	1.0
2520753216	1.0
2521739210	1.0
2521739388	1.0
2521757300	1.0
2521770968	1.0
2521774206	1.0
25234870	1.0
2524684585	1.0
252514892	1.0
2525155513	1.0
25253796	1.0
2525579803	1.0
252580613	1.0
2525892205	1.0
2525906341	1.0
252624860	1.0
2527494464	1.0
2527511184	1.0
252773576	1.0
252869776	1.0
25290349	1.0
2529128598	1.0
2529334046	1.0
2529595999	1.0
253062405	1.0
2531939472	1.0
2534936455	1.0
253648668	1.0
253675480	1.0
2536788791	1.0
2538113785	1.0
254064153	1.0
2540665153	1.0
2541139646	1.0
254136706	1.0
2541813918	1.0
2541891632	1.0
2541923156	1.0
254228322	1.0
2542489340	1.0
2542526522	1.0
2542851289	1.0
2543428369	1.0
254345961	1.0
2543487674	1.0
2544478364	1.0
2545034461	1.0
254507476	1.0
2545212308	1.0
2545293830	1.0
2545864813	1.0
2546484209	1.0
2546889186	1.0
2546935291	1.0
2547053838	1.0
2547187608	1.0
2547188041	1.0
2547222918	1.0
2547290617	1.0
254729515	1.0
254775607	1.0
254908062	1.0
2549128200	1.0
2551401474	1.0
2551736942	1.0
2551905913	1.0
2552215742	1.0
255225286	1.0
255242103	1.0
255249826	1.0
2554107798	1.0
2556490411	1.0
2557515984	1.0
2558046752	1.0
2558096240	1.0
2558142553	1.0
2558343062	1.0
2558498077	1.0
2558654918	1.0
2558671560	1.0
2558692572	1.0
2558780481	1.0
2558796372	1.0
2558976854	1.0
2559099354	1.0
2559337945	1.0
2559636829	1.0
2560240356	1.0
2560618530	1.0
2560774490	1.0
2560842150	1.0
2560871077	1.0
2561683352	1.0
2561724956	1.0
2561962950	1.0
2562048781	1.0
2562167996	1.0
256232233	1.0
2562379892	1.0
2562566330	1.0
2562660817	1.0
2562701298	1.0
256322461	1.0
2563637089	1.0
2566179372	1.0
2566243057	1.0
2566308277	1.0
2566458096	1.0
256659644	1.0
2567518027	1.0
256889606	1.0
25689113	1.0
25691224	1.0
2570233256	1.0
257037374	1.0
2570416382	1.0
25704389	1.0
2570479190	1.0
2570489136	1.0
2570534082	1.0
257111338	1.0
2572323428	1.0
2572563200	1.0
2573100180	1.0
2573195443	1.0
2573210084	1.0
2573219300	1.0
2573246282	1.0
25738286	1.0
2573997704	1.0
2574044737	1.0
2574077917	1.0
2574095582	1.0
2574488893	1.0
2574860244	1.0
2575101426	1.0
2575278446	1.0
257608218	1.0
257661436	1.0
25770215	1.0
257802719	1.0
257805760	1.0
2579477766	1.0
25797807	1.0
2580457224	1.0
258079573	1.0
258110276	1.0
258131614	1.0
25827743	1.0
2584594087	1.0
2586017676	1.0
258612274	1.0
2586315260	1.0
25879941	1.0
2589647142	1.0
2589692922	1.0
2589734406	1.0
2589760213	1.0
2590325786	1.0
259059584	1.0
2591058054	1.0
2591088098	1.0
2591107476	1.0
2591126952	1.0
2591134195	1.0
25917423	1.0
2594893740	1.0
259494764	1.0
2595355027	1.0
2598120396	1.0
2599347240	1.0
2599427263	1.0
2599432178	1.0
259979809	1.0
2600071410	1.0
2600389056	1.0
2600977238	1.0
2601010897	1.0
2601025729	1.0
2601929005	1.0
2602074732	1.0
26029878	1.0
26046662	1.0
2605384560	1.0
260559365	1.0
26067145	1.0
260804576	1.0
260881465	1.0
2609999594	1.0
2610026922	1.0
2610027482	1.0
2610034837	1.0
2610040128	1.0
261024504	1.0
261031518	1.0
26103471	1.0
2611581830	1.0
2611839480	1.0
2611858165	1.0
2611894286	1.0
2611930801	1.0
261354349	1.0
2614480104	1.0
261460365	1.0
2615738922	1.0
26166011	1.0
2617032362	1.0
26250595	1.0
262592705	1.0
262887351	1.0
26297929	1.0
26308290	1.0
26376384	1.0
263860145	1.0
26415984	1.0
2643714854	1.0
26468371	1.0
2649921242	1.0
265066062	1.0
2651596849	1.0
2652836498	1.0
265318699	1.0
26559222	1.0
26564529	1.0
26574283	1.0
2657738660	1.0
26583295	1.0
2659473481	1.0
26604454	1.0
2665043143	1.0
26658589	1.0
2666696816	1.0
266721246	1.0
2669943158	1.0
26705006	1.0
267149304	1.0
26718451	1.0
26734588	1.0
267395430	1.0
2674468639	1.0
26751720	1.0
267621819	1.0
2676762737	1.0
26775476	1.0
2677616792	1.0
2678090893	1.0
268006481	1.0
2680132284	1.0
2684763042	1.0
26849804	1.0
268600023	1.0
268648909	1.0
2686999627	1.0
2687515982	1.0
268844094	1.0
2688470512	1.0
2689791589	1.0
2690573503	1.0
2692801200	1.0
2694624362	1.0
2694667118	1.0
269481325	1.0
2695590798	1.0
2696585702	1.0
2698137192	1.0
2699087383	1.0
2700426558	1.0
270430076	1.0
2704477236	1.0
27046692	1.0
2709903199	1.0
271048252	1.0
2711212681	1.0
2711411250	1.0
271211220	1.0
271407856	1.0
271459200	1.0
2714985810	1.0
2715646770	1.0
27164232	1.0
2717551425	1.0
27185960	1.0
271963762	1.0
27199826	1.0
2720144785	1.0
272067785	1.0
272125054	1.0
2722167346	1.0
2722660553	1.0
272357654	1.0
272357931	1.0
2726313374	1.0
2727437358	1.0
2727546311	1.0
2728393383	1.0
27284306	1.0
2730822508	1.0
2730855593	1.0
2732425088	1.0
273420645	1.0
2734698626	1.0
2735511486	1.0
273645645	1.0
2736561678	1.0
2736692525	1.0
2736894074	1.0
2737365409	1.0
2737430300	1.0
274032472	1.0
2741838917	1.0
274217373	1.0
2743448746	1.0
2743641378	1.0
2744219310	1.0
2748641509	1.0
2749335470	1.0
2750710350	1.0
2751046650	1.0
2751194333	1.0
2752899902	1.0
2752943262	1.0
2753470001	1.0
2753743832	1.0
2753769126	1.0
2753854811	1.0
2754013260	1.0
2754345013	1.0
2754704239	1.0
2756364883	1.0
275667670	1.0
275676002	1.0
2757042696	1.0
2757388535	1.0
2757875410	1.0
275822906	1.0
276126766	1.0
2761763315	1.0
2762558867	1.0
2762794756	1.0
2762922137	1.0
2764739508	1.0
2765603292	1.0
2765664118	1.0
2768250418	1.0
2768339684	1.0
2768438704	1.0
2769703270	1.0
2770793447	1.0
2770913916	1.0
2772041	1.0
27724029	1.0
2772601852	1.0
277279244	1.0
2772914821	1.0
27734496	1.0
2773514064	1.0
2773688905	1.0
2773910469	1.0
27760466	1.0
2776954038	1.0
27771267	1.0
277993952	1.0
2780604074	1.0
2781050528	1.0
2781274037	1.0
2781550178	1.0
2782025063	1.0
27828974	1.0
278303790	1.0
2783118875	1.0
2783502065	1.0
2783688857	1.0
278414888	1.0
2785328266	1.0
2786634639	1.0
2787667595	1.0
2788588083	1.0
27897645	1.0
2789808318	1.0
2790163941	1.0
2790408925	1.0
27914530	1.0
2792041422	1.0
2792802479	1.0
2793885015	1.0
2795260984	1.0
2795789015	1.0
2796938558	1.0
27975408	1.0
2798143788	1.0
2798653510	1.0
2798860966	1.0
27990259	1.0
2799276557	1.0
2799908841	1.0
2800972568	1.0
280121251	1.0
2801334731	1.0
280235129	1.0
2802620730	1.0
2803893447	1.0
28038974	1.0
2804870168	1.0
280571157	1.0
2806344577	1.0
2807212358	1.0
28100576	1.0
2810351260	1.0
2811409028	1.0
2812134266	1.0
281335763	1.0
2813432880	1.0
2814136474	1.0
2814840025	1.0
2815413699	1.0
2817584732	1.0
2817966517	1.0
2818012008	1.0
2818198537	1.0
2818243225	1.0
2818424798	1.0
2818985232	1.0
2820135667	1.0
2821163219	1.0
2821422789	1.0
282174002	1.0
2821905860	1.0
2823147779	1.0
2823763911	1.0
2825270328	1.0
2826416593	1.0
28277258	1.0
2828456851	1.0
28286587	1.0
2830105093	1.0
283013686	1.0
283013723	1.0
2830318542	1.0
2830849059	1.0
28318224	1.0
2832291375	1.0
283241032	1.0
2833000867	1.0
2834130400	1.0
2835569081	1.0
28372030	1.0
2837841	1.0
283924580	1.0
283969398	1.0
2839975129	1.0
2841194833	1.0
28425090	1.0
2842852898	1.0
2846650551	1.0
2847020799	1.0
2848624763	1.0
2849940664	1.0
285051289	1.0
285111689	1.0
285187223	1.0
2852234994	1.0
28581207	1.0
2858647806	1.0
285871622	1.0
2859670988	1.0
2860263182	1.0
2860799301	1.0
2861779502	1.0
28618520	1.0
286207807	1.0
2862909478	1.0
2863581578	1.0
2864193298	1.0
2864524709	1.0
2864841	1.0
286615330	1.0
28667207	1.0
286703	1.0
2867531362	1.0
2868040129	1.0
2871573916	1.0
2871636375	1.0
2872500201	1.0
2873869165	1.0
287441095	1.0
2874489085	1.0
2874538467	1.0
2874615120	1.0
2875031589	1.0
287510796	1.0
2875909930	1.0
28759529	1.0
28769199	1.0
2879010144	1.0
2879022646	1.0
287966215	1.0
2880143019	1.0
28807892	1.0
2881595931	1.0
2882124578	1.0
2883107349	1.0
2883603475	1.0
2883907999	1.0
2885298328	1.0
2885627313	1.0
2885711208	1.0
28858121	1.0
2886361155	1.0
2886530201	1.0
2886932446	1.0
2888531452	1.0
28885426	1.0
2888583159	1.0
2888729354	1.0
2889400523	1.0
2889972413	1.0
2890462752	1.0
289104912	1.0
28918980	1.0
2892739733	1.0
2893115784	1.0
289358443	1.0
2893937379	1.0
2895276587	1.0
2895388132	1.0
2895455096	1.0
2895774329	1.0
2895915621	1.0
2896018593	1.0
2896044141	1.0
2896401414	1.0
2896686750	1.0
2897498647	1.0
2898153623	1.0
2900497965	1.0
2901773686	1.0
290288265	1.0
2902969040	1.0
2903110151	1.0
2903243346	1.0
2903269091	1.0
2903682974	1.0
2903843159	1.0
2904061098	1.0
2904645425	1.0
2905030419	1.0
29054523	1.0
290669413	1.0
2906777092	1.0
2908494810	1.0
290876212	1.0
2911648575	1.0
2911878552	1.0
2912072247	1.0
2912095582	1.0
2912455268	1.0
291260395	1.0
2912801554	1.0
2913023527	1.0
2913469185	1.0
2914186927	1.0
291492488	1.0
2915039698	1.0
2915391	1.0
29157032	1.0
2916230596	1.0
29177687	1.0
2917850519	1.0
2917972925	1.0
2920184174	1.0
292286168	1.0
29231326	1.0
2923161125	1.0
2923205548	1.0
2924623681	1.0
2925126565	1.0
2925204334	1.0
2925733264	1.0
29287100	1.0
2928995946	1.0
29290940	1.0
29298932	1.0
2930397639	1.0
293123468	1.0
2931312159	1.0
2931615593	1.0
2931656797	1.0
29321298	1.0
2932432814	1.0
2935288546	1.0
293550313	1.0
293668687	1.0
294058898	1.0
2941745561	1.0
294176860	1.0
29450493	1.0
2945111705	1.0
2945948723	1.0
2946088539	1.0
294698088	1.0
29520123	1.0
29535305	1.0
295378743	1.0
29538715	1.0
295392822	1.0
2954398231	1.0
2956204705	1.0
2956444112	1.0
2958998054	1.0
2959516385	1.0
2961437163	1.0
2962676963	1.0
2963643124	1.0
2964477538	1.0
29644961	1.0
296585634	1.0
2966251421	1.0
2967034496	1.0
2968214603	1.0
2968256134	1.0
2968301068	1.0
2968578750	1.0
2968666129	1.0
29687448	1.0
2968815778	1.0
2968868020	1.0
2970371600	1.0
2972089007	1.0
2972367059	1.0
2972708349	1.0
297324765	1.0
2973969299	1.0
29748372	1.0
2974936475	1.0
2974998820	1.0
2975441660	1.0
2976286540	1.0
2976632763	1.0
2976659327	1.0
2977173871	1.0
2977723295	1.0
2979021506	1.0
2980084281	1.0
2982013384	1.0
2982339206	1.0
298246936	1.0
2982471489	1.0
2982753611	1.0
2985818862	1.0
2985847062	1.0
2986202697	1.0
2986622194	1.0
298663738	1.0
2987008626	1.0
2987537122	1.0
2987775689	1.0
2987913209	1.0
2988838710	1.0
2988991127	1.0
2989215966	1.0
2990011953	1.0
2991056838	1.0
29915373	1.0
2991665893	1.0
2992477557	1.0
29927236	1.0
299413616	1.0
2994311335	1.0
2994454250	1.0
2997013028	1.0
2997341832	1.0
2998159793	1.0
2998603947	1.0
2998782884	1.0
299891017	1.0
2999201984	1.0
299943599	1.0
2999632161	1.0
2999658401	1.0
2999671493	1.0
2999672518	1.0
2999752275	1.0
2999804950	1.0
2999842234	1.0
2999936308	1.0
3001224159	1.0
30012714	1.0
3001857558	1.0
300204824	1.0
3002100596	1.0
3004561936	1.0
3005559517	1.0
3006647632	1.0
300803547	1.0
300875086	1.0
3009542394	1.0
3009552116	1.0
30098358	1.0
30113224	1.0
3011500585	1.0
30117375	1.0
3012312726	1.0
3013702747	1.0
3014518981	1.0
3015860842	1.0
3015937503	1.0
3016858651	1.0
3017614609	1.0
3017654325	1.0
301768320	1.0
3018464680	1.0
3018836009	1.0
301886330	1.0
3019709081	1.0
3020853470	1.0
3022668393	1.0
3022836902	1.0
3023045008	1.0
30235277	1.0
30241783	1.0
3024285592	1.0
3024569141	1.0
3024686700	1.0
3024794532	1.0
30248205	1.0
3024856423	1.0
3024972048	1.0
3025518377	1.0
30256020	1.0
3025741090	1.0
3026988890	1.0
3027017436	1.0
3027039282	1.0
3027055218	1.0
3027069914	1.0
3027109656	1.0
3027120266	1.0
3027128060	1.0
3027138908	1.0
3027232146	1.0
3027237724	1.0
3027252643	1.0
3027266017	1.0
3027280615	1.0
3027286566	1.0
3027290414	1.0
3027299419	1.0
3027332107	1.0
3028030752	1.0
3028247079	1.0
3028273192	1.0
3028373332	1.0
3028511587	1.0
3028535478	1.0
3028851212	1.0
30290055	1.0
3029943511	1.0
3030907170	1.0
3030929809	1.0
3030939474	1.0
3030945205	1.0
3030952956	1.0
3030962090	1.0
3030973770	1.0
3031028527	1.0
3031134720	1.0
3031142892	1.0
3031185756	1.0
3031195058	1.0
3031244431	1.0
3031917623	1.0
3032032871	1.0
3037061194	1.0
3037641536	1.0
3038107536	1.0
3038260812	1.0
3038264936	1.0
3038282676	1.0
3038287009	1.0
3038297336	1.0
3038309876	1.0
3038322254	1.0
3038331926	1.0
3038340344	1.0
3038351108	1.0
3038361595	1.0
3038380609	1.0
3038422253	1.0
3039006156	1.0
3039821712	1.0
3039855500	1.0
3039885745	1.0
30402815	1.0
3040516770	1.0
3041358687	1.0
3041975059	1.0
304202454	1.0
30422978	1.0
3042440150	1.0
3044084388	1.0
3044159284	1.0
3044198697	1.0
3044727573	1.0
304505353	1.0
3045262137	1.0
3045408737	1.0
304594462	1.0
3046573181	1.0
3046597546	1.0
3047198523	1.0
3048356123	1.0
3048582817	1.0
3051781322	1.0
3052509402	1.0
3052746715	1.0
3053032687	1.0
3053360258	1.0
3053992470	1.0
3054004326	1.0
3054092665	1.0
3054124897	1.0
3054135146	1.0
3054200534	1.0
3054346369	1.0
3054665809	1.0
3054989192	1.0
3055019238	1.0
3055154484	1.0
3055162358	1.0
305518813	1.0
3055641318	1.0
3055756890	1.0
3056150047	1.0
3057079111	1.0
3057210684	1.0
3057684163	1.0
3058013994	1.0
3058075127	1.0
3059038717	1.0
3059703112	1.0
306193299	1.0
3062071730	1.0
3062926500	1.0
3062949434	1.0
3063277571	1.0
3063585179	1.0
3064388656	1.0
3064563064	1.0
3065074336	1.0
3065856747	1.0
306610628	1.0
3066198028	1.0
3066380613	1.0
3066383458	1.0
3066417601	1.0
3066445547	1.0
3066545500	1.0
3066792748	1.0
3067059263	1.0
3067072911	1.0
3067192425	1.0
3067494227	1.0
3067648583	1.0
3067720541	1.0
3069051065	1.0
3069142294	1.0
3069411875	1.0
3069536866	1.0
3069885952	1.0
3070340824	1.0
3071556705	1.0
3072531730	1.0
30726359	1.0
3073241957	1.0
3074528609	1.0
3075038879	1.0
3075672859	1.0
307705885	1.0
3077465792	1.0
3078012185	1.0
3080878647	1.0
3082024021	1.0
3082177902	1.0
308278376	1.0
3084444185	1.0
308547135	1.0
308611724	1.0
3086614812	1.0
3087869221	1.0
3088025604	1.0
3088545041	1.0
3089856371	1.0
3091394695	1.0
3091455286	1.0
3091880403	1.0
3091884801	1.0
30940468	1.0
3094750343	1.0
309581107	1.0
31001654	1.0
3100250551	1.0
3101996487	1.0
3102089024	1.0
3102288957	1.0
3103803095	1.0
3105221001	1.0
31064165	1.0
310643025	1.0
31064943	1.0
31079835	1.0
3108351	1.0
310893721	1.0
310917910	1.0
311119739	1.0
311488336	1.0
311773052	1.0
31197151	1.0
312106362	1.0
312171443	1.0
312388583	1.0
312442251	1.0
312812068	1.0
312900736	1.0
313525664	1.0
313888969	1.0
314005753	1.0
314061974	1.0
314249532	1.0
314367890	1.0
31464331	1.0
31473466	1.0
315273687	1.0
315354472	1.0
31543363	1.0
315920755	1.0
316295629	1.0
316319018	1.0
316380308	1.0
316404325	1.0
3168141	1.0
317004204	1.0
317041794	1.0
317253682	1.0
31800110	1.0
31810988	1.0
318441158	1.0
319727721	1.0
320223105	1.0
320338351	1.0
320501282	1.0
32147824	1.0
321510505	1.0
32161395	1.0
321692995	1.0
321920541	1.0
321974363	1.0
322138756	1.0
322711605	1.0
322963627	1.0
323255926	1.0
323296743	1.0
323638636	1.0
323808915	1.0
32389968	1.0
324026390	1.0
324431545	1.0
324967625	1.0
325248339	1.0
326247835	1.0
32639483	1.0
326404886	1.0
32656210	1.0
32674236	1.0
32700250	1.0
327141478	1.0
328040224	1.0
328140406	1.0
328303371	1.0
328741551	1.0
328853679	1.0
32906830	1.0
32952592	1.0
329945200	1.0
33046660	1.0
33090324	1.0
331058822	1.0
331072994	1.0
331422529	1.0
331913203	1.0
33264898	1.0
33274835	1.0
33286321	1.0
33328619	1.0
333747236	1.0
33421695	1.0
334610643	1.0
334818352	1.0
335046592	1.0
335174838	1.0
33563621	1.0
33575075	1.0
33575426	1.0
33593979	1.0
336121948	1.0
3364321	1.0
33699534	1.0
337348682	1.0
33747430	1.0
337631471	1.0
33766522	1.0
337773667	1.0
33780561	1.0
337942296	1.0
338373100	1.0
338687785	1.0
33931931	1.0
34002867	1.0
340639955	1.0
34068728	1.0
34194902	1.0
34255540	1.0
342577543	1.0
34296805	1.0
343191781	1.0
34387259	1.0
343937111	1.0
34416924	1.0
344294048	1.0
344973097	1.0
345398377	1.0
345524677	1.0
345544933	1.0
346120847	1.0
346144728	1.0
34639731	1.0
34716975	1.0
347716422	1.0
34779583	1.0
347880292	1.0
34852731	1.0
348642818	1.0
348757190	1.0
348892804	1.0
349301385	1.0
34939208	1.0
35002876	1.0
35005041	1.0
35096852	1.0
35114617	1.0
35159685	1.0
351748251	1.0
35193275	1.0
35224871	1.0
352372814	1.0
352407870	1.0
35365619	1.0
354106028	1.0
35411199	1.0
35420682	1.0
35487999	1.0
35499699	1.0
355754058	1.0
355866075	1.0
357086243	1.0
35727382	1.0
357501385	1.0
358284232	1.0
358295250	1.0
358299951	1.0
358300640	1.0
358304940	1.0
358504373	1.0
35860455	1.0
358738843	1.0
359192398	1.0
35934999	1.0
35969984	1.0
360087126	1.0
360327469	1.0
360884605	1.0
36102165	1.0
361259643	1.0
361265370	1.0
36212060	1.0
3623021	1.0
363199891	1.0
363463815	1.0
36420170	1.0
36437130	1.0
364514620	1.0
36460987	1.0
364813013	1.0
364980360	1.0
36506545	1.0
36510929	1.0
365154140	1.0
365288023	1.0
365321928	1.0
36564260	1.0
36573744	1.0
36612835	1.0
366537967	1.0
366738693	1.0
367337523	1.0
36741197	1.0
36816237	1.0
368409800	1.0
369799265	1.0
369868614	1.0
370291603	1.0
370881838	1.0
370990786	1.0
37102864	1.0
372053151	1.0
372559098	1.0
37273570	1.0
373255284	1.0
373457750	1.0
374289812	1.0
374575390	1.0
374610842	1.0
37469211	1.0
37496932	1.0
37575233	1.0
375980238	1.0
37603669	1.0
376367767	1.0
376416022	1.0
37646209	1.0
376499998	1.0
376753833	1.0
377013442	1.0
3771171	1.0
37716108	1.0
37721573	1.0
37732815	1.0
377353770	1.0
37910695	1.0
37918984	1.0
37941633	1.0
37956761	1.0
37972085	1.0
379815827	1.0
379816465	1.0
37982404	1.0
37996701	1.0
38017178	1.0
38019774	1.0
38053161	1.0
38062359	1.0
380781345	1.0
380943067	1.0
381217815	1.0
38131856	1.0
381696140	1.0
381872892	1.0
381942187	1.0
382132385	1.0
382706787	1.0
38332931	1.0
383568514	1.0
383927121	1.0
383951841	1.0
383988640	1.0
384006375	1.0
384520820	1.0
38469445	1.0
38469666	1.0
385015938	1.0
38502647	1.0
385245375	1.0
385249901	1.0
385338646	1.0
385400237	1.0
38549586	1.0
385571098	1.0
38569614	1.0
385779209	1.0
38587085	1.0
386787305	1.0
38727901	1.0
387436114	1.0
387998844	1.0
38859169	1.0
388647272	1.0
389060072	1.0
389320918	1.0
389353555	1.0
38964336	1.0
38964501	1.0
390381898	1.0
39048435	1.0
390561559	1.0
39077742	1.0
390957441	1.0
391053025	1.0
391664471	1.0
391815569	1.0
39196736	1.0
39214566	1.0
392416761	1.0
392739061	1.0
392921709	1.0
393125588	1.0
393145337	1.0
39350192	1.0
393650409	1.0
393797909	1.0
393806037	1.0
394385786	1.0
39477726	1.0
39546678	1.0
39549428	1.0
395536339	1.0
396175921	1.0
396834863	1.0
397230151	1.0
39757920	1.0
397949068	1.0
39806600	1.0
398262710	1.0
398277268	1.0
39939493	1.0
399524259	1.0
39979990	1.0
40004246	1.0
400233865	1.0
401137819	1.0
40133681	1.0
40173650	1.0
402154483	1.0
402340435	1.0
402353316	1.0
40241904	1.0
402876893	1.0
40289111	1.0
4029531	1.0
403070344	1.0
40367730	1.0
40374935	1.0
403846162	1.0
403992815	1.0
4044361	1.0
404592706	1.0
404853456	1.0
40631133	1.0
406727658	1.0
4071001	1.0
407231524	1.0
407308739	1.0
40761617	1.0
40769584	1.0
407895929	1.0
40811479	1.0
409255935	1.0
410166430	1.0
41035939	1.0
410699580	1.0
41097225	1.0
41139889	1.0
411740391	1.0
411786151	1.0
411937691	1.0
4120961	1.0
41215235	1.0
412567562	1.0
412596759	1.0
412611622	1.0
413704957	1.0
41420332	1.0
4142721	1.0
41434322	1.0
414600500	1.0
415038804	1.0
41537564	1.0
415666769	1.0
41601337	1.0
41656804	1.0
41712041	1.0
417256628	1.0
41753918	1.0
417632113	1.0
418331619	1.0
41837938	1.0
419728487	1.0
420781941	1.0
420789251	1.0
420995644	1.0
421343508	1.0
42176183	1.0
421812337	1.0
422106699	1.0
42234421	1.0
422793564	1.0
42326789	1.0
423501485	1.0
423958698	1.0
423985204	1.0
424383	1.0
424481268	1.0
424637184	1.0
42490625	1.0
425286807	1.0
42550002	1.0
42570174	1.0
42585300	1.0
425907178	1.0
425942351	1.0
426091279	1.0
427701172	1.0
42813519	1.0
42826771	1.0
42858599	1.0
428971031	1.0
429065890	1.0
429539867	1.0
430780202	1.0
430910759	1.0
43094882	1.0
430949694	1.0
43112283	1.0
43162411	1.0
431813145	1.0
43222757	1.0
432726108	1.0
432752273	1.0
43308061	1.0
433158220	1.0
433579861	1.0
43450719	1.0
435440167	1.0
43555217	1.0
43563011	1.0
436248154	1.0
43698437	1.0
437407245	1.0
43777248	1.0
43808296	1.0
438699432	1.0
43882881	1.0
43890674	1.0
43898598	1.0
439016986	1.0
439579676	1.0
43962686	1.0
440144494	1.0
44060322	1.0
44078873	1.0
441248955	1.0
442308094	1.0
442414705	1.0
44264894	1.0
44314358	1.0
443213589	1.0
444660256	1.0
44480204	1.0
445816267	1.0
445902563	1.0
44607198	1.0
44635746	1.0
446503703	1.0
446637044	1.0
44681528	1.0
44702550	1.0
447129562	1.0
44748620	1.0
4475091	1.0
44773468	1.0
44843270	1.0
44997977	1.0
450067470	1.0
45056461	1.0
450610574	1.0
45177475	1.0
453171962	1.0
453790845	1.0
45390431	1.0
45420272	1.0
454392264	1.0
45463387	1.0
455245270	1.0
45548860	1.0
455496620	1.0
455824771	1.0
45589224	1.0
456107944	1.0
45640092	1.0
456798680	1.0
456887147	1.0
456957462	1.0
45745017	1.0
458569560	1.0
458588328	1.0
458621197	1.0
458672048	1.0
45867904	1.0
459443439	1.0
459779185	1.0
461635838	1.0
461734125	1.0
461747437	1.0
46227914	1.0
463162523	1.0
46406002	1.0
464124434	1.0
4642951	1.0
464384144	1.0
464836260	1.0
46498124	1.0
465825439	1.0
466185506	1.0
466333756	1.0
46653996	1.0
466818805	1.0
466821972	1.0
467016678	1.0
46702086	1.0
46708846	1.0
468758663	1.0
47021683	1.0
47033183	1.0
470414162	1.0
47047946	1.0
470609177	1.0
470908834	1.0
471121755	1.0
471433948	1.0
47210557	1.0
47240532	1.0
47257691	1.0
472607721	1.0
472659133	1.0
47272490	1.0
473745411	1.0
474304890	1.0
474382655	1.0
47466055	1.0
475524030	1.0
476662287	1.0
47703013	1.0
477171208	1.0
477261135	1.0
477803311	1.0
478050993	1.0
47838954	1.0
47843	1.0
478979106	1.0
479757960	1.0
47993676	1.0
480850910	1.0
48123735	1.0
481352356	1.0
48169508	1.0
48280596	1.0
483064695	1.0
48373724	1.0
484408012	1.0
484773756	1.0
485382140	1.0
485494122	1.0
485613466	1.0
48568291	1.0
485930068	1.0
48597029	1.0
486072725	1.0
486112997	1.0
486309086	1.0
486468358	1.0
486755883	1.0
486968060	1.0
487924116	1.0
488646335	1.0
488810452	1.0
489022370	1.0
49024145	1.0
49025419	1.0
490332198	1.0
49054577	1.0
490580993	1.0
49099638	1.0
49104992	1.0
49118282	1.0
49138823	1.0
49174849	1.0
49178887	1.0
49216749	1.0
492334714	1.0
49255986	1.0
492568007	1.0
49327527	1.0
49448986	1.0
49514576	1.0
49533260	1.0
49537735	1.0
495634703	1.0
495974881	1.0
496039529	1.0
49637104	1.0
49642166	1.0
496444554	1.0
497129954	1.0
497372206	1.0
498166332	1.0
498468453	1.0
49888855	1.0
49902313	1.0
499411395	1.0
4997601	1.0
50043679	1.0
50148845	1.0
50177984	1.0
505116245	1.0
505322398	1.0
50739457	1.0
507963717	1.0
507972021	1.0
508028610	1.0
508993989	1.0
509162547	1.0
51160074	1.0
511970896	1.0
513251572	1.0
513557825	1.0
514301654	1.0
515780586	1.0
51599407	1.0
516096222	1.0
518818549	1.0
518954841	1.0
519290659	1.0
51932290	1.0
51985805	1.0
519930044	1.0
520104860	1.0
52095991	1.0
521737922	1.0
52247328	1.0
52340559	1.0
52429763	1.0
52478162	1.0
5252591	1.0
525373209	1.0
525885295	1.0
52609099	1.0
52615153	1.0
52718098	1.0
52718672	1.0
52746656	1.0
527541076	1.0
527900414	1.0
528770977	1.0
528992446	1.0
529167074	1.0
529254470	1.0
52958940	1.0
529643920	1.0
52984426	1.0
53037840	1.0
5306652	1.0
53215424	1.0
532404625	1.0
533213296	1.0
533398463	1.0
533972176	1.0
53414069	1.0
534498392	1.0
534877240	1.0
534934690	1.0
53509516	1.0
53514622	1.0
535325272	1.0
53594170	1.0
535977623	1.0
536102244	1.0
537018713	1.0
537128946	1.0
537502457	1.0
5403552	1.0
54094470	1.0
541219315	1.0
54204222	1.0
542204113	1.0
54419125	1.0
545618159	1.0
54594436	1.0
54643082	1.0
548112921	1.0
54879118	1.0
548791763	1.0
54931385	1.0
54934215	1.0
549657836	1.0
549673518	1.0
55026273	1.0
550690961	1.0
5511422	1.0
551316487	1.0
55171633	1.0
552169784	1.0
55282754	1.0
553461827	1.0
553658449	1.0
554054029	1.0
55424701	1.0
555186610	1.0
555525022	1.0
55561590	1.0
555918043	1.0
55628042	1.0
556507503	1.0
55737961	1.0
5580862	1.0
558701945	1.0
559118898	1.0
559434938	1.0
559675462	1.0
560426115	1.0
560859074	1.0
561705015	1.0
561742581	1.0
562132605	1.0
56287225	1.0
562995991	1.0
563401291	1.0
56463557	1.0
56494802	1.0
565059874	1.0
565121434	1.0
56606564	1.0
56660706	1.0
567220738	1.0
567367374	1.0
567452784	1.0
568633159	1.0
56864465	1.0
569653321	1.0
569954157	1.0
570108594	1.0
570154956	1.0
570481298	1.0
57183670	1.0
57184708	1.0
57260327	1.0
5727392	1.0
57343654	1.0
574561631	1.0
5753932	1.0
575576964	1.0
576292771	1.0
576454751	1.0
576801455	1.0
5768622	1.0
57715740	1.0
578077334	1.0
578383794	1.0
57849762	1.0
57936659	1.0
581299509	1.0
582252198	1.0
582689833	1.0
583084442	1.0
583261582	1.0
583323699	1.0
583425541	1.0
584199171	1.0
584837915	1.0
5848722	1.0
586068029	1.0
58652546	1.0
587737606	1.0
588037881	1.0
588343057	1.0
58916964	1.0
589594895	1.0
59035579	1.0
59040319	1.0
591417279	1.0
592096380	1.0
59316733	1.0
59332648	1.0
59333989	1.0
59393368	1.0
5943622	1.0
594561393	1.0
595659014	1.0
597485789	1.0
59842682	1.0
5986922	1.0
598763207	1.0
598865116	1.0
599449330	1.0
599575091	1.0
600115370	1.0
600580896	1.0
60092805	1.0
60113926	1.0
60139630	1.0
601492130	1.0
60150406	1.0
601627047	1.0
602184380	1.0
602288530	1.0
602449513	1.0
602908469	1.0
60309123	1.0
60350585	1.0
604160529	1.0
6041742	1.0
60439638	1.0
604610969	1.0
604745064	1.0
605643	1.0
60596900	1.0
606340754	1.0
60639656	1.0
608259746	1.0
6096882	1.0
610158907	1.0
6107302	1.0
61081513	1.0
611418711	1.0
611798627	1.0
611987690	1.0
61209231	1.0
612135517	1.0
612457394	1.0
61255546	1.0
613236326	1.0
61342056	1.0
613858801	1.0
61489599	1.0
616110173	1.0
616219267	1.0
61661638	1.0
6172452	1.0
617760963	1.0
617972512	1.0
618388111	1.0
618862388	1.0
619026070	1.0
619948244	1.0
62155958	1.0
62309372	1.0
624413	1.0
624852565	1.0
62575859	1.0
62597423	1.0
626345722	1.0
62743904	1.0
627695874	1.0
62786647	1.0
628638850	1.0
62889705	1.0
62988177	1.0
629972636	1.0
630439865	1.0
630577679	1.0
630928277	1.0
6311942	1.0
632104194	1.0
633062654	1.0
633659682	1.0
633777072	1.0
634735245	1.0
635580208	1.0
636326835	1.0
63915255	1.0
64109894	1.0
64341848	1.0
64446488	1.0
64822219	1.0
64888916	1.0
6517732	1.0
65189943	1.0
65445177	1.0
65681636	1.0
6641292	1.0
67177879	1.0
67311023	1.0
67416649	1.0
67582229	1.0
67585143	1.0
67683728	1.0
67975628	1.0
68090711	1.0
68559732	1.0
68570324	1.0
68779287	1.0
688483	1.0
68871144	1.0
69037542	1.0
690823	1.0
69107391	1.0
69187710	1.0
69303610	1.0
69627447	1.0
6968182	1.0
700217426	1.0
701411095	1.0
701464597	1.0
7028602	1.0
702993	1.0
70306883	1.0
703627689	1.0
704897486	1.0
70524173	1.0
705540042	1.0
705890929	1.0
70748534	1.0
70755249	1.0
70778344	1.0
709635912	1.0
710009036	1.0
71278394	1.0
713466386	1.0
713703260	1.0
71680880	1.0
7177512	1.0
71776461	1.0
71832238	1.0
7184612	1.0
718502766	1.0
718626564	1.0
720844330	1.0
7213952	1.0
7219	1.0
72258382	1.0
72261425	1.0
7227662	1.0
72453943	1.0
725577499	1.0
725777713	1.0
72699258	1.0
72781403	1.0
7286072	1.0
728700470	1.0
72928001	1.0
72980897	1.0
72987385	1.0
730086612	1.0
73074106	1.0
73111754	1.0
733152817	1.0
733533786	1.0
733661322	1.0
73541336	1.0
735643934	1.0
73782019	1.0
737957498	1.0
73972116	1.0
74104397	1.0
742234358	1.0
74333952	1.0
74815234	1.0
74905565	1.0
75059992	1.0
7517052	1.0
752836645	1.0
75346149	1.0
753649260	1.0
75405635	1.0
75455141	1.0
756132306	1.0
756411806	1.0
7566302	1.0
756949772	1.0
75718330	1.0
75738534	1.0
760195754	1.0
7608932	1.0
761609510	1.0
761881459	1.0
76369001	1.0
763949940	1.0
765043	1.0
76529396	1.0
76554388	1.0
765554804	1.0
7657522	1.0
76642854	1.0
766675914	1.0
767403506	1.0
76744795	1.0
767658752	1.0
76921999	1.0
771629515	1.0
772467205	1.0
7725712	1.0
772817671	1.0
774599383	1.0
774864242	1.0
77595516	1.0
776686735	1.0
777992894	1.0
779088110	1.0
779098418	1.0
781014	1.0
781261333	1.0
782030712	1.0
78617337	1.0
786764389	1.0
78697036	1.0
787601335	1.0
787945866	1.0
78925997	1.0
78959991	1.0
790062926	1.0
79283429	1.0
793654387	1.0
794108792	1.0
795408560	1.0
79563975	1.0
801218796	1.0
801698222	1.0
8030292	1.0
803081406	1.0
80381713	1.0
803977459	1.0
804995882	1.0
80554933	1.0
80660848	1.0
80697114	1.0
808669694	1.0
809122560	1.0
809717508	1.0
810053322	1.0
811218812	1.0
811734925	1.0
812291096	1.0
813793326	1.0
813793495	1.0
81387532	1.0
814071170	1.0
81458491	1.0
81525608	1.0
815308128	1.0
815942090	1.0
81638643	1.0
816527365	1.0
81706093	1.0
81715790	1.0
818081647	1.0
820031509	1.0
820110584	1.0
82131836	1.0
82143051	1.0
821464674	1.0
82251214	1.0
822825	1.0
823991053	1.0
8241232	1.0
824507592	1.0
825308972	1.0
825744584	1.0
8275492	1.0
8308222	1.0
83180939	1.0
833689177	1.0
834074802	1.0
83516628	1.0
83687309	1.0
83816037	1.0
839504473	1.0
839705228	1.0
840621122	1.0
8407412	1.0
84378083	1.0
84402174	1.0
84444981	1.0
845632164	1.0
84624483	1.0
84624919	1.0
848657047	1.0
8486712	1.0
849824095	1.0
849923298	1.0
850780878	1.0
85136516	1.0
8541322	1.0
85413569	1.0
856549532	1.0
858298832	1.0
8592732	1.0
85941136	1.0
862679882	1.0
863145667	1.0
8632782	1.0
86437069	1.0
865866092	1.0
86589070	1.0
86624521	1.0
866937038	1.0
86822482	1.0
868842409	1.0
869067559	1.0
869939479	1.0
870818204	1.0
87269828	1.0
874031	1.0
87464270	1.0
874763028	1.0
87500545	1.0
87591850	1.0
876168212	1.0
877933404	1.0
87822271	1.0
879376561	1.0
879711720	1.0
88055463	1.0
88138568	1.0
882117229	1.0
88215408	1.0
887704477	1.0
88821067	1.0
891616633	1.0
893846334	1.0
89386309	1.0
89431676	1.0
894442988	1.0
89491245	1.0
89506705	1.0
896638418	1.0
89901149	1.0
89904900	1.0
902101824	1.0
90272103	1.0
903932810	1.0
904039608	1.0
904968246	1.0
90621602	1.0
90670105	1.0
906752048	1.0
906884648	1.0
9071062	1.0
90727086	1.0
9075622	1.0
91150434	1.0
91180198	1.0
91383861	1.0
91632750	1.0
917160595	1.0
92001490	1.0
9215452	1.0
92236235	1.0
92281665	1.0
92335219	1.0
92386636	1.0
924239384	1.0
92562388	1.0
92597709	1.0
93102196	1.0
93208882	1.0
932502344	1.0
93279692	1.0
932806561	1.0
93482663	1.0
935108762	1.0
935242836	1.0
93532074	1.0
93687723	1.0
93688789	1.0
93903491	1.0
940108926	1.0
94058277	1.0
94150003	1.0
942634814	1.0
944206759	1.0
94653842	1.0
946957866	1.0
94766921	1.0
94999021	1.0
95037522	1.0
950517078	1.0
95083293	1.0
95084967	1.0
95107840	1.0
9547482	1.0
95483024	1.0
955611	1.0
95651209	1.0
95707794	1.0
95917532	1.0
960795379	1.0
960834355	1.0
96116489	1.0
96156824	1.0
962377910	1.0
964081537	1.0
96566924	1.0
96679651	1.0
96697176	1.0
9672222	1.0
968722326	1.0
96917409	1.0
97286991	1.0
973698306	1.0
974097816	1.0
974401542	1.0
974480149	1.0
975116011	1.0
975535279	1.0
97627107	1.0
97694569	1.0
977984095	1.0
978788874	1.0
97977288	1.0
98230642	1.0
983143297	1.0
983655260	1.0
984279223	1.0
98560220	1.0
98926033	1.0
989657845	1.0
990937550	1.0
991977150	1.0
992182100	1.0
99246557	1.0
99341998	1.0
996217357	1.0
99716658	1.0
9972002	1.0
