3108351	96.80778
5943622	59.851025
624413	37.31374
20402945	34.265068
14216123	32.447914
114782468	31.3943
19546277	28.524172
559675462	27.134932
202003	25.793472
224180296	24.227875
5252591	23.079863
7517052	21.21784
15281391	20.858667
20449296	18.181997
35002876	17.974056
1347071545	17.558584
106498703	17.539467
16732770	17.326033
14078468	16.627058
25163231	16.518305
26574283	15.723084
16827489	15.202991
44060322	14.534044
23059499	14.194351
14173032	13.64647
688483	13.544865
271211220	13.234153
104952689	13.101529
15485461	12.915029
84402174	12.720792
22029004	12.644373
466185506	12.468325
104257356	12.000421
33274835	11.975833
15931663	11.871385
22836731	11.102202
61342056	11.031191
18378349	11.021171
15568127	10.972713
254136706	10.964226
15296897	10.922754
21328656	10.77991
24927996	10.494225
92281665	10.282931
27046692	10.230192
1958752610	10.2042465
201296379	9.991425
455824771	9.908607
12648652	9.830129
14857801	9.763606
163537857	9.639952
475524030	9.622768
108021761	9.0464525
207435193	9.0234585
65681636	9.014605
2999671493	9.008661
2999752275	9.008659
2999804950	8.954935
2999658401	8.949158
2999842234	8.916852
143773571	8.8869705
562995991	8.793814
3017654325	8.758884
16598957	8.641564
197869772	8.536121
13471032	8.413807
15227849	8.31567
14780660	8.236178
2999632161	8.218558
7184612	8.193564
38053161	8.143481
23131068	8.142649
34939208	8.09885
389060072	8.008027
216798259	7.970488
257661436	7.9526277
72928001	7.9044213
93687723	7.830644
15081182	7.7967505
16359602	7.7415495
250758475	7.729516
2999672518	7.700736
120242824	7.6419873
17892496	7.4829025
26250595	7.415124
24590532	7.3670053
26029878	7.261226
1832181	7.1834216
70778344	7.18157
203652149	7.117882
44078873	7.0794315
545618159	7.077111
14126376	7.0258307
18083070	6.9782166
14057492	6.8964844
8241232	6.894318
19962813	6.884793
14220991	6.7272573
49637104	6.671374
375980238	6.3259954
39549428	6.319627
14626496	6.28616
18719020	6.2047486
272125054	6.1356773
242359437	6.135554
1378	6.1244845
18952948	6.0670133
14133912	6.050756
2482710715	6.0361447
54879118	6.0296416
2334614718	6.0190926
87500545	5.9679165
60113926	5.945235
31079835	5.6762424
314005753	5.488661
53215424	5.470174
466333756	5.272311
109617683	5.178908
690823	4.9811463
355866075	4.9592104
28918980	4.95803
153066502	4.936828
100024370	4.9002023
166597717	4.89583
250340751	4.8796897
21394549	4.867386
6311942	4.83115
23221109	4.7746224
535325272	4.6990314
204803220	4.6947637
20088161	4.6704826
194137231	4.6700993
202915788	4.518268
41601337	4.479563
159131559	4.3688345
397230151	4.3120832
25827743	4.239898
306193299	4.1960597
29748372	4.173511
121158213	4.164794
28858121	4.1604037
14129793	4.1181073
142754319	4.1101074
31001654	4.109297
33747430	4.104186
407231524	4.069464
1680622674	4.0657372
38469445	4.0290356
611798627	3.962946
286703	3.9444623
12794362	3.8340592
15463435	3.8335872
492334714	3.7964244
20097362	3.7846823
4029531	3.767311
17790265	3.7562327
16295834	3.7353845
19400611	3.658393
22042454	3.6528678
24820841	3.627819
1665125166	3.6054678
125773679	3.6037364
17841130	3.6019812
14114951	3.5980835
16259934	3.5965352
392739061	3.556809
19225408	3.5419455
243318995	3.5384302
15971805	3.5318432
184881902	3.526198
13400562	3.4810085
1329243757	3.43044
84444981	3.3976274
38502647	3.3655772
183972338	3.3515916
42826771	3.3503275
23434774	3.2947507
17124991	3.2845988
21045893	3.1802034
331058822	3.1493187
2888583159	3.1474648
2272207286	3.1325336
259059584	3.123228
20704612	3.1117978
172836249	3.079534
17991579	3.0769773
2525906341	3.0546274
2394624246	3.0321045
14876847	2.9901695
18703437	2.9373846
2837841	2.928186
983655260	2.839911
20704445	2.8217468
27990259	2.8209028
59393368	2.8128114
64888916	2.7771497
27771267	2.7542496
701464597	2.7199688
285051289	2.702446
32674236	2.7016363
617760963	2.6985726
624852565	2.6788883
413704957	2.6326847
21689176	2.6110268
787601335	2.608696
78925997	2.5911198
20345218	2.573451
37941633	2.5717869
1565751108	2.5705013
55561590	2.5641284
35499699	2.5532718
17780244	2.531671
23633168	2.5291247
70755249	2.5163746
1544781733	2.5110273
17074868	2.5078173
2361631088	2.4984202
1621271	2.4931078
15823893	2.4874415
2471879203	2.4341054
1546139108	2.407065
82143051	2.3870893
27185960	2.3806744
20159497	2.373558
1869471378	2.3706026
2421030156	2.359655
21152643	2.3521543
15526523	2.3405404
818081647	2.3353066
148373	2.3344789
17249855	2.2957273
17085087	2.2488875
18944615	2.246766
218430551	2.246048
18983688	2.213499
317253682	2.2067862
80697114	2.2041073
456107944	2.1980271
163299688	2.197433
26705006	2.1935716
381696140	2.1735497
30117375	2.162695
170492152	2.1394718
109350515	2.1342258
23890475	2.125953
254228322	2.1252747
18587683	2.1211107
1469603575	2.105443
1544270486	2.0962272
2903269091	2.095429
257805760	2.0936823
73782019	2.088652
60150406	2.083231
28807892	2.0729709
1544741402	2.041974
19992655	2.0147166
145703415	2.0116985
16969038	1.9939395
632104194	1.9824032
2615738922	1.9803182
150656075	1.9708263
37918984	1.9700493
106504911	1.9679332
219329534	1.931204
1018083266	1.9302438
110539278	1.9252964
14933262	1.9069333
19267390	1.8969826
402876893	1.8948603
1069486704	1.8685809
19790872	1.8529006
80660848	1.8489109
328741551	1.7844903
209907837	1.7770643
245721011	1.7665073
23121787	1.7616917
175584371	1.7604613
18308026	1.7436796
7177512	1.7328993
160298969	1.729808
24040931	1.7223711
25917423	1.715978
244677736	1.7123263
385779209	1.7102467
19485664	1.7070802
26775476	1.7033662
3005559517	1.7014471
1598866891	1.6895521
2467914348	1.6887984
1969456964	1.6859831
1969391552	1.656707
270430076	1.6566072
16484677	1.6522647
78617337	1.6480836
14123181	1.640163
297324765	1.6337234
20611469	1.6303043
175754840	1.6235406
370881838	1.6157838
214479702	1.6040657
9075622	1.600329
407308739	1.5965569
8308222	1.5924114
9547482	1.5857033
163630784	1.5783057
26583295	1.5669928
342577543	1.5441107
917160595	1.5415618
478050993	1.5402722
2772041	1.5380138
705540042	1.5353836
5727392	1.531431
27828974	1.5302109
1499852552	1.5219766
521737922	1.5132451
176168308	1.5128173
89506705	1.5119615
984279223	1.5027672
126640430	1.4871911
2676762737	1.4855129
381942187	1.4848995
20671814	1.4786695
4071001	1.4716096
1389493454	1.4692898
1570180292	1.4677145
2456850254	1.4670144
1970174010	1.4653312
37469211	1.4615848
23450320	1.4554908
2342591485	1.4553357
16437499	1.4535428
1698582715	1.4356631
17913	1.4208388
124585235	1.4185699
84624483	1.3976184
902101824	1.3915974
725577499	1.373993
17614702	1.370635
190777222	1.365348
8486712	1.3607899
2825270328	1.3607506
2398137084	1.3576331
2204135624	1.3473111
23954327	1.3455759
14722589	1.3372767
15639933	1.329886
2753743832	1.3262126
110781385	1.322641
193542064	1.3124187
46227914	1.3069569
2364889134	1.3047204
2286097290	1.2940588
8592732	1.2868421
1310354202	1.2774074
456887147	1.2759914
247391816	1.2698174
16701881	1.262191
906884648	1.258575
14175873	1.2545736
820031509	1.2514175
20331665	1.246948
950517078	1.2213283
313888969	1.2157714
1277178181	1.2124516
1490980105	1.2032143
37716108	1.2023054
267395430	1.1985698
1969513890	1.1963528
904039608	1.1911012
283013723	1.1853784
1297336626	1.1835011
233318165	1.1732333
235648313	1.1719245
20264511	1.1716708
795408560	1.1712263
1370508554	1.1711468
16049299	1.1674898
2864841	1.1648071
584199171	1.1633308
1393603976	1.1623045
255249826	1.1620643
14902429	1.1442962
1372592071	1.143891
15240491	1.1408099
116816715	1.1402957
3001857558	1.1390343
40769584	1.138267
89491245	1.1379507
57849762	1.1368804
2216333869	1.1365441
635580208	1.1327102
6041742	1.1258107
21793923	1.1221151
1152105936	1.1189021
373457750	1.117511
389320918	1.1119847
14992469	1.1079302
1965664796	1.1055053
62575859	1.0959132
365321928	1.0894568
236621887	1.082953
139774225	1.075848
16755855	1.0745794
601492130	1.0714984
123136593	1.0698712
18081673	1.0685041
28372030	1.0643154
62988177	1.063957
31064165	1.0600866
37982404	1.0564501
565059874	1.0562298
21820251	1.0547898
17632091	1.0537899
95037522	1.053743
310893721	1.0441802
249210112	1.0430465
2434397022	1.0425181
52429763	1.039706
553658449	1.0394633
35159685	1.0392327
44264894	1.0390139
1970199818	1.0288274
20857912	1.0239637
147902687	1.0194843
153861315	1.0163164
1666651962	1.0154215
55628042	1.0148227
18814041	1.0077021
93688789	1.0072387
137652630	1.0066985
21893240	1.002975
2790408925	1.0027692
86437069	1.001034
447129562	1.0003498
19776790	1.0
38062359	1.0
424637184	1.0
459443439	1.0
18989537	0.994126
1309584812	0.9878871
588037881	0.98665935
2303262378	0.9833986
19717430	0.9815361
718502766	0.9807978
42570174	0.9794153
2331632952	0.97495335
20715279	0.9732441
248836670	0.97213906
73111754	0.97055936
223329689	0.96587884
1970249623	0.9639047
559118898	0.9628952
19090219	0.9606962
14629055	0.9573293
1970057612	0.95688546
2796938558	0.9544872
489022370	0.946786
20517779	0.9463762
20458407	0.9452284
1969461786	0.9448744
2346652446	0.94462246
101186457	0.9400908
253648668	0.9366575
2968256134	0.9334027
1969809337	0.92929024
80554933	0.92815334
2326370445	0.92532825
247946309	0.9240976
254507476	0.9200206
3044159284	0.919711
1969351880	0.9170894
879376561	0.9144683
217159658	0.9097771
2875031589	0.90822446
331913203	0.90651935
1354252658	0.90517217
14718435	0.90350115
17945997	0.9026212
16320734	0.9024063
25704389	0.9011695
1121028973	0.90045416
310917910	0.8936196
432752273	0.8916266
261024504	0.89038783
39546678	0.8896726
20074303	0.88920903
34255540	0.88912153
280121251	0.88743424
367337523	0.8868479
2197132710	0.8832194
123147423	0.88049227
34002867	0.88015467
1904821021	0.87901884
535977623	0.8788515
35411199	0.878508
26559222	0.8783038
511970896	0.8781847
1439067241	0.87243444
22025022	0.86765707
1969654646	0.867218
272067785	0.86656916
52247328	0.8613673
33593979	0.85834914
1969550288	0.8574886
2273872578	0.85432154
874031	0.8522333
20866038	0.8510775
2557515984	0.84993017
7286072	0.8443703
236518570	0.8423736
19688598	0.8358038
24818053	0.8358038
11864732	0.83432394
1345672002	0.83366704
79283429	0.83242995
2698137192	0.824924
19270995	0.8242042
2197099980	0.8236774
1969787845	0.8187981
294176860	0.81383735
323638636	0.8074698
1969465190	0.80420583
8632782	0.80381215
113390942	0.8030469
2546484209	0.80165726
1958816220	0.80051875
250362489	0.79937327
1553291664	0.7951207
2497045194	0.7948324
1398	0.7947344
386787305	0.79379386
498468453	0.79295766
123137244	0.7885691
78959991	0.7880618
43882881	0.7878661
604610969	0.7874024
385400237	0.78694147
33699534	0.7855977
18149465	0.78466475
118331219	0.7837902
104185085	0.7835516
228977783	0.78349686
317041794	0.7831042
2715646770	0.7830405
551316487	0.7822526
2752943262	0.78120387
72987385	0.78072196
33328619	0.7776426
10198262	0.77213943
2263437272	0.7710429
120588923	0.7710178
221057424	0.76987815
18170778	0.7690907
57715740	0.76646024
425942351	0.7655393
1064015220	0.76529264
1638493381	0.7590951
20461206	0.7589932
72258382	0.7582843
337942296	0.7555753
299413616	0.7547967
2517965257	0.75263435
1386531	0.75145614
23898700	0.74943125
2153678791	0.7486067
1969561436	0.7469657
14129623	0.74492157
22140529	0.7443285
733533786	0.7437882
2511399482	0.7428746
102481836	0.74257505
150094848	0.7423818
204149086	0.7417996
1976890536	0.7391636
7608932	0.7362159
1398262381	0.73592323
24609836	0.7357569
20737589	0.7338002
18265423	0.7322994
316319018	0.7322305
619026070	0.73099506
15841958	0.7305687
316380308	0.7286833
22315431	0.728565
1476010452	0.7234979
195305159	0.72198135
105926515	0.7210562
2176351197	0.719376
1418264336	0.7192894
109995803	0.71885055
5511422	0.7177776
1969878559	0.71588504
139628316	0.7155163
69107391	0.71523815
1969775744	0.715065
613858801	0.71411556
863145667	0.7138466
21734113	0.71143895
471121755	0.71099097
28769199	0.7102371
23792255	0.7096269
12057032	0.70851654
22315919	0.7060231
2520719083	0.70453554
87591850	0.702166
2363914387	0.7019742
255225286	0.6992374
218013625	0.69886035
14104848	0.69858444
17500537	0.6983425
2238218136	0.6979714
992182100	0.69625705
50739457	0.69610155
2405531310	0.6948849
414600500	0.69439363
54931385	0.69338393
313525664	0.69224346
1524347120	0.6896351
10717952	0.6870264
16556756	0.68606734
17710699	0.68329805
2976659327	0.6832501
561705015	0.6830289
287441095	0.6829531
1001192245	0.6815046
47993676	0.67977256
47021683	0.67904127
391815569	0.67793286
258079573	0.67780566
118581630	0.67758995
2821163219	0.676457
222625575	0.67388713
40173650	0.6734037
26849804	0.67092085
2299216254	0.6706063
728700470	0.6703239
15876574	0.66980654
616110173	0.66977155
67683728	0.66731465
626345722	0.6666768
324967625	0.6659852
583084442	0.6659334
28618520	0.66293126
1450167168	0.6629004
498166332	0.6596732
1180622503	0.65858406
361259643	0.65800077
1534767079	0.65700036
975116011	0.6544475
1141627460	0.65424985
1969344636	0.65219635
143865983	0.6505974
1969871132	0.6501271
1969597603	0.6453334
2976632763	0.64377785
1040640698	0.6428613
273645645	0.63813174
16252960	0.6346613
2400446299	0.6303444
20060120	0.6285088
226024854	0.62785316
105196282	0.62720335
1969396292	0.62630653
2359815266	0.6262789
24803082	0.62621677
486072725	0.6257792
2355225980	0.6255147
14420726	0.62488675
2605384560	0.6242396
20908746	0.6231712
2303053614	0.62191796
2543487674	0.6217884
2861779502	0.6213571
845632164	0.6203709
28425090	0.6202125
424481268	0.61993
385245375	0.6173689
98926033	0.6171253
26297929	0.6157836
2250592015	0.61469126
15817191	0.61174554
2801334731	0.6104753
177475572	0.60958755
33421695	0.60958755
1924310023	0.6082691
441248955	0.60666513
1969523258	0.60627216
415038804	0.60607755
2411631840	0.6060287
1391213720	0.605676
14571012	0.60354435
228942211	0.6029811
45640092	0.60268366
14075190	0.60083765
95083293	0.6001283
234516403	0.6000147
1134865189	0.5998671
1970005627	0.5991142
120965481	0.5987175
1969740852	0.5986639
1969663010	0.59780383
62889705	0.5957197
879711720	0.59516096
2319600132	0.5931107
1373402480	0.5907015
2263467936	0.5904137
1969627202	0.5874609
33766522	0.58621323
1488838998	0.58597445
229959010	0.58510613
2391736411	0.5847291
23799829	0.584642
2830318542	0.5840694
49138823	0.5838355
3100250551	0.58143854
2263452746	0.581314
733152817	0.580861
126743971	0.58083916
16896007	0.58015573
1135299488	0.5792197
131609773	0.57523274
1246273074	0.5748534
1177050499	0.57416725
15812482	0.57379174
40133681	0.573454
124779106	0.572211
364514620	0.5713168
200528348	0.5710218
2231654796	0.56999755
16480563	0.56699115
39806600	0.56616026
1452702914	0.5658488
127996567	0.56432295
94653842	0.56409633
64446488	0.5640122
18040393	0.563907
2903843159	0.5632256
151072271	0.5604852
3101996487	0.55944335
1969561496	0.55859727
344294048	0.55774784
701411095	0.5571618
599449330	0.5562925
2194729068	0.55600977
2344531388	0.5545993
1924312855	0.55260676
300875086	0.5511806
2214818162	0.5504385
8030292	0.55008745
383927121	0.54893845
2982013384	0.5435384
804995882	0.5433896
1969267836	0.5430499
385338646	0.54212606
1923879936	0.5411655
69037542	0.54109186
2208541680	0.5395311
174536733	0.53928727
2329595875	0.5379617
4120961	0.5377942
234155392	0.5352223
2600389056	0.53414905
74104397	0.5340602
412611622	0.53247494
904968246	0.53153
1969541850	0.53138494
113369057	0.5311751
944206759	0.5284074
49216749	0.52799815
33931931	0.5266279
1452408337	0.5260322
1246096020	0.5256771
463162523	0.5255834
2781050528	0.52485377
381872892	0.5246146
16995129	0.52404565
2373813025	0.52390754
1969580047	0.52365255
1710120552	0.5235339
2945948723	0.52307576
5986922	0.52306914
18866772	0.5223611
2527494464	0.52212
1283361	0.5209924
12114462	0.52096045
2447547871	0.5201746
33286321	0.51961726
1842216931	0.5161317
59316733	0.5155492
246376174	0.5155351
2448524059	0.5153022
137901322	0.5141755
1923947209	0.51329255
1850041968	0.5130807
2563637089	0.51223826
179932277	0.51174575
96697176	0.5106882
347880292	0.508255
14445650	0.5068165
204098062	0.5064056
955611	0.50625825
2186300442	0.504927
108660721	0.5039108
265066062	0.5033027
486468358	0.50326395
393797909	0.5018167
983143297	0.50103414
3037061194	0.5007489
537018713	0.49933425
1923926642	0.49875683
14744629	0.49678177
24519183	0.49677846
1388071068	0.4955692
2362929943	0.4937431
425907178	0.4934609
612135517	0.49229598
2889400523	0.49193156
1969669676	0.491026
26734588	0.49041167
58652546	0.48910975
432726108	0.48859724
1923902360	0.4876856
65445177	0.48746988
14275478	0.48480037
2260795585	0.48472893
1909462112	0.48461115
509162547	0.48377958
129899797	0.48371553
561742581	0.4837105
1457218807	0.48259822
2395258519	0.48108053
61661638	0.48106474
2181357950	0.48092332
2410182475	0.47733736
2280983368	0.47705257
1320968377	0.4764738
92597709	0.4759134
37496932	0.475428
29157032	0.4748504
347716422	0.47453085
36102165	0.4732824
1923890856	0.47311282
189950338	0.47095412
283013686	0.47076768
1447240867	0.47028005
2817966517	0.47016752
236320634	0.46984142
1854186092	0.46931022
15798871	0.46897382
348642818	0.4675055
290876212	0.46658596
29321298	0.46658167
39214566	0.46658167
2590325786	0.4664725
57260327	0.4659619
249798987	0.46368682
1969947438	0.46331117
4997601	0.4632146
774599383	0.46317202
582689833	0.46212134
68559732	0.4619848
790062926	0.46188048
158375407	0.461662
1923729505	0.46015948
14924757	0.4597208
41656804	0.4586368
2264634042	0.45835277
3028373332	0.45748836
2787667595	0.45676973
634735245	0.45673332
20715638	0.45602712
49514576	0.45569232
113410319	0.45527235
44702550	0.45507884
2595355027	0.45384312
19560393	0.4533979
2200605978	0.45322847
1969332830	0.4531677
1122634170	0.450368
1969944324	0.45024523
15264378	0.4495478
2737430300	0.44917628
1402993687	0.447843
2788588083	0.44758934
139901153	0.44705585
37721573	0.44705585
630928277	0.44675523
32161395	0.44433656
730086612	0.4437144
16731995	0.4416691
67177879	0.4416691
44681528	0.44116378
52718098	0.44107372
935242836	0.44048423
456957462	0.44045672
90272103	0.44030845
277279244	0.4400867
170725663	0.4399625
2770913916	0.43853512
217011425	0.43781042
365154140	0.4374412
29177687	0.43718973
1137852697	0.4363061
2373819572	0.43548995
1080479407	0.43444225
145262540	0.43444225
186117957	0.43444225
192026827	0.43444225
219472421	0.43444225
2420713926	0.43444225
26658589	0.43444225
327141478	0.43444225
334610643	0.43444225
34194902	0.43444225
34639731	0.43444225
373255284	0.43444225
398277268	0.43444225
38549586	0.4341699
258612274	0.43382224
268844094	0.43337068
2452122962	0.43320236
364813013	0.43187496
1092348054	0.4308285
18789002	0.43017274
1969694394	0.4288667
1281072037	0.4287001
216843073	0.42850775
97977288	0.42752743
7227662	0.42507076
291492488	0.42472184
418331619	0.4244947
2153916871	0.42429727
22093804	0.4237383
1969713649	0.42364535
2323396574	0.42315686
2923205548	0.42245123
1475745116	0.42240608
21110732	0.42177442
260559365	0.42137733
377353770	0.420932
16113010	0.42088905
1969959752	0.4184824
6968182	0.4178507
18216128	0.4176005
137955452	0.41680408
14767302	0.41653967
891616633	0.4162843
1365024919	0.4158115
110401235	0.41537634
2732425088	0.41510937
3015860842	0.41497335
188243290	0.41466975
240775180	0.41376933
21342715	0.41363016
86624521	0.413495
14146896	0.41238075
385249901	0.41238075
2841194833	0.41156146
2301564830	0.41092038
1969621112	0.4097703
248884036	0.4093611
62786647	0.40925568
1672120591	0.40889794
14714176	0.40619096
453171962	0.40602195
2363891865	0.40567046
1430782460	0.40537795
376367767	0.4049222
59842682	0.4049105
420781941	0.40465906
321974363	0.40365157
272357654	0.40352377
2173999435	0.4025761
15187546	0.40201777
760195754	0.4018539
518954841	0.40182793
19600416	0.40118167
1970014441	0.4004967
2968301068	0.3999883
253062405	0.3989799
132380872	0.39897367
192777521	0.39889997
16033537	0.39763424
2846650551	0.39759535
24808228	0.39722133
801698222	0.39681053
1636759074	0.3965502
113950546	0.3964455
30422978	0.39612323
2925204334	0.39399862
23998069	0.39332062
2181314366	0.39284068
10778222	0.3926041
21813540	0.39220947
19793176	0.39210713
774864242	0.391438
268600023	0.39114112
3065856747	0.3894198
485613466	0.38941368
794108792	0.38881356
84624919	0.38820714
2722167346	0.38810906
974097816	0.3879521
105252513	0.38791424
15632680	0.38765037
1969449714	0.3875085
1970233698	0.38742864
3024569141	0.38711327
602449513	0.38660598
1216954544	0.3859505
271048252	0.38592112
2711411250	0.38577038
1969580150	0.38532484
16910198	0.3851767
990937550	0.38501936
192640294	0.38392407
1362583376	0.38353765
3048356123	0.3827992
505116245	0.3823551
361265370	0.38232398
2525579803	0.38051027
588343057	0.38025993
2864524709	0.37994006
16802422	0.37980026
168691253	0.378686
32700250	0.37850654
23892061	0.3782203
1310746040	0.3780003
1654035020	0.37744904
20868465	0.37704295
14247096	0.37689775
1969573549	0.3766855
2370520826	0.3766253
1969307184	0.3762024
2897498647	0.3756308
578383794	0.3741727
2799276557	0.37351692
76369001	0.3731658
195368080	0.37315112
18617871	0.3731165
767403506	0.37304288
171323219	0.37260836
2307248647	0.3725314
267149304	0.3715302
411740391	0.37116823
633659682	0.37109938
1402824210	0.37074423
123125462	0.37026238
79563975	0.36992228
125210248	0.3699115
2461556142	0.36948073
2446101301	0.3693981
606340754	0.36904758
54594436	0.36826158
21124751	0.36795557
111623520	0.36788288
870818204	0.3671977
299891017	0.3670786
1129206217	0.36703426
17654208	0.36688206
782030712	0.366692
163897694	0.36606818
123662382	0.36553234
7725712	0.3651917
70524173	0.36516055
20523223	0.36511832
5580862	0.3633052
120130287	0.36279762
14236800	0.362409
71278394	0.3624016
1969660368	0.36178887
1888644360	0.36169022
425286807	0.36079156
461734125	0.36072487
2181326676	0.35926217
1969703274	0.35896024
126067662	0.35894513
83816037	0.3589277
64109894	0.35870773
44635746	0.35837638
38964336	0.35808235
499411395	0.35804212
242469235	0.35752758
20461878	0.35732815
581299509	0.35649937
317004204	0.3562927
232963053	0.35624352
1448698483	0.35597885
1969464060	0.355901
60350585	0.3548891
2987537122	0.35479861
5848722	0.35448518
1641927720	0.3537653
142998490	0.353581
2440894303	0.3533674
1970233190	0.35334572
765043	0.35286242
305518813	0.35258055
243199871	0.35248348
26046662	0.3520115
392921709	0.35195383
225381056	0.35193822
2181334776	0.351938
1373368518	0.3516897
271963762	0.35140455
2352562980	0.3508583
289104912	0.35080004
357501385	0.35048923
528770977	0.35036397
3015937503	0.350052
102325185	0.34994167
15740972	0.34951386
2225300413	0.34884003
2839975129	0.34865564
1924514210	0.3479967
1963249489	0.3479967
293550313	0.3479625
345524677	0.34783524
189784702	0.34779835
1653401	0.3477403
191005840	0.3471546
211150550	0.34704834
34416924	0.34611294
67582229	0.34604013
2570233256	0.3456056
28038974	0.3450762
351748251	0.3448545
2751046650	0.34431517
779088110	0.3441385
468758663	0.3440949
134292653	0.34385926
56660706	0.34319967
56287225	0.3431203
3044084388	0.34279352
2152741188	0.342559
254775607	0.342469
2234758370	0.34218115
333747236	0.34170365
7219	0.34128118
18451147	0.3412369
113490594	0.3410945
894442988	0.3409597
1522360556	0.34083468
2464284763	0.34080547
1498908421	0.33979017
496444554	0.33973968
2792041422	0.33967483
1209595398	0.33965665
337773667	0.33867273
188398607	0.33826298
2657738660	0.33813804
45867904	0.33768618
424383	0.33754385
1969953883	0.33742478
436248154	0.33668295
382132385	0.33640411
52478162	0.33616662
46708846	0.33538854
2254759674	0.33532625
14757591	0.33505815
14535893	0.33463794
164041723	0.33463794
204945929	0.33463794
2744219310	0.33463794
29915373	0.33463794
344973097	0.33463794
352407870	0.33463794
36741197	0.33463794
383988640	0.33463794
43890674	0.33463794
46653996	0.33463794
576292771	0.33463794
72699258	0.33463794
2964477538	0.3343769
2307419720	0.3342904
192743745	0.33334252
180111748	0.3331748
18222696	0.33287376
30248205	0.33265516
839504473	0.33265516
178390988	0.33218884
787945866	0.33199942
213936621	0.33189243
242980801	0.33174616
409255935	0.33168745
321510505	0.33165193
14781188	0.33164763
376499998	0.33162558
3062071730	0.33136636
35005041	0.33098948
991977150	0.32881224
43555217	0.32862294
403992815	0.32795602
2321168600	0.32739285
55026273	0.32722372
10282862	0.32703882
486112997	0.32703525
323808915	0.3253169
1969529136	0.32506984
274032472	0.32485628
30402815	0.32401967
47257691	0.32394823
189242422	0.32340604
1954730264	0.32331848
2359276710	0.32294878
113500123	0.3225437
25689113	0.32172918
231494313	0.32111567
55737961	0.3207427
49118282	0.3203243
1969599049	0.31925297
14469996	0.31923646
1970233862	0.31921983
15192713	0.31910503
135150713	0.31887972
555186610	0.31820875
18718676	0.3177773
41537564	0.31750977
18493404	0.3171369
1969714890	0.31685692
282174002	0.3167391
161785790	0.31653163
57936659	0.3163543
1969660176	0.3157817
2717551425	0.3144848
125436708	0.31436905
2368238768	0.3142166
2163285464	0.31384254
62597423	0.3136705
968722326	0.31363767
2213981	0.31363595
2281188906	0.3126641
733661322	0.3126333
275667670	0.3124774
93482663	0.31169936
2378294428	0.31163338
849923298	0.31157023
2835569081	0.31149733
153403310	0.31148428
1705758318	0.3114518
1039081430	0.3114214
458621197	0.31108177
402353316	0.31101874
19629551	0.31083316
32639483	0.31060714
541219315	0.31046128
703627689	0.31021354
19493257	0.3097728
14285650	0.3094384
242954869	0.30921888
533972176	0.3090537
1833020461	0.30904213
2321350494	0.3090265
570154956	0.3088466
2913023527	0.3087665
809122560	0.3087665
627695874	0.30871034
1416078199	0.30849123
700217426	0.30758744
300204824	0.30733854
141935925	0.30716565
182440063	0.30661735
49533260	0.30649745
114929136	0.30636877
605643	0.30611318
377013442	0.30599838
30256020	0.3055513
2399391152	0.30509126
64341848	0.30483395
283969398	0.304604
1245579715	0.30413532
2400601442	0.30399543
314061974	0.30359244
2151676471	0.30348098
1912519352	0.30335426
1951837074	0.30302832
1300380420	0.30298966
60139630	0.3029216
2678090893	0.30273974
2575101426	0.3020931
1969900956	0.30197132
11686132	0.30193746
260881465	0.3017215
71680880	0.30126455
508028610	0.30068195
2575278446	0.3006578
78697036	0.30062395
369799265	0.30036893
2181346825	0.30032516
68570324	0.3002109
47838954	0.2991869
2987008626	0.29885358
508993989	0.29821992
1961041356	0.29799414
1924476596	0.29789907
18586789	0.29734406
18229276	0.2973371
19717586	0.2973261
294698088	0.29698926
224387007	0.29683727
222507714	0.29634959
2915391	0.29624352
2436393168	0.296157
18574633	0.29584795
14814120	0.29546058
36573744	0.2953561
2911648575	0.2952351
328040224	0.2952351
48568291	0.2952351
481352356	0.2950797
428971031	0.2947387
507972021	0.2946285
41215235	0.2926666
820110584	0.2926336
2726313374	0.2925705
2181390564	0.29212552
14262411	0.29209566
390381898	0.2919035
3059703112	0.29145306
41753918	0.29142493
2594893740	0.29099673
602288530	0.2908596
2386361	0.29024792
27975408	0.29011035
49255986	0.29009676
52746656	0.2898649
280571157	0.2898608
411786151	0.28960952
1020182690	0.2895967
1969680204	0.28958666
1040551766	0.2894801
142832640	0.28933993
3091884801	0.28880125
2383861202	0.28866327
2275658568	0.2885939
171919007	0.28840864
401137819	0.28821552
149300800	0.28811675
393806037	0.2874433
2400287502	0.28700614
15048943	0.28665626
3091880403	0.2866099
14296688	0.28643852
43162411	0.28634477
2643714854	0.28617418
2753769126	0.2857092
50043679	0.2848699
74905565	0.28425455
2882124578	0.2841643
2516675941	0.2840551
2329702863	0.28399497
2195055925	0.2835781
803081406	0.2835573
2176272606	0.28344312
932806561	0.28327888
2345522113	0.28048
261354349	0.2804554
67585143	0.28036496
383951841	0.28031474
3077465792	0.280212
2478606366	0.28007755
924239384	0.27939272
477803311	0.27926946
2917850519	0.27915508
2935288546	0.27874386
2335119450	0.2780388
245475764	0.2776687
19464543	0.2776043
337348682	0.27759516
23076722	0.2775222
194268330	0.27749997
194710059	0.27749997
19969726	0.27749997
2148971516	0.27749997
2999201984	0.27749997
3028273192	0.27749997
850780878	0.27749997
93532074	0.27749997
110277416	0.27736196
75405635	0.2770662
20822613	0.27692628
106922623	0.27690056
1377472224	0.27662143
40004246	0.27650246
16170802	0.27639472
2401925442	0.27636987
81387532	0.27624297
2694624362	0.27616313
2859670988	0.27613777
1245395222	0.27564597
3045262137	0.27547914
1020171044	0.27541062
7566302	0.27515793
30940468	0.27469468
2366685349	0.2746634
76921999	0.27455565
598865116	0.27437407
2332199730	0.27434933
1281621649	0.27390593
150905976	0.27388003
2431840482	0.27387655
2727437358	0.27387655
3025518377	0.27387655
429065890	0.27378067
319727721	0.2736029
14511820	0.27311525
1969432770	0.2728972
41434322	0.27286422
2505388730	0.2725009
43898598	0.2722432
495974881	0.27215958
808669694	0.2707469
840621122	0.27065074
2567518027	0.2705226
26564529	0.27032483
1262258454	0.2702322
3022668393	0.26985574
2331387967	0.26906547
39196736	0.2684936
604160529	0.26846766
567367374	0.26809457
17529294	0.26787433
534934690	0.2672309
217643345	0.26705462
234956680	0.26675263
182821543	0.26625565
2290157628	0.26619843
865866092	0.2661787
1969672561	0.2659814
1969917420	0.26516864
2197054086	0.26468465
2652836498	0.2643701
24725800	0.26413107
1848242569	0.2630918
2833000867	0.26222867
275822906	0.26202214
3072531730	0.26189497
296585634	0.26167864
1188054740	0.26132786
236073463	0.26132786
370291603	0.26132786
37972085	0.26123357
1969285428	0.26123178
18574762	0.26118702
2260954471	0.26098633
28318224	0.26090956
14346111	0.26086953
2580457224	0.26086953
304505353	0.26086953
420789251	0.26086953
611418711	0.26058596
3080878647	0.26056612
505322398	0.26049075
47047946	0.2602971
2556490411	0.2597225
18455693	0.2596015
56606564	0.25921905
2350728631	0.25911343
31800110	0.25890425
2447967798	0.25878242
2792802479	0.25850967
6172452	0.25848025
197934198	0.25821
450067470	0.25788295
102800191	0.2576528
2736561678	0.2573334
280235129	0.25721943
1178507594	0.25704175
33046660	0.25703675
2807212358	0.2566575
261460365	0.2564365
549657836	0.2564359
385015938	0.25556493
2722660553	0.2555578
2343953910	0.25542843
813793495	0.25537956
2506307970	0.25525755
611987690	0.25484926
1612027483	0.2545935
2534936455	0.25455976
960834355	0.25430325
3064563064	0.25429747
23084050	0.25363356
40367730	0.25356746
786764389	0.25356746
520104860	0.25347742
1412062452	0.2533132
2317824278	0.25315067
1969955222	0.25310227
578077334	0.2530322
384520820	0.25239944
563401291	0.25231946
1510153513	0.25207192
479757960	0.25202125
22340499	0.2513972
2372014244	0.25128424
100082185	0.25117055
548791763	0.25112742
312812068	0.25109363
801218796	0.2510692
135970150	0.2505931
1969557474	0.25036186
2893115784	0.2497653
974480149	0.2492927
85413569	0.24924019
2318139319	0.2490591
204010235	0.2482825
2785328266	0.24824084
155980169	0.24816021
1625296296	0.2478604
1161725924	0.24780852
18272063	0.24763387
156919789	0.24736948
12477192	0.24724324
29290940	0.24705091
106206358	0.24683994
259979809	0.24683994
497129954	0.24683994
5768622	0.24683994
1969421654	0.24664351
2677616792	0.24644402
1134874560	0.24599768
1011339350	0.2453177
16052373	0.24526596
1146967842	0.24501586
1562927485	0.24452025
2151504811	0.24452025
2998603947	0.24452025
813793326	0.24452025
182514760	0.24425733
43777248	0.2434781
2150696418	0.24338849
869939479	0.24336672
162419093	0.24333969
236195607	0.24318245
383568514	0.24301276
2814136474	0.24250005
148335414	0.2424751
2199676916	0.24241206
268006481	0.24215129
1650760016	0.24178636
287966215	0.24165355
735643934	0.24163467
160820574	0.24141172
610158907	0.24115443
16687237	0.24100274
2782025063	0.24094957
120190615	0.24093957
412596759	0.24084899
3069885952	0.24080628
2440969560	0.240794
179327909	0.24073279
97694569	0.24061862
3067192425	0.24030964
781261333	0.24018045
286207807	0.24006352
235190329	0.23985681
16019188	0.23953107
2561724956	0.23903233
2314283817	0.23893708
20232786	0.23871642
2361133573	0.23851158
3073241957	0.23826405
486309086	0.23806724
30726359	0.23765469
2175055010	0.23713711
322963627	0.23713557
1345998098	0.23702945
815308128	0.23695794
3059038717	0.23689461
113848677	0.23652948
30012714	0.23645961
1733577882	0.23643863
148573029	0.23640293
2527511184	0.23637173
1297151796	0.23636453
195852859	0.23618196
227469180	0.23565981
2896401414	0.23486641
36816237	0.23350108
2372479135	0.23342595
335174838	0.23342584
19627971	0.23336308
2988991127	0.23304248
1587217963	0.23302662
134233015	0.23294824
252869776	0.23291448
2340751033	0.23278555
16467189	0.23249489
2333547493	0.23211142
93208882	0.23211074
2324022344	0.2314023
34779583	0.23127437
299943599	0.23116374
37732815	0.23107955
20855937	0.23100302
1610934914	0.2306108
23254816	0.23053798
1449955262	0.23046365
27734496	0.22996852
3001224159	0.22989628
567452784	0.22981057
154370973	0.22973044
322138756	0.22967046
2547053838	0.22941118
415666769	0.22919956
27760466	0.2288318
290669413	0.2288318
101876637	0.22869009
121746633	0.22869009
2188878691	0.22869009
3024972048	0.22869009
3074528609	0.22869009
964081537	0.22869009
3037641536	0.22811109
2392142848	0.22806177
9215452	0.22790042
2196900553	0.22756527
17001893	0.22709864
2181403417	0.2265318
18899842	0.2263377
110581612	0.22614017
433579861	0.2261193
2147877331	0.2260902
21374267	0.22593245
183294525	0.22590438
101903984	0.22589228
249531407	0.22566459
240078196	0.22565679
2150927341	0.22545514
257037374	0.22504368
2804870168	0.22498904
519930044	0.22481745
13576102	0.22481549
165860889	0.22481549
1854900966	0.2246401
1137129578	0.22449973
2328984788	0.22382864
1076916151	0.22366704
242079030	0.22350755
2197078218	0.22303605
3028535478	0.2230222
1446411967	0.2229976
14971437	0.2229976
1884013189	0.2228696
12072492	0.22284946
2360669288	0.2227213
12234352	0.22240534
3018836009	0.22239365
1581782214	0.22228047
77595516	0.22214624
271407856	0.22197182
3048582817	0.22196794
23376223	0.22194874
3025741090	0.2218987
231582881	0.2218951
2888729354	0.22151317
133910588	0.22142446
2711212681	0.22111213
91180198	0.22108902
2319599660	0.22083032
595659014	0.2207999
18958504	0.22063926
1190625589	0.22055718
2524684585	0.21966857
1516712677	0.21958266
108451640	0.21956646
376416022	0.21941157
630439865	0.2193829
2570479190	0.21908434
2614480104	0.2189588
473745411	0.21888626
105845978	0.21888006
399524259	0.2188536
294058898	0.21798459
2579477766	0.21783626
98230642	0.21770248
2789808318	0.21756744
527541076	0.21748734
2554107798	0.21730787
51932290	0.2172817
2348716116	0.21725918
1967170620	0.21713945
16838506	0.21697232
91383861	0.21686405
2651596849	0.21677417
1969992212	0.21651751
3062926500	0.21644153
1560440960	0.21626024
49174849	0.21609572
3066417601	0.21602058
47240532	0.2158736
98560220	0.21587357
2979021506	0.21585953
2231502417	0.21555966
22736244	0.21555911
2432351047	0.21543038
2169708528	0.21540187
60309123	0.21532647
472659133	0.2152456
2874615120	0.21524501
20172533	0.21507514
2714985810	0.21507514
146600232	0.21497409
222187111	0.21455555
27897645	0.21451834
456798680	0.21447529
346144728	0.21421273
36460987	0.2140654
2875909930	0.2140215
14828249	0.21374997
18395761	0.21374997
495634703	0.21374997
589594895	0.21373701
1952436260	0.21335533
1969546070	0.21335393
290288265	0.2131233
2347049569	0.21310002
978788874	0.21299447
1284745723	0.21294834
304202454	0.21284966
23006271	0.2127875
2977173871	0.21274686
256659644	0.21244907
100286145	0.21242714
962377910	0.21221514
277993952	0.21193056
179422617	0.21180294
2956444112	0.21176612
5753932	0.21154523
3019709081	0.21150489
26067145	0.21141177
331072994	0.21103176
2945111705	0.21102794
2302598977	0.21087213
2768250418	0.21081284
2994311335	0.21080922
72980897	0.21066898
321692995	0.21038774
115268948	0.21029267
39350192	0.21029267
419728487	0.21029267
21745565	0.20984209
823991053	0.20984209
97627107	0.20984209
439016986	0.20983256
704897486	0.20958002
14922536	0.20956892
575576964	0.20947564
326404886	0.20946044
2351112571	0.20930171
2818198537	0.20900814
248467487	0.20894498
2136001	0.20894343
1319944056	0.20892133
2468242014	0.20815808
574561631	0.20807292
15559996	0.20801781
490332198	0.20800006
450610574	0.2077893
301886330	0.20778367
188097788	0.20727296
1526288869	0.20725434
713466386	0.20717624
628638850	0.2066633
2431675020	0.2066257
1199439283	0.20638123
2885627313	0.20626678
16186635	0.20610088
108511039	0.20604657
533213296	0.20571488
46406002	0.20544375
35860455	0.20514137
69187710	0.20511533
3017614609	0.20508578
110147594	0.20479497
56864465	0.20477186
767658752	0.20475087
97286991	0.20458269
2966251421	0.20427907
17131268	0.20422424
19897450	0.20422424
1979190776	0.20409243
2356524462	0.20362188
2999936308	0.203561
38019774	0.20341787
600580896	0.20330492
16974180	0.20316935
3088025604	0.20291513
2818012008	0.20285779
22796729	0.20249842
1550014584	0.20243505
214321318	0.20243396
2862909478	0.20242414
2735511486	0.20241985
2928995946	0.20230216
44480204	0.2022484
240503095	0.20211716
168744961	0.20199278
2559099354	0.20197235
46498124	0.20160843
17156538	0.20160684
2450213047	0.20131993
54204222	0.20111382
633777072	0.20111382
2552215742	0.20096272
14779075	0.20081928
12910082	0.20071483
14818050	0.20054981
262592705	0.20028764
404853456	0.20022884
2757042696	0.20007053
2392077660	0.19999069
183853112	0.19956398
95084967	0.1995041
445902563	0.19935134
2233924628	0.19926709
49054577	0.19922784
14167164	0.19921793
15868847	0.19921793
207859759	0.19921793
591417279	0.19888005
2341445778	0.19875199
2914186927	0.19874237
420995644	0.19871354
617972512	0.19871354
598763207	0.1986385
2155645134	0.19842309
116928534	0.19837609
14348618	0.19837609
20180840	0.19837609
212995238	0.19837609
24162350	0.19837609
2513809958	0.19837609
315920755	0.19837609
357086243	0.19837609
43308061	0.19837609
49902313	0.19837609
85136516	0.19837609
862679882	0.19837609
1387533103	0.19837524
153871260	0.19802941
1329717295	0.19793752
88215408	0.19791022
18049798	0.19761235
249179084	0.19755672
14956471	0.19750585
21019028	0.19724974
111838410	0.19715269
567220738	0.1970107
2446369843	0.19700438
1123297194	0.19682679
130888741	0.19682679
1310272820	0.19682679
15917225	0.19682679
1643348827	0.19682679
166990146	0.19682679
22024242	0.19682679
2270416014	0.19682679
2307296066	0.19682679
2307783066	0.19682679
256232233	0.19682679
2617032362	0.19682679
2704477236	0.19682679
3084444185	0.19682679
3089856371	0.19682679
382706787	0.19682679
2516724463	0.19682118
23871787	0.19677448
1304634055	0.19664831
355754058	0.19659735
2558654918	0.19649252
2982753611	0.19608283
22768356	0.19594002
1095563516	0.19534405
69627447	0.19532685
1479322380	0.195092
1496872536	0.195092
467016678	0.19484572
2153467878	0.1946951
2753470001	0.19464427
2610040128	0.19450125
2166195704	0.19441244
2728393383	0.19431728
12649752	0.19428602
35420682	0.19417487
113897359	0.19414097
1131932318	0.19408618
1007915173	0.19400448
2212755500	0.19374649
2820135667	0.19371328
36420170	0.19360301
140570159	0.19357094
2220015630	0.19346453
1962132428	0.19326428
464124434	0.19298871
2720144785	0.19292894
348892804	0.19287631
2455585854	0.19287409
29927236	0.19284333
37956761	0.19274868
241241262	0.19267726
3041358687	0.19267607
173301796	0.19249997
31810988	0.19249997
410699580	0.19249997
480850910	0.19249997
1648349564	0.1919895
1671560821	0.19189954
2369259613	0.19176494
43962686	0.19174945
1266345439	0.19168478
1201683000	0.19167475
2515233745	0.1916178
2276954768	0.1915422
1416273570	0.19119921
1525578823	0.19119921
155197848	0.19119921
2688470512	0.19119921
2823147779	0.19119921
3065074336	0.19119921
376753833	0.19119921
868842409	0.19119921
2342215530	0.19114363
2245748490	0.19109993
14108990	0.19097361
2925733264	0.19097361
989657845	0.19078834
2874538467	0.19064642
906752048	0.1906307
140555788	0.19058186
2649921242	0.19054174
48373724	0.19054174
16687349	0.19053386
20052935	0.19053386
123174284	0.19047616
3016858651	0.19047616
411937691	0.19043316
2818424798	0.19035327
153633568	0.19026539
2874489085	0.1902008
1340442012	0.19015443
125411167	0.18982647
1560174734	0.18982647
45420272	0.18982647
537502457	0.18982647
181772413	0.18960668
2956204705	0.18946238
141118868	0.1893376
2341038491	0.18916471
2463334585	0.18892594
2669943158	0.18892594
49327527	0.18892594
206912295	0.18859942
49888855	0.18844059
2390444581	0.18826188
1176084458	0.18816602
2880143019	0.18807997
433158220	0.18803912
2177764470	0.18790132
122152316	0.18757588
2982471489	0.18757464
616219267	0.18757464
310643025	0.18753602
2261405917	0.18740064
21233042	0.18738061
24489242	0.18733767
17133267	0.18723992
232603676	0.18713753
108685618	0.18699145
90670105	0.18692964
6641292	0.18673798
1657808011	0.18672535
146451331	0.18662485
2202375985	0.18662485
2388496231	0.18648978
393125588	0.18644436
2883907999	0.18643598
18087614	0.1864145
3042440150	0.18619524
295378743	0.18615256
4142721	0.18607557
1113177727	0.18588775
84378083	0.1857863
14318277	0.18572691
260804576	0.18569967
1022728596	0.18553871
273420645	0.18536018
82251214	0.18530972
21679494	0.18498811
137061901	0.18453024
1222829917	0.18451172
40811479	0.1844245
114845234	0.18440706
63915255	0.18427089
1163696714	0.18409516
106531857	0.18408452
1155905833	0.18408452
21567957	0.18408452
59035579	0.18406752
1713849307	0.18399736
43808296	0.18389763
289358443	0.1838482
10236782	0.18378949
2753854811	0.18374278
2171837372	0.18370381
16020246	0.18355948
243645538	0.18351997
16399198	0.18346073
278303790	0.18346073
61081513	0.18337028
2197116199	0.18323459
17583572	0.18318865
1924316509	0.18300025
172041600	0.18293267
527900414	0.1828869
2743641378	0.18244082
529167074	0.18205096
1359774865	0.18196934
189629190	0.18187498
61489599	0.18187498
80381713	0.18187498
2341281566	0.18183535
2482721760	0.1818096
29535305	0.1817777
215896904	0.1816972
516096222	0.18161625
58916964	0.18157093
146293268	0.18154046
21661809	0.18131483
2169598345	0.18117742
239080208	0.18117742
369868614	0.18092987
2795789015	0.18049005
1390839968	0.18018538
26751720	0.18012667
2768339684	0.18000829
2161206156	0.17993216
17854610	0.17988364
124258437	0.17972212
2325975522	0.17964184
246342807	0.17958543
2852234994	0.17948435
1547662243	0.17935795
1275929029	0.17913435
2743448746	0.1790941
893846334	0.17899732
2885298328	0.17893691
292286168	0.17887336
19220698	0.17885539
2893937379	0.17857866
400233865	0.17857501
182503524	0.17856148
28277258	0.1784959
76529396	0.17848298
702993	0.1784112
1449251635	0.1783587
29538715	0.1781804
1858383722	0.17794624
2239864518	0.17794624
2883107349	0.17794624
32656210	0.17778534
2342763212	0.17774463
2665043143	0.17760858
2991665893	0.17760858
2332652408	0.17758657
2409150423	0.17743644
2540665153	0.17743075
300803547	0.17680953
2730822508	0.17645189
1349856667	0.17605244
387998844	0.1759806
2773514064	0.17567396
2962676963	0.17562707
14287528	0.17554767
2905030419	0.17554767
258110276	0.17534435
608259746	0.17534435
1692174140	0.17520192
2525892205	0.1751968
2385964938	0.17512193
2990011953	0.17512193
811734925	0.17498288
1950172806	0.17497262
221265552	0.17495246
18528331	0.17467135
25770215	0.17456447
550690961	0.1743938
1923938851	0.17436709
2397975692	0.17434806
2181281054	0.17429888
2700426558	0.17428532
29450493	0.17414357
1574551854	0.17404383
2881595931	0.17385478
13297232	0.17385067
252624860	0.17385067
2815413699	0.17385067
100051020	0.17359571
101844599	0.17359571
103319183	0.17359571
1315790101	0.17359571
135527544	0.17359571
145717389	0.17359571
18480433	0.17359571
22315243	0.17359571
24159442	0.17359571
2445717607	0.17359571
25691224	0.17359571
25738286	0.17359571
26376384	0.17359571
298663738	0.17359571
363199891	0.17359571
396834863	0.17359571
39757920	0.17359571
45177475	0.17359571
486968060	0.17359571
49178887	0.17359571
71832238	0.17359571
2174552635	0.17354736
29298932	0.17354736
93903491	0.17354736
1949701902	0.17325673
2895455096	0.17325225
2903243346	0.17325225
1414303712	0.17320031
28100576	0.1728611
1245007357	0.17263986
105548711	0.17263053
15701839	0.1725951
2380959451	0.17259485
340639955	0.1725855
293123468	0.17242047
2475510223	0.17237839
3078012185	0.17237839
39477726	0.1723451
2165642192	0.17227526
2259177605	0.17224364
2447901655	0.17222781
10883952	0.17207167
95483024	0.17187983
2699087383	0.17186953
1183310281	0.17176287
2998159793	0.17154014
1109116542	0.17150731
338687785	0.17146432
391053025	0.17124997
16907542	0.17122059
771629515	0.17116494
2471368838	0.1710743
18113859	0.17087789
57184708	0.17087789
95707794	0.17087789
180473434	0.17086506
2814840025	0.17086506
814071170	0.17086506
23772501	0.1706957
72453943	0.17068106
2570416382	0.17004253
1149158804	0.16967289
151417664	0.16967289
20158190	0.16967289
214993766	0.16967289
255242103	0.16967289
358504373	0.16967289
3045408737	0.16944242
2781550178	0.1693748
30290055	0.16935974
17574702	0.16935101
1702460779	0.16933873
216421322	0.16933873
2283065642	0.16933873
1723453544	0.16933018
207271383	0.16920392
44748620	0.16918775
2906777092	0.16897368
3087869221	0.16878334
1623043350	0.16838227
14255185	0.1683038
32389968	0.1683038
95917532	0.1683038
761881459	0.16818108
1305451382	0.16810659
165684558	0.16802394
2883603475	0.16802394
568633159	0.16802394
96156824	0.16791879
484773756	0.16782269
15526966	0.16777936
22547411	0.16755435
2902969040	0.16740783
2439074089	0.16735537
24214128	0.16729365
2886530201	0.16724642
472607721	0.16697389
44607198	0.16685525
430949694	0.16682094
67416649	0.16682094
2860799301	0.16678718
2294809898	0.16646492
389353555	0.16646492
184345490	0.16624531
18235667	0.16620475
2694667118	0.16617566
226828258	0.16592361
2917972925	0.16575217
394385786	0.16552477
2799908841	0.16549261
1409168863	0.16543753
484408012	0.16537598
20704858	0.16535671
1366850106	0.16521187
2209523333	0.16504245
27724029	0.16504245
360327469	0.16504245
485930068	0.16504245
896638418	0.16504245
258131614	0.16470726
39077742	0.164565
2371001545	0.16440365
2380303894	0.16440353
2435931235	0.16440353
291260395	0.16440353
3094750343	0.16440353
388647272	0.16440353
470414162	0.16440353
525373209	0.16440353
8275492	0.16440353
15378226	0.16433106
2972089007	0.16423798
193323937	0.16421427
60439638	0.16419806
59332648	0.16409189
2980084281	0.16399749
1272751392	0.16393183
29231326	0.16393183
13967832	0.16382925
266721246	0.16379109
2898153623	0.16379109
120148426	0.16374193
1601683238	0.16374193
226990146	0.16374193
328140406	0.16374193
2765603292	0.16373351
437407245	0.1636082
19777610	0.16354306
822825	0.16354306
99246557	0.16354306
20749160	0.16347711
455496620	0.16332139
1269559484	0.16323222
17134730	0.16323222
2890462752	0.16323222
210725073	0.1630394
1375000884	0.16299489
2344619544	0.16289611
1216821044	0.16287358
2558976854	0.16287358
2686999627	0.16287358
2863581578	0.16287358
2864193298	0.16287358
2931656797	0.16287358
32906830	0.16287358
422793564	0.16287358
601627047	0.16287358
139794278	0.16281779
19203981	0.16281779
201221109	0.16239397
2602074732	0.16239397
311488336	0.16239397
2385851994	0.1623283
2764739508	0.1623283
2385812455	0.16220203
1411402069	0.16216093
2818243225	0.16195855
1327241353	0.16185968
9071062	0.16174519
171726464	0.16163573
53509516	0.16163573
2873869165	0.16159089
133425913	0.1613007
14227002	0.16062498
320501282	0.16051821
2285388840	0.16048807
1694393618	0.16046885
81525608	0.16041209
38469666	0.16039729
1068452287	0.1603019
18544464	0.1603019
204319668	0.1603019
232633486	0.1603019
2830105093	0.1603019
599575091	0.1603019
2908494810	0.1600304
2321522203	0.15985575
1391686380	0.15974125
490580993	0.15974125
51160074	0.15974125
2448859862	0.1595275
1311348206	0.15943372
597485789	0.15942574
1579371308	0.159308
3168141	0.15930483
118794845	0.1592779
76554388	0.15922263
1602147493	0.15896201
1964714336	0.15794471
21291663	0.15794471
2383634756	0.15784465
128272637	0.15771909
19276572	0.15771909
252580613	0.15771909
2238814035	0.15768023
145749220	0.15751404
429539867	0.15749997
346120847	0.15749185
2954398231	0.15732451
16427483	0.15728448
2480921788	0.15728448
15783627	0.15724875
249924827	0.1571417
43222757	0.15694559
2428916787	0.15666687
1072940342	0.15646112
22690112	0.15646112
121053500	0.15630768
1977344317	0.15627655
237994484	0.1561388
430780202	0.15579921
2867531362	0.15563644
267621819	0.15470101
22320655	0.15414396
1632826160	0.15391235
1921459111	0.15391235
3103803095	0.15391235
2342192654	0.15379001
583323699	0.15379001
88055463	0.15371536
1457661439	0.15363029
2749335470	0.15340969
172105978	0.15329707
283241032	0.1530144
102710585	0.15276794
2901773686	0.15269299
35096852	0.15269299
776686735	0.15269299
1694447893	0.15252411
20520010	0.15252411
38727901	0.15246801
2826416593	0.15238719
1177550208	0.15213051
2291369929	0.15161385
2319225180	0.15161385
1000798291	0.14999998
1004114520	0.14999998
100634717	0.14999998
1006630980	0.14999998
1013520492	0.14999998
101431978	0.14999998
1017920461	0.14999998
1018785420	0.14999998
10238532	0.14999998
1024259730	0.14999998
102714519	0.14999998
1031976865	0.14999998
1036721035	0.14999998
103791489	0.14999998
1038116166	0.14999998
1039541	0.14999998
1041463176	0.14999998
1042482384	0.14999998
1051789562	0.14999998
1053318019	0.14999998
105562080	0.14999998
1059676711	0.14999998
1064474702	0.14999998
10650732	0.14999998
1067429730	0.14999998
1076195652	0.14999998
10769212	0.14999998
10819222	0.14999998
1089765691	0.14999998
109120379	0.14999998
109145757	0.14999998
1105117747	0.14999998
11148192	0.14999998
111585151	0.14999998
111769378	0.14999998
113083566	0.14999998
1131710305	0.14999998
113213802	0.14999998
113726458	0.14999998
1138146079	0.14999998
1140708116	0.14999998
115432090	0.14999998
1157691163	0.14999998
1164357870	0.14999998
116621693	0.14999998
117000693	0.14999998
1170903715	0.14999998
1170997681	0.14999998
11718342	0.14999998
117248779	0.14999998
118862957	0.14999998
119410176	0.14999998
1195066285	0.14999998
119751785	0.14999998
119860871	0.14999998
1198625006	0.14999998
1198712300	0.14999998
1206200186	0.14999998
1207744728	0.14999998
1209867661	0.14999998
1210641278	0.14999998
1210652732	0.14999998
121173149	0.14999998
121472330	0.14999998
12159562	0.14999998
1225690004	0.14999998
1232513382	0.14999998
123623227	0.14999998
123639176	0.14999998
1241660304	0.14999998
1249383896	0.14999998
125231640	0.14999998
1260261013	0.14999998
126110034	0.14999998
1266006373	0.14999998
126687949	0.14999998
1267670126	0.14999998
1270748916	0.14999998
127589967	0.14999998
1279147374	0.14999998
1282321116	0.14999998
128676992	0.14999998
1289469470	0.14999998
1298935814	0.14999998
130673445	0.14999998
1307452536	0.14999998
130888096	0.14999998
131116719	0.14999998
1311805159	0.14999998
1318529594	0.14999998
1319221	0.14999998
132363589	0.14999998
1323714788	0.14999998
133379474	0.14999998
13364642	0.14999998
1337082139	0.14999998
133719675	0.14999998
133940825	0.14999998
134249443	0.14999998
134405125	0.14999998
1345720669	0.14999998
1359746220	0.14999998
1369739395	0.14999998
1373315450	0.14999998
1373505554	0.14999998
137654269	0.14999998
1378502131	0.14999998
137920231	0.14999998
1380851436	0.14999998
1382696858	0.14999998
1386366252	0.14999998
140258733	0.14999998
1407559375	0.14999998
1411023614	0.14999998
1411784761	0.14999998
141202555	0.14999998
141227037	0.14999998
14145490	0.14999998
141605349	0.14999998
141685428	0.14999998
14172659	0.14999998
14195253	0.14999998
142323505	0.14999998
142333812	0.14999998
142739018	0.14999998
1430670998	0.14999998
1431661122	0.14999998
1434472400	0.14999998
14347047	0.14999998
1434882133	0.14999998
14383563	0.14999998
14441207	0.14999998
14509420	0.14999998
14530634	0.14999998
145496161	0.14999998
1458431035	0.14999998
146131888	0.14999998
146162613	0.14999998
146327601	0.14999998
14633394	0.14999998
1468187089	0.14999998
1468271971	0.14999998
1469136235	0.14999998
1470355465	0.14999998
1470731052	0.14999998
14708960	0.14999998
14716089	0.14999998
1491203184	0.14999998
1491452869	0.14999998
149159326	0.14999998
14955023	0.14999998
14955754	0.14999998
149621628	0.14999998
149942264	0.14999998
15099664	0.14999998
1510635630	0.14999998
151161683	0.14999998
15130443	0.14999998
15132938	0.14999998
15153236	0.14999998
15159627	0.14999998
151825459	0.14999998
151999209	0.14999998
1520221472	0.14999998
15269677	0.14999998
15306907	0.14999998
1531556486	0.14999998
15317292	0.14999998
15322566	0.14999998
153323908	0.14999998
15384133	0.14999998
15384720	0.14999998
153935319	0.14999998
153998545	0.14999998
154535828	0.14999998
15530583	0.14999998
1553871637	0.14999998
155517099	0.14999998
15568900	0.14999998
15594090	0.14999998
15598689	0.14999998
1567804321	0.14999998
15699248	0.14999998
1571165700	0.14999998
157193460	0.14999998
15763865	0.14999998
15777456	0.14999998
1589120743	0.14999998
159146973	0.14999998
1593903523	0.14999998
15953207	0.14999998
1596234775	0.14999998
15962551	0.14999998
1603409448	0.14999998
1610060744	0.14999998
1612153176	0.14999998
16148514	0.14999998
16257037	0.14999998
163126557	0.14999998
16334579	0.14999998
16356297	0.14999998
163664036	0.14999998
16468747	0.14999998
16495607	0.14999998
16530590	0.14999998
165494755	0.14999998
1656247388	0.14999998
16576158	0.14999998
1660618903	0.14999998
1662593401	0.14999998
1666068925	0.14999998
166929600	0.14999998
1669574874	0.14999998
167210247	0.14999998
1673094114	0.14999998
167722855	0.14999998
16781924	0.14999998
16801482	0.14999998
1686872700	0.14999998
169525667	0.14999998
169772193	0.14999998
1702878548	0.14999998
170616732	0.14999998
170774254	0.14999998
1710460484	0.14999998
17130783	0.14999998
17150078	0.14999998
171754508	0.14999998
171788620	0.14999998
172501485	0.14999998
17261097	0.14999998
1732512931	0.14999998
1734698724	0.14999998
173623224	0.14999998
17374916	0.14999998
17431424	0.14999998
17512915	0.14999998
17616049	0.14999998
176184210	0.14999998
17643237	0.14999998
176514663	0.14999998
176824779	0.14999998
17726074	0.14999998
177635330	0.14999998
17905363	0.14999998
179054279	0.14999998
17970167	0.14999998
18013322	0.14999998
18034727	0.14999998
18041637	0.14999998
180906341	0.14999998
1811561	0.14999998
1846038414	0.14999998
18478797	0.14999998
185058095	0.14999998
1853290741	0.14999998
185673644	0.14999998
186917369	0.14999998
1874836183	0.14999998
18876482	0.14999998
18879188	0.14999998
18916747	0.14999998
1908603404	0.14999998
1909514695	0.14999998
19141041	0.14999998
1915103876	0.14999998
191581899	0.14999998
191616875	0.14999998
192339203	0.14999998
19246655	0.14999998
19259132	0.14999998
1926203599	0.14999998
1932016117	0.14999998
19358428	0.14999998
19390974	0.14999998
1944448274	0.14999998
1944646057	0.14999998
19462442	0.14999998
1946807360	0.14999998
19495154	0.14999998
195359488	0.14999998
1954989128	0.14999998
1955026304	0.14999998
1955389074	0.14999998
1963085300	0.14999998
1963312465	0.14999998
1964716700	0.14999998
1964742475	0.14999998
19807729	0.14999998
199218897	0.14999998
199910491	0.14999998
202100189	0.14999998
20274971	0.14999998
202948351	0.14999998
20351876	0.14999998
203615803	0.14999998
20424086	0.14999998
204526462	0.14999998
204616970	0.14999998
20470594	0.14999998
20495796	0.14999998
205041931	0.14999998
20522662	0.14999998
20524670	0.14999998
20532803	0.14999998
20654759	0.14999998
20722021	0.14999998
207720893	0.14999998
20822796	0.14999998
2092801	0.14999998
20948750	0.14999998
209893887	0.14999998
210506986	0.14999998
21050828	0.14999998
210971939	0.14999998
211098229	0.14999998
21151749	0.14999998
211938807	0.14999998
21297217	0.14999998
21304210	0.14999998
214291146	0.14999998
21516862	0.14999998
215664223	0.14999998
2157811778	0.14999998
216080694	0.14999998
2165203542	0.14999998
216917949	0.14999998
2169581947	0.14999998
2171224437	0.14999998
2177885586	0.14999998
21827572	0.14999998
218360436	0.14999998
21836778	0.14999998
21838413	0.14999998
21864105	0.14999998
2186521309	0.14999998
21932707	0.14999998
2195446502	0.14999998
2195543761	0.14999998
21966773	0.14999998
21997254	0.14999998
2202568208	0.14999998
220264014	0.14999998
2202846054	0.14999998
2202855620	0.14999998
220762952	0.14999998
2212384448	0.14999998
2218386410	0.14999998
221880939	0.14999998
22192826	0.14999998
2225264945	0.14999998
22275782	0.14999998
2230330501	0.14999998
223424181	0.14999998
22373552	0.14999998
223861087	0.14999998
224020036	0.14999998
2241485071	0.14999998
224281922	0.14999998
22429982	0.14999998
224436549	0.14999998
22447093	0.14999998
224577823	0.14999998
224770025	0.14999998
224849665	0.14999998
22501143	0.14999998
2252559062	0.14999998
2256758983	0.14999998
2256809628	0.14999998
2265549845	0.14999998
226979010	0.14999998
22711691	0.14999998
2280771642	0.14999998
228211937	0.14999998
2283770768	0.14999998
2285639558	0.14999998
2285653358	0.14999998
22857612	0.14999998
22890570	0.14999998
22897761	0.14999998
2290053787	0.14999998
2291199907	0.14999998
22927050	0.14999998
2293929182	0.14999998
2295050682	0.14999998
2296647594	0.14999998
2297682193	0.14999998
2298153408	0.14999998
230209990	0.14999998
23036965	0.14999998
230781635	0.14999998
23118937	0.14999998
2315988728	0.14999998
2317833127	0.14999998
2318307456	0.14999998
2319466692	0.14999998
232317403	0.14999998
2325905011	0.14999998
2326144026	0.14999998
2326214172	0.14999998
232851047	0.14999998
2331765991	0.14999998
2332151780	0.14999998
2334410965	0.14999998
233886250	0.14999998
2339595667	0.14999998
2339874805	0.14999998
2341064798	0.14999998
2344004563	0.14999998
2344117465	0.14999998
234905726	0.14999998
2355018890	0.14999998
2356608396	0.14999998
2356802040	0.14999998
2359079630	0.14999998
2362424485	0.14999998
23662753	0.14999998
23693806	0.14999998
2372227478	0.14999998
237295889	0.14999998
2375479933	0.14999998
2377116787	0.14999998
2380491180	0.14999998
2383717754	0.14999998
2385457856	0.14999998
2385944899	0.14999998
2385987007	0.14999998
23861293	0.14999998
2387980848	0.14999998
239690107	0.14999998
239958055	0.14999998
2400261865	0.14999998
2400311742	0.14999998
240377633	0.14999998
241260070	0.14999998
2413664017	0.14999998
2414833674	0.14999998
2414877108	0.14999998
2414906984	0.14999998
2414988282	0.14999998
2421098443	0.14999998
2421291205	0.14999998
242211170	0.14999998
2423650029	0.14999998
2423710675	0.14999998
2424542300	0.14999998
2424583266	0.14999998
2426178704	0.14999998
2427241285	0.14999998
2427265178	0.14999998
24303232	0.14999998
2431138237	0.14999998
2431894393	0.14999998
243276682	0.14999998
2433096164	0.14999998
2434667474	0.14999998
2435344904	0.14999998
2435483478	0.14999998
2435545358	0.14999998
2435617675	0.14999998
2435655145	0.14999998
2436467784	0.14999998
243692482	0.14999998
2437103370	0.14999998
2439118550	0.14999998
24393453	0.14999998
2440274030	0.14999998
2440310750	0.14999998
2440346065	0.14999998
2440396680	0.14999998
2440465519	0.14999998
244242920	0.14999998
2442488953	0.14999998
24428801	0.14999998
2443141226	0.14999998
2444882707	0.14999998
2445382134	0.14999998
2445561206	0.14999998
2447928920	0.14999998
24515114	0.14999998
245193794	0.14999998
2453857040	0.14999998
245540050	0.14999998
2455775754	0.14999998
2457395341	0.14999998
2457973316	0.14999998
2459022722	0.14999998
245956492	0.14999998
2460411168	0.14999998
2460467689	0.14999998
24613420	0.14999998
24618777	0.14999998
2463065714	0.14999998
2463782288	0.14999998
2463847158	0.14999998
2464784378	0.14999998
24647967	0.14999998
2468392196	0.14999998
2469546277	0.14999998
2470102453	0.14999998
24710832	0.14999998
247129083	0.14999998
247176719	0.14999998
2473158204	0.14999998
2473164620	0.14999998
2474838727	0.14999998
2476888171	0.14999998
2477535198	0.14999998
2477604932	0.14999998
2477670968	0.14999998
2478990943	0.14999998
2480827290	0.14999998
2480951786	0.14999998
2483045534	0.14999998
2483060934	0.14999998
2483091660	0.14999998
2483260820	0.14999998
2483277722	0.14999998
2483318750	0.14999998
2484784825	0.14999998
2486374855	0.14999998
248672900	0.14999998
2487791838	0.14999998
24884799	0.14999998
2488916414	0.14999998
2490604044	0.14999998
2490644965	0.14999998
24931820	0.14999998
2493776618	0.14999998
2497155344	0.14999998
2497275403	0.14999998
2497680109	0.14999998
2497773692	0.14999998
250057361	0.14999998
2502877615	0.14999998
25072474	0.14999998
2510302130	0.14999998
2510365729	0.14999998
2511039841	0.14999998
25115086	0.14999998
25120411	0.14999998
2512045975	0.14999998
2512484821	0.14999998
2513785820	0.14999998
2513966058	0.14999998
2514013075	0.14999998
2514026192	0.14999998
2516040014	0.14999998
2516334476	0.14999998
2516545195	0.14999998
2517039865	0.14999998
2518124017	0.14999998
2519554788	0.14999998
2520185658	0.14999998
2520214992	0.14999998
2520234312	0.14999998
2520253956	0.14999998
2520529320	0.14999998
2520753216	0.14999998
2521739210	0.14999998
2521739388	0.14999998
2521757300	0.14999998
2521770968	0.14999998
2521774206	0.14999998
25234870	0.14999998
252514892	0.14999998
2525155513	0.14999998
25253796	0.14999998
252773576	0.14999998
25290349	0.14999998
2529128598	0.14999998
2529334046	0.14999998
2529595999	0.14999998
2531939472	0.14999998
253675480	0.14999998
2536788791	0.14999998
2538113785	0.14999998
254064153	0.14999998
2541139646	0.14999998
2541813918	0.14999998
2541891632	0.14999998
2541923156	0.14999998
2542489340	0.14999998
2542526522	0.14999998
2542851289	0.14999998
2543428369	0.14999998
254345961	0.14999998
2544478364	0.14999998
2545034461	0.14999998
2545212308	0.14999998
2545293830	0.14999998
2545864813	0.14999998
2546889186	0.14999998
2546935291	0.14999998
2547187608	0.14999998
2547188041	0.14999998
2547222918	0.14999998
2547290617	0.14999998
254729515	0.14999998
254908062	0.14999998
2549128200	0.14999998
2551401474	0.14999998
2551736942	0.14999998
2551905913	0.14999998
2558046752	0.14999998
2558096240	0.14999998
2558142553	0.14999998
2558343062	0.14999998
2558498077	0.14999998
2558671560	0.14999998
2558692572	0.14999998
2558780481	0.14999998
2558796372	0.14999998
2559337945	0.14999998
2559636829	0.14999998
2560240356	0.14999998
2560618530	0.14999998
2560774490	0.14999998
2560842150	0.14999998
2560871077	0.14999998
2561683352	0.14999998
2561962950	0.14999998
2562048781	0.14999998
2562167996	0.14999998
2562379892	0.14999998
2562566330	0.14999998
2562660817	0.14999998
2562701298	0.14999998
256322461	0.14999998
2566179372	0.14999998
2566243057	0.14999998
2566308277	0.14999998
2566458096	0.14999998
256889606	0.14999998
2570489136	0.14999998
2570534082	0.14999998
257111338	0.14999998
2572323428	0.14999998
2572563200	0.14999998
2573100180	0.14999998
2573195443	0.14999998
2573210084	0.14999998
2573219300	0.14999998
2573246282	0.14999998
2573997704	0.14999998
2574044737	0.14999998
2574077917	0.14999998
2574095582	0.14999998
2574488893	0.14999998
2574860244	0.14999998
257608218	0.14999998
257802719	0.14999998
25797807	0.14999998
2584594087	0.14999998
2586017676	0.14999998
2586315260	0.14999998
25879941	0.14999998
2589647142	0.14999998
2589692922	0.14999998
2589734406	0.14999998
2589760213	0.14999998
2591058054	0.14999998
2591088098	0.14999998
2591107476	0.14999998
2591126952	0.14999998
2591134195	0.14999998
259494764	0.14999998
2598120396	0.14999998
2599347240	0.14999998
2599427263	0.14999998
2599432178	0.14999998
2600071410	0.14999998
2600977238	0.14999998
2601010897	0.14999998
2601025729	0.14999998
2601929005	0.14999998
2609999594	0.14999998
2610026922	0.14999998
2610027482	0.14999998
2610034837	0.14999998
261031518	0.14999998
26103471	0.14999998
2611581830	0.14999998
2611839480	0.14999998
2611858165	0.14999998
2611894286	0.14999998
2611930801	0.14999998
26166011	0.14999998
262887351	0.14999998
26308290	0.14999998
263860145	0.14999998
26415984	0.14999998
26468371	0.14999998
265318699	0.14999998
2659473481	0.14999998
26604454	0.14999998
2666696816	0.14999998
26718451	0.14999998
2674468639	0.14999998
2680132284	0.14999998
2684763042	0.14999998
268648909	0.14999998
2687515982	0.14999998
2689791589	0.14999998
2690573503	0.14999998
2692801200	0.14999998
269481325	0.14999998
2695590798	0.14999998
2696585702	0.14999998
2709903199	0.14999998
271459200	0.14999998
27164232	0.14999998
27199826	0.14999998
272357931	0.14999998
2727546311	0.14999998
27284306	0.14999998
2730855593	0.14999998
2734698626	0.14999998
2736692525	0.14999998
2736894074	0.14999998
2737365409	0.14999998
2741838917	0.14999998
274217373	0.14999998
2748641509	0.14999998
2750710350	0.14999998
2751194333	0.14999998
2752899902	0.14999998
2754013260	0.14999998
2754345013	0.14999998
2754704239	0.14999998
2756364883	0.14999998
275676002	0.14999998
2757388535	0.14999998
2757875410	0.14999998
276126766	0.14999998
2761763315	0.14999998
2762558867	0.14999998
2762794756	0.14999998
2762922137	0.14999998
2765664118	0.14999998
2768438704	0.14999998
2769703270	0.14999998
2770793447	0.14999998
2772601852	0.14999998
2772914821	0.14999998
2773688905	0.14999998
2773910469	0.14999998
2776954038	0.14999998
2780604074	0.14999998
2781274037	0.14999998
2783118875	0.14999998
2783502065	0.14999998
2783688857	0.14999998
278414888	0.14999998
2786634639	0.14999998
2790163941	0.14999998
27914530	0.14999998
2793885015	0.14999998
2795260984	0.14999998
2798143788	0.14999998
2798653510	0.14999998
2798860966	0.14999998
2800972568	0.14999998
2802620730	0.14999998
2803893447	0.14999998
2806344577	0.14999998
2810351260	0.14999998
2811409028	0.14999998
2812134266	0.14999998
281335763	0.14999998
2813432880	0.14999998
2817584732	0.14999998
2818985232	0.14999998
2821422789	0.14999998
2821905860	0.14999998
2823763911	0.14999998
2828456851	0.14999998
28286587	0.14999998
2830849059	0.14999998
2832291375	0.14999998
2834130400	0.14999998
283924580	0.14999998
2842852898	0.14999998
2847020799	0.14999998
2848624763	0.14999998
2849940664	0.14999998
285111689	0.14999998
285187223	0.14999998
28581207	0.14999998
2858647806	0.14999998
285871622	0.14999998
2860263182	0.14999998
286615330	0.14999998
28667207	0.14999998
2868040129	0.14999998
2871573916	0.14999998
2871636375	0.14999998
2872500201	0.14999998
287510796	0.14999998
28759529	0.14999998
2879010144	0.14999998
2879022646	0.14999998
2885711208	0.14999998
2886361155	0.14999998
2886932446	0.14999998
2888531452	0.14999998
28885426	0.14999998
2889972413	0.14999998
2892739733	0.14999998
2895276587	0.14999998
2895388132	0.14999998
2895774329	0.14999998
2895915621	0.14999998
2896018593	0.14999998
2896044141	0.14999998
2896686750	0.14999998
2900497965	0.14999998
2903110151	0.14999998
2903682974	0.14999998
2904061098	0.14999998
2904645425	0.14999998
29054523	0.14999998
2911878552	0.14999998
2912072247	0.14999998
2912095582	0.14999998
2912455268	0.14999998
2912801554	0.14999998
2913469185	0.14999998
2915039698	0.14999998
2916230596	0.14999998
2920184174	0.14999998
2923161125	0.14999998
2924623681	0.14999998
2925126565	0.14999998
29287100	0.14999998
2930397639	0.14999998
2931312159	0.14999998
2931615593	0.14999998
2932432814	0.14999998
293668687	0.14999998
2941745561	0.14999998
2946088539	0.14999998
29520123	0.14999998
295392822	0.14999998
2958998054	0.14999998
2959516385	0.14999998
2961437163	0.14999998
2963643124	0.14999998
29644961	0.14999998
2967034496	0.14999998
2968214603	0.14999998
2968578750	0.14999998
2968666129	0.14999998
29687448	0.14999998
2968815778	0.14999998
2968868020	0.14999998
2970371600	0.14999998
2972367059	0.14999998
2972708349	0.14999998
2973969299	0.14999998
2974936475	0.14999998
2974998820	0.14999998
2975441660	0.14999998
2976286540	0.14999998
2977723295	0.14999998
2982339206	0.14999998
298246936	0.14999998
2985818862	0.14999998
2985847062	0.14999998
2986202697	0.14999998
2986622194	0.14999998
2987775689	0.14999998
2987913209	0.14999998
2988838710	0.14999998
2989215966	0.14999998
2991056838	0.14999998
2992477557	0.14999998
2994454250	0.14999998
2997013028	0.14999998
2997341832	0.14999998
2998782884	0.14999998
3002100596	0.14999998
3004561936	0.14999998
3006647632	0.14999998
3009542394	0.14999998
3009552116	0.14999998
30098358	0.14999998
30113224	0.14999998
3011500585	0.14999998
3012312726	0.14999998
3013702747	0.14999998
3014518981	0.14999998
301768320	0.14999998
3018464680	0.14999998
3020853470	0.14999998
3022836902	0.14999998
3023045008	0.14999998
30235277	0.14999998
30241783	0.14999998
3024285592	0.14999998
3024686700	0.14999998
3024794532	0.14999998
3024856423	0.14999998
3026988890	0.14999998
3027017436	0.14999998
3027039282	0.14999998
3027055218	0.14999998
3027069914	0.14999998
3027109656	0.14999998
3027120266	0.14999998
3027128060	0.14999998
3027138908	0.14999998
3027232146	0.14999998
3027237724	0.14999998
3027252643	0.14999998
3027266017	0.14999998
3027280615	0.14999998
3027286566	0.14999998
3027290414	0.14999998
3027299419	0.14999998
3027332107	0.14999998
3028030752	0.14999998
3028247079	0.14999998
3028511587	0.14999998
3028851212	0.14999998
3029943511	0.14999998
3030907170	0.14999998
3030929809	0.14999998
3030939474	0.14999998
3030945205	0.14999998
3030952956	0.14999998
3030962090	0.14999998
3030973770	0.14999998
3031028527	0.14999998
3031134720	0.14999998
3031142892	0.14999998
3031185756	0.14999998
3031195058	0.14999998
3031244431	0.14999998
3031917623	0.14999998
3032032871	0.14999998
3038107536	0.14999998
3038260812	0.14999998
3038264936	0.14999998
3038282676	0.14999998
3038287009	0.14999998
3038297336	0.14999998
3038309876	0.14999998
3038322254	0.14999998
3038331926	0.14999998
3038340344	0.14999998
3038351108	0.14999998
3038361595	0.14999998
3038380609	0.14999998
3038422253	0.14999998
3039006156	0.14999998
3039821712	0.14999998
3039855500	0.14999998
3039885745	0.14999998
3040516770	0.14999998
3041975059	0.14999998
3044198697	0.14999998
3044727573	0.14999998
304594462	0.14999998
3046573181	0.14999998
3046597546	0.14999998
3047198523	0.14999998
3051781322	0.14999998
3052509402	0.14999998
3052746715	0.14999998
3053032687	0.14999998
3053360258	0.14999998
3053992470	0.14999998
3054004326	0.14999998
3054092665	0.14999998
3054124897	0.14999998
3054135146	0.14999998
3054200534	0.14999998
3054346369	0.14999998
3054665809	0.14999998
3054989192	0.14999998
3055019238	0.14999998
3055154484	0.14999998
3055162358	0.14999998
3055641318	0.14999998
3055756890	0.14999998
3056150047	0.14999998
3057079111	0.14999998
3057210684	0.14999998
3057684163	0.14999998
3058013994	0.14999998
3058075127	0.14999998
3062949434	0.14999998
3063277571	0.14999998
3063585179	0.14999998
3064388656	0.14999998
306610628	0.14999998
3066198028	0.14999998
3066380613	0.14999998
3066383458	0.14999998
3066445547	0.14999998
3066545500	0.14999998
3066792748	0.14999998
3067059263	0.14999998
3067072911	0.14999998
3067494227	0.14999998
3067648583	0.14999998
3067720541	0.14999998
3069051065	0.14999998
3069142294	0.14999998
3069411875	0.14999998
3069536866	0.14999998
3070340824	0.14999998
3071556705	0.14999998
3075038879	0.14999998
3075672859	0.14999998
307705885	0.14999998
3082024021	0.14999998
3082177902	0.14999998
308278376	0.14999998
308547135	0.14999998
308611724	0.14999998
3086614812	0.14999998
3088545041	0.14999998
3091394695	0.14999998
3091455286	0.14999998
309581107	0.14999998
3102089024	0.14999998
3102288957	0.14999998
3105221001	0.14999998
31064943	0.14999998
311119739	0.14999998
311773052	0.14999998
31197151	0.14999998
312106362	0.14999998
312171443	0.14999998
312388583	0.14999998
312442251	0.14999998
312900736	0.14999998
314249532	0.14999998
314367890	0.14999998
31464331	0.14999998
31473466	0.14999998
315273687	0.14999998
315354472	0.14999998
31543363	0.14999998
316295629	0.14999998
316404325	0.14999998
318441158	0.14999998
320223105	0.14999998
320338351	0.14999998
32147824	0.14999998
321920541	0.14999998
322711605	0.14999998
323255926	0.14999998
323296743	0.14999998
324026390	0.14999998
324431545	0.14999998
325248339	0.14999998
326247835	0.14999998
328303371	0.14999998
328853679	0.14999998
32952592	0.14999998
329945200	0.14999998
33090324	0.14999998
331422529	0.14999998
33264898	0.14999998
334818352	0.14999998
335046592	0.14999998
33563621	0.14999998
33575075	0.14999998
33575426	0.14999998
336121948	0.14999998
3364321	0.14999998
337631471	0.14999998
33780561	0.14999998
338373100	0.14999998
34068728	0.14999998
34296805	0.14999998
343191781	0.14999998
34387259	0.14999998
343937111	0.14999998
345398377	0.14999998
345544933	0.14999998
34716975	0.14999998
34852731	0.14999998
348757190	0.14999998
349301385	0.14999998
35114617	0.14999998
35193275	0.14999998
35224871	0.14999998
352372814	0.14999998
35365619	0.14999998
354106028	0.14999998
35487999	0.14999998
35727382	0.14999998
358284232	0.14999998
358295250	0.14999998
358299951	0.14999998
358300640	0.14999998
358304940	0.14999998
358738843	0.14999998
359192398	0.14999998
35934999	0.14999998
35969984	0.14999998
360087126	0.14999998
360884605	0.14999998
36212060	0.14999998
3623021	0.14999998
363463815	0.14999998
36437130	0.14999998
364980360	0.14999998
36506545	0.14999998
36510929	0.14999998
365288023	0.14999998
36564260	0.14999998
36612835	0.14999998
366537967	0.14999998
366738693	0.14999998
368409800	0.14999998
370990786	0.14999998
37102864	0.14999998
372053151	0.14999998
372559098	0.14999998
37273570	0.14999998
374289812	0.14999998
374575390	0.14999998
374610842	0.14999998
37575233	0.14999998
37603669	0.14999998
37646209	0.14999998
3771171	0.14999998
37910695	0.14999998
379815827	0.14999998
379816465	0.14999998
37996701	0.14999998
38017178	0.14999998
380781345	0.14999998
380943067	0.14999998
381217815	0.14999998
38131856	0.14999998
38332931	0.14999998
384006375	0.14999998
385571098	0.14999998
38569614	0.14999998
38587085	0.14999998
387436114	0.14999998
38859169	0.14999998
38964501	0.14999998
39048435	0.14999998
390561559	0.14999998
390957441	0.14999998
391664471	0.14999998
392416761	0.14999998
393145337	0.14999998
393650409	0.14999998
395536339	0.14999998
396175921	0.14999998
397949068	0.14999998
398262710	0.14999998
39939493	0.14999998
39979990	0.14999998
402154483	0.14999998
402340435	0.14999998
40241904	0.14999998
40289111	0.14999998
403070344	0.14999998
40374935	0.14999998
403846162	0.14999998
4044361	0.14999998
404592706	0.14999998
40631133	0.14999998
406727658	0.14999998
40761617	0.14999998
407895929	0.14999998
410166430	0.14999998
41035939	0.14999998
41097225	0.14999998
41139889	0.14999998
412567562	0.14999998
41420332	0.14999998
41712041	0.14999998
417256628	0.14999998
417632113	0.14999998
41837938	0.14999998
421343508	0.14999998
42176183	0.14999998
421812337	0.14999998
422106699	0.14999998
42234421	0.14999998
42326789	0.14999998
423501485	0.14999998
423958698	0.14999998
423985204	0.14999998
42490625	0.14999998
42550002	0.14999998
42585300	0.14999998
426091279	0.14999998
427701172	0.14999998
42813519	0.14999998
42858599	0.14999998
430910759	0.14999998
43094882	0.14999998
43112283	0.14999998
431813145	0.14999998
43450719	0.14999998
435440167	0.14999998
43563011	0.14999998
43698437	0.14999998
438699432	0.14999998
439579676	0.14999998
440144494	0.14999998
442308094	0.14999998
442414705	0.14999998
44314358	0.14999998
443213589	0.14999998
444660256	0.14999998
445816267	0.14999998
446503703	0.14999998
446637044	0.14999998
4475091	0.14999998
44773468	0.14999998
44843270	0.14999998
44997977	0.14999998
45056461	0.14999998
453790845	0.14999998
45390431	0.14999998
454392264	0.14999998
45463387	0.14999998
455245270	0.14999998
45548860	0.14999998
45589224	0.14999998
45745017	0.14999998
458569560	0.14999998
458588328	0.14999998
458672048	0.14999998
459779185	0.14999998
461635838	0.14999998
461747437	0.14999998
4642951	0.14999998
464384144	0.14999998
464836260	0.14999998
465825439	0.14999998
466818805	0.14999998
466821972	0.14999998
46702086	0.14999998
47033183	0.14999998
470609177	0.14999998
470908834	0.14999998
471433948	0.14999998
47210557	0.14999998
47272490	0.14999998
474304890	0.14999998
474382655	0.14999998
47466055	0.14999998
476662287	0.14999998
47703013	0.14999998
477171208	0.14999998
477261135	0.14999998
47843	0.14999998
478979106	0.14999998
48123735	0.14999998
48169508	0.14999998
48280596	0.14999998
483064695	0.14999998
485382140	0.14999998
485494122	0.14999998
48597029	0.14999998
486755883	0.14999998
487924116	0.14999998
488646335	0.14999998
488810452	0.14999998
49024145	0.14999998
49025419	0.14999998
49099638	0.14999998
49104992	0.14999998
492568007	0.14999998
49448986	0.14999998
49537735	0.14999998
496039529	0.14999998
49642166	0.14999998
497372206	0.14999998
50148845	0.14999998
50177984	0.14999998
507963717	0.14999998
513251572	0.14999998
513557825	0.14999998
514301654	0.14999998
515780586	0.14999998
51599407	0.14999998
518818549	0.14999998
519290659	0.14999998
51985805	0.14999998
52095991	0.14999998
52340559	0.14999998
525885295	0.14999998
52609099	0.14999998
52615153	0.14999998
52718672	0.14999998
528992446	0.14999998
529254470	0.14999998
52958940	0.14999998
529643920	0.14999998
52984426	0.14999998
53037840	0.14999998
5306652	0.14999998
532404625	0.14999998
533398463	0.14999998
53414069	0.14999998
534498392	0.14999998
534877240	0.14999998
53514622	0.14999998
53594170	0.14999998
536102244	0.14999998
537128946	0.14999998
5403552	0.14999998
54094470	0.14999998
542204113	0.14999998
54419125	0.14999998
54643082	0.14999998
548112921	0.14999998
54934215	0.14999998
549673518	0.14999998
55171633	0.14999998
552169784	0.14999998
55282754	0.14999998
553461827	0.14999998
554054029	0.14999998
55424701	0.14999998
555525022	0.14999998
555918043	0.14999998
556507503	0.14999998
558701945	0.14999998
559434938	0.14999998
560426115	0.14999998
560859074	0.14999998
562132605	0.14999998
56463557	0.14999998
56494802	0.14999998
565121434	0.14999998
569653321	0.14999998
569954157	0.14999998
570108594	0.14999998
570481298	0.14999998
57183670	0.14999998
57343654	0.14999998
576454751	0.14999998
576801455	0.14999998
582252198	0.14999998
583261582	0.14999998
583425541	0.14999998
584837915	0.14999998
586068029	0.14999998
587737606	0.14999998
59040319	0.14999998
592096380	0.14999998
59333989	0.14999998
594561393	0.14999998
600115370	0.14999998
60092805	0.14999998
602184380	0.14999998
602908469	0.14999998
604745064	0.14999998
60596900	0.14999998
60639656	0.14999998
6096882	0.14999998
6107302	0.14999998
61209231	0.14999998
612457394	0.14999998
61255546	0.14999998
613236326	0.14999998
618388111	0.14999998
618862388	0.14999998
619948244	0.14999998
62155958	0.14999998
62309372	0.14999998
62743904	0.14999998
629972636	0.14999998
630577679	0.14999998
633062654	0.14999998
636326835	0.14999998
64822219	0.14999998
6517732	0.14999998
65189943	0.14999998
67311023	0.14999998
67975628	0.14999998
68090711	0.14999998
68779287	0.14999998
68871144	0.14999998
69303610	0.14999998
7028602	0.14999998
70306883	0.14999998
705890929	0.14999998
70748534	0.14999998
709635912	0.14999998
710009036	0.14999998
713703260	0.14999998
71776461	0.14999998
718626564	0.14999998
720844330	0.14999998
7213952	0.14999998
72261425	0.14999998
725777713	0.14999998
72781403	0.14999998
73074106	0.14999998
73541336	0.14999998
737957498	0.14999998
73972116	0.14999998
742234358	0.14999998
74333952	0.14999998
74815234	0.14999998
75059992	0.14999998
752836645	0.14999998
75346149	0.14999998
753649260	0.14999998
75455141	0.14999998
756132306	0.14999998
756411806	0.14999998
756949772	0.14999998
75718330	0.14999998
75738534	0.14999998
761609510	0.14999998
763949940	0.14999998
765554804	0.14999998
7657522	0.14999998
76642854	0.14999998
766675914	0.14999998
76744795	0.14999998
772467205	0.14999998
772817671	0.14999998
777992894	0.14999998
779098418	0.14999998
781014	0.14999998
793654387	0.14999998
803977459	0.14999998
809717508	0.14999998
810053322	0.14999998
811218812	0.14999998
812291096	0.14999998
81458491	0.14999998
815942090	0.14999998
81638643	0.14999998
816527365	0.14999998
81706093	0.14999998
81715790	0.14999998
82131836	0.14999998
821464674	0.14999998
824507592	0.14999998
825308972	0.14999998
825744584	0.14999998
83180939	0.14999998
833689177	0.14999998
834074802	0.14999998
83516628	0.14999998
83687309	0.14999998
839705228	0.14999998
8407412	0.14999998
848657047	0.14999998
849824095	0.14999998
8541322	0.14999998
856549532	0.14999998
858298832	0.14999998
85941136	0.14999998
86589070	0.14999998
866937038	0.14999998
86822482	0.14999998
869067559	0.14999998
87269828	0.14999998
87464270	0.14999998
874763028	0.14999998
876168212	0.14999998
877933404	0.14999998
87822271	0.14999998
88138568	0.14999998
882117229	0.14999998
887704477	0.14999998
88821067	0.14999998
89386309	0.14999998
89431676	0.14999998
89901149	0.14999998
89904900	0.14999998
903932810	0.14999998
90621602	0.14999998
90727086	0.14999998
91150434	0.14999998
91632750	0.14999998
92001490	0.14999998
92236235	0.14999998
92335219	0.14999998
92386636	0.14999998
92562388	0.14999998
93102196	0.14999998
932502344	0.14999998
93279692	0.14999998
935108762	0.14999998
940108926	0.14999998
94058277	0.14999998
94150003	0.14999998
942634814	0.14999998
946957866	0.14999998
94766921	0.14999998
94999021	0.14999998
95107840	0.14999998
95651209	0.14999998
960795379	0.14999998
96116489	0.14999998
96566924	0.14999998
96679651	0.14999998
9672222	0.14999998
96917409	0.14999998
973698306	0.14999998
974401542	0.14999998
975535279	0.14999998
977984095	0.14999998
99341998	0.14999998
996217357	0.14999998
99716658	0.14999998
9972002	0.14999998
